10 10 0 0 0 0 0 0 
10 11.0501 0 0 0 0 0 0 
10 12.2106 0 0 0 0 0 0 
10 13.4928 0 0 0 0 0 0 
10 14.9098 0 0 0 0 0 0 
10 16.4755 0 0 0 0 0 0 
10 18.2056 0 0 0 0 0 0 
10 20.1175 0 0 0 0 0 0 
10 22.2301 0 0 0 0 0 0 
10 24.5646 0 0 0 0 0 0 
10 27.1442 0 0 0 0 0 0 
10 29.9947 0 0 0 0 0 0 
10 33.1445 0 0 0 0 0 0 
10 36.6252 0 0 0 0 0 0 
10 40.4713 0 0 0 0 0 0 
10 44.7214 0 0 0 0 0 0 
10 49.4177 0 0 0 0 0 0 
10 54.6073 0 0 0 0 0 0 
10 60.3418 0 0 0 0 0 0 
10 66.6785 0 0 0 0 0 0 
10 73.6806 0 0 0 0 0 0 
10 81.4181 0 0 0 0 0 0 
10 89.9681 0 0 0 0 0 0 
10 99.416 0 0 0 0 0 0 
10 109.856 0 0 0 0 0 0 
10 121.392 0 0 0 0 0 0 
10 134.14 0 0 0 0 0 0 
10 148.227 0 0 0 0 0 0 
10 163.793 0 0 0 0 0 0 
10 180.993 0 0 0 0 0 0 
10 200 0 0 0 0 0 0 
11.0501 10 1.08152e-38 4.16217e-39 1.08152e-38 4.16217e-39 5.267e-39 1.55902e-39 
11.0501 11.0501 0 0 0 0 0 0 
11.0501 12.2106 0 0 0 0 0 0 
11.0501 13.4928 0 0 0 0 0 0 
11.0501 14.9098 0 0 0 0 0 0 
11.0501 16.4755 0 0 0 0 0 0 
11.0501 18.2056 0 0 0 0 0 0 
11.0501 20.1175 0 0 0 0 0 0 
11.0501 22.2301 0 0 0 0 0 0 
11.0501 24.5646 0 0 0 0 0 0 
11.0501 27.1442 0 0 0 0 0 0 
11.0501 29.9947 0 0 0 0 0 0 
11.0501 33.1445 0 0 0 0 0 0 
11.0501 36.6252 0 0 0 0 0 0 
11.0501 40.4713 0 0 0 0 0 0 
11.0501 44.7214 0 0 0 0 0 0 
11.0501 49.4177 0 0 0 0 0 0 
11.0501 54.6073 0 0 0 0 0 0 
11.0501 60.3418 0 0 0 0 0 0 
11.0501 66.6785 0 0 0 0 0 0 
11.0501 73.6806 0 0 0 0 0 0 
11.0501 81.4181 0 0 0 0 0 0 
11.0501 89.9681 0 0 0 0 0 0 
11.0501 99.416 0 0 0 0 0 0 
11.0501 109.856 0 0 0 0 0 0 
11.0501 121.392 0 0 0 0 0 0 
11.0501 134.14 0 0 0 0 0 0 
11.0501 148.227 0 0 0 0 0 0 
11.0501 163.793 0 0 0 0 0 0 
11.0501 180.993 0 0 0 0 0 0 
11.0501 200 0 0 0 0 0 0 
12.2106 10 1.04369e-38 3.61875e-39 1.04369e-38 3.61875e-39 4.75076e-39 1.08734e-39 
12.2106 11.0501 1.07468e-38 4.15938e-39 1.07468e-38 4.15938e-39 5.58133e-39 1.704e-39 
12.2106 12.2106 0 0 0 0 0 0 
12.2106 13.4928 0 0 0 0 0 0 
12.2106 14.9098 0 0 0 0 0 0 
12.2106 16.4755 0 0 0 0 0 0 
12.2106 18.2056 0 0 0 0 0 0 
12.2106 20.1175 0 0 0 0 0 0 
12.2106 22.2301 0 0 0 0 0 0 
12.2106 24.5646 0 0 0 0 0 0 
12.2106 27.1442 0 0 0 0 0 0 
12.2106 29.9947 0 0 0 0 0 0 
12.2106 33.1445 0 0 0 0 0 0 
12.2106 36.6252 0 0 0 0 0 0 
12.2106 40.4713 0 0 0 0 0 0 
12.2106 44.7214 0 0 0 0 0 0 
12.2106 49.4177 0 0 0 0 0 0 
12.2106 54.6073 0 0 0 0 0 0 
12.2106 60.3418 0 0 0 0 0 0 
12.2106 66.6785 0 0 0 0 0 0 
12.2106 73.6806 0 0 0 0 0 0 
12.2106 81.4181 0 0 0 0 0 0 
12.2106 89.9681 0 0 0 0 0 0 
12.2106 99.416 0 0 0 0 0 0 
12.2106 109.856 0 0 0 0 0 0 
12.2106 121.392 0 0 0 0 0 0 
12.2106 134.14 0 0 0 0 0 0 
12.2106 148.227 0 0 0 0 0 0 
12.2106 163.793 0 0 0 0 0 0 
12.2106 180.993 0 0 0 0 0 0 
12.2106 200 0 0 0 0 0 0 
13.4928 10 1.01882e-38 3.15994e-39 1.01882e-38 3.15994e-39 4.65148e-39 8.48587e-40 
13.4928 11.0501 1.04072e-38 3.64702e-39 1.04072e-38 3.64702e-39 5.06897e-39 1.21104e-39 
13.4928 12.2106 1.06865e-38 4.16225e-39 1.06865e-38 4.16225e-39 5.8743e-39 1.84432e-39 
13.4928 13.4928 0 0 0 0 0 0 
13.4928 14.9098 0 0 0 0 0 0 
13.4928 16.4755 0 0 0 0 0 0 
13.4928 18.2056 0 0 0 0 0 0 
13.4928 20.1175 0 0 0 0 0 0 
13.4928 22.2301 0 0 0 0 0 0 
13.4928 24.5646 0 0 0 0 0 0 
13.4928 27.1442 0 0 0 0 0 0 
13.4928 29.9947 0 0 0 0 0 0 
13.4928 33.1445 0 0 0 0 0 0 
13.4928 36.6252 0 0 0 0 0 0 
13.4928 40.4713 0 0 0 0 0 0 
13.4928 44.7214 0 0 0 0 0 0 
13.4928 49.4177 0 0 0 0 0 0 
13.4928 54.6073 0 0 0 0 0 0 
13.4928 60.3418 0 0 0 0 0 0 
13.4928 66.6785 0 0 0 0 0 0 
13.4928 73.6806 0 0 0 0 0 0 
13.4928 81.4181 0 0 0 0 0 0 
13.4928 89.9681 0 0 0 0 0 0 
13.4928 99.416 0 0 0 0 0 0 
13.4928 109.856 0 0 0 0 0 0 
13.4928 121.392 0 0 0 0 0 0 
13.4928 134.14 0 0 0 0 0 0 
13.4928 148.227 0 0 0 0 0 0 
13.4928 163.793 0 0 0 0 0 0 
13.4928 180.993 0 0 0 0 0 0 
13.4928 200 0 0 0 0 0 0 
14.9098 10 9.95542e-39 2.74833e-39 9.95542e-39 2.74833e-39 4.65358e-39 6.92909e-40 
14.9098 11.0501 1.01447e-38 3.17428e-39 1.01447e-38 3.17428e-39 4.96277e-39 9.53394e-40 
14.9098 12.2106 1.03738e-38 3.67035e-39 1.03738e-38 3.67035e-39 5.36854e-39 1.33379e-39 
14.9098 13.4928 1.06404e-38 4.17785e-39 1.06404e-38 4.17785e-39 6.14777e-39 1.97991e-39 
14.9098 14.9098 0 0 0 0 0 0 
14.9098 16.4755 0 0 0 0 0 0 
14.9098 18.2056 0 0 0 0 0 0 
14.9098 20.1175 0 0 0 0 0 0 
14.9098 22.2301 0 0 0 0 0 0 
14.9098 24.5646 0 0 0 0 0 0 
14.9098 27.1442 0 0 0 0 0 0 
14.9098 29.9947 0 0 0 0 0 0 
14.9098 33.1445 0 0 0 0 0 0 
14.9098 36.6252 0 0 0 0 0 0 
14.9098 40.4713 0 0 0 0 0 0 
14.9098 44.7214 0 0 0 0 0 0 
14.9098 49.4177 0 0 0 0 0 0 
14.9098 54.6073 0 0 0 0 0 0 
14.9098 60.3418 0 0 0 0 0 0 
14.9098 66.6785 0 0 0 0 0 0 
14.9098 73.6806 0 0 0 0 0 0 
14.9098 81.4181 0 0 0 0 0 0 
14.9098 89.9681 0 0 0 0 0 0 
14.9098 99.416 0 0 0 0 0 0 
14.9098 109.856 0 0 0 0 0 0 
14.9098 121.392 0 0 0 0 0 0 
14.9098 134.14 0 0 0 0 0 0 
14.9098 148.227 0 0 0 0 0 0 
14.9098 163.793 0 0 0 0 0 0 
14.9098 180.993 0 0 0 0 0 0 
14.9098 200 0 0 0 0 0 0 
16.4755 10 9.75575e-39 2.40784e-39 9.75575e-39 2.40784e-39 4.68889e-39 5.82091e-40 
16.4755 11.0501 9.90719e-39 2.75757e-39 9.90719e-39 2.75757e-39 4.9583e-39 7.82838e-40 
16.4755 12.2106 1.00988e-38 3.18523e-39 1.00988e-38 3.18523e-39 5.25557e-39 1.05856e-39 
16.4755 13.4928 1.03377e-38 3.69009e-39 1.03377e-38 3.69009e-39 5.64995e-39 1.45488e-39 
16.4755 14.9098 1.06132e-38 4.20531e-39 1.06132e-38 4.20531e-39 6.40292e-39 2.11065e-39 
16.4755 16.4755 0 0 0 0 0 0 
16.4755 18.2056 0 0 0 0 0 0 
16.4755 20.1175 0 0 0 0 0 0 
16.4755 22.2301 0 0 0 0 0 0 
16.4755 24.5646 0 0 0 0 0 0 
16.4755 27.1442 0 0 0 0 0 0 
16.4755 29.9947 0 0 0 0 0 0 
16.4755 33.1445 0 0 0 0 0 0 
16.4755 36.6252 0 0 0 0 0 0 
16.4755 40.4713 0 0 0 0 0 0 
16.4755 44.7214 0 0 0 0 0 0 
16.4755 49.4177 0 0 0 0 0 0 
16.4755 54.6073 0 0 0 0 0 0 
16.4755 60.3418 0 0 0 0 0 0 
16.4755 66.6785 0 0 0 0 0 0 
16.4755 73.6806 0 0 0 0 0 0 
16.4755 81.4181 0 0 0 0 0 0 
16.4755 89.9681 0 0 0 0 0 0 
16.4755 99.416 0 0 0 0 0 0 
16.4755 109.856 0 0 0 0 0 0 
16.4755 121.392 0 0 0 0 0 0 
16.4755 134.14 0 0 0 0 0 0 
16.4755 148.227 0 0 0 0 0 0 
16.4755 163.793 0 0 0 0 0 0 
16.4755 180.993 0 0 0 0 0 0 
16.4755 200 0 0 0 0 0 0 
18.2056 10 9.58597e-39 2.13269e-39 9.58597e-39 2.13269e-39 4.73506e-39 5.00066e-40 
18.2056 11.0501 9.70649e-39 2.41581e-39 9.70649e-39 2.41581e-39 4.98851e-39 6.60349e-40 
18.2056 12.2106 9.85871e-39 2.7656e-39 9.85871e-39 2.7656e-39 5.24404e-39 8.73752e-40 
18.2056 13.4928 1.0052e-38 3.19412e-39 1.0052e-38 3.19412e-39 5.53042e-39 1.16335e-39 
18.2056 14.9098 1.03002e-38 3.7076e-39 1.03002e-38 3.7076e-39 5.9139e-39 1.57368e-39 
18.2056 16.4755 1.0591e-38 4.23399e-39 1.0591e-38 4.23399e-39 6.64097e-39 2.23655e-39 
18.2056 18.2056 0 0 0 0 0 0 
18.2056 20.1175 0 0 0 0 0 0 
18.2056 22.2301 0 0 0 0 0 0 
18.2056 24.5646 0 0 0 0 0 0 
18.2056 27.1442 0 0 0 0 0 0 
18.2056 29.9947 0 0 0 0 0 0 
18.2056 33.1445 0 0 0 0 0 0 
18.2056 36.6252 0 0 0 0 0 0 
18.2056 40.4713 0 0 0 0 0 0 
18.2056 44.7214 0 0 0 0 0 0 
18.2056 49.4177 0 0 0 0 0 0 
18.2056 54.6073 0 0 0 0 0 0 
18.2056 60.3418 0 0 0 0 0 0 
18.2056 66.6785 0 0 0 0 0 0 
18.2056 73.6806 0 0 0 0 0 0 
18.2056 81.4181 0 0 0 0 0 0 
18.2056 89.9681 0 0 0 0 0 0 
18.2056 99.416 0 0 0 0 0 0 
18.2056 109.856 0 0 0 0 0 0 
18.2056 121.392 0 0 0 0 0 0 
18.2056 134.14 0 0 0 0 0 0 
18.2056 148.227 0 0 0 0 0 0 
18.2056 163.793 0 0 0 0 0 0 
18.2056 180.993 0 0 0 0 0 0 
18.2056 200 0 0 0 0 0 0 
20.1175 10 9.44338e-39 1.9156e-39 9.44338e-39 1.9156e-39 4.78217e-39 4.38071e-40 
20.1175 11.0501 9.53934e-39 2.14262e-39 9.53934e-39 2.14262e-39 5.03041e-39 5.69121e-40 
20.1175 12.2106 9.65828e-39 2.42375e-39 9.65828e-39 2.42375e-39 5.26818e-39 7.3991e-40 
20.1175 13.4928 9.81e-39 2.77249e-39 9.81e-39 2.77249e-39 5.5113e-39 9.6496e-40 
20.1175 14.9098 1.00048e-38 3.2018e-39 1.00048e-38 3.2018e-39 5.78772e-39 1.2671e-39 
20.1175 16.4755 1.02603e-38 3.72203e-39 1.02603e-38 3.72203e-39 6.16091e-39 1.68973e-39 
20.1175 18.2056 1.05669e-38 4.26484e-39 1.05669e-38 4.26484e-39 6.8626e-39 2.35745e-39 
20.1175 20.1175 0 0 0 0 0 0 
20.1175 22.2301 0 0 0 0 0 0 
20.1175 24.5646 0 0 0 0 0 0 
20.1175 27.1442 0 0 0 0 0 0 
20.1175 29.9947 0 0 0 0 0 0 
20.1175 33.1445 0 0 0 0 0 0 
20.1175 36.6252 0 0 0 0 0 0 
20.1175 40.4713 0 0 0 0 0 0 
20.1175 44.7214 0 0 0 0 0 0 
20.1175 49.4177 0 0 0 0 0 0 
20.1175 54.6073 0 0 0 0 0 0 
20.1175 60.3418 0 0 0 0 0 0 
20.1175 66.6785 0 0 0 0 0 0 
20.1175 73.6806 0 0 0 0 0 0 
20.1175 81.4181 0 0 0 0 0 0 
20.1175 89.9681 0 0 0 0 0 0 
20.1175 99.416 0 0 0 0 0 0 
20.1175 109.856 0 0 0 0 0 0 
20.1175 121.392 0 0 0 0 0 0 
20.1175 134.14 0 0 0 0 0 0 
20.1175 148.227 0 0 0 0 0 0 
20.1175 163.793 0 0 0 0 0 0 
20.1175 180.993 0 0 0 0 0 0 
20.1175 200 0 0 0 0 0 0 
22.2301 10 9.31995e-39 1.74138e-39 9.31995e-39 1.74138e-39 4.82597e-39 3.90628e-40 
22.2301 11.0501 9.39816e-39 1.92567e-39 9.39816e-39 1.92567e-39 5.07419e-39 4.99869e-40 
22.2301 12.2106 9.49374e-39 2.15265e-39 9.49374e-39 2.15265e-39 5.30503e-39 6.39677e-40 
22.2301 13.4928 9.61183e-39 2.43238e-39 9.61183e-39 2.43238e-39 5.52875e-39 8.20178e-40 
22.2301 14.9098 9.76163e-39 2.77872e-39 9.76163e-39 2.77872e-39 5.76078e-39 1.05585e-39 
22.2301 16.4755 9.95739e-39 3.20831e-39 9.95739e-39 3.20831e-39 6.02807e-39 1.36926e-39 
22.2301 18.2056 1.02172e-38 3.73246e-39 1.02172e-38 3.73246e-39 6.39148e-39 1.80257e-39 
22.2301 20.1175 1.05433e-38 4.2953e-39 1.05433e-38 4.2953e-39 7.06893e-39 2.47344e-39 
22.2301 22.2301 0 0 0 0 0 0 
22.2301 24.5646 0 0 0 0 0 0 
22.2301 27.1442 0 0 0 0 0 0 
22.2301 29.9947 0 0 0 0 0 0 
22.2301 33.1445 0 0 0 0 0 0 
22.2301 36.6252 0 0 0 0 0 0 
22.2301 40.4713 0 0 0 0 0 0 
22.2301 44.7214 0 0 0 0 0 0 
22.2301 49.4177 0 0 0 0 0 0 
22.2301 54.6073 0 0 0 0 0 0 
22.2301 60.3418 0 0 0 0 0 0 
22.2301 66.6785 0 0 0 0 0 0 
22.2301 73.6806 0 0 0 0 0 0 
22.2301 81.4181 0 0 0 0 0 0 
22.2301 89.9681 0 0 0 0 0 0 
22.2301 99.416 0 0 0 0 0 0 
22.2301 109.856 0 0 0 0 0 0 
22.2301 121.392 0 0 0 0 0 0 
22.2301 134.14 0 0 0 0 0 0 
22.2301 148.227 0 0 0 0 0 0 
22.2301 163.793 0 0 0 0 0 0 
22.2301 180.993 0 0 0 0 0 0 
22.2301 200 0 0 0 0 0 0 
24.5646 10 9.21188e-39 1.60379e-39 9.21188e-39 1.60379e-39 4.86456e-39 3.54022e-40 
24.5646 11.0501 9.27615e-39 1.753e-39 9.27615e-39 1.753e-39 5.11547e-39 4.46696e-40 
24.5646 12.2106 9.35393e-39 1.93651e-39 9.35393e-39 1.93651e-39 5.34475e-39 5.63282e-40 
24.5646 13.4928 9.44892e-39 2.16253e-39 9.44892e-39 2.16253e-39 5.55986e-39 7.11183e-40 
24.5646 14.9098 9.56645e-39 2.44114e-39 9.56645e-39 2.44114e-39 5.77104e-39 9.00579e-40 
24.5646 16.4755 9.71454e-39 2.78521e-39 9.71454e-39 2.78521e-39 5.99317e-39 1.14589e-39 
24.5646 18.2056 9.90963e-39 3.21359e-39 9.90963e-39 3.21359e-39 6.25225e-39 1.46936e-39 
24.5646 20.1175 1.01721e-38 3.7399e-39 1.01721e-38 3.7399e-39 6.60634e-39 1.91189e-39 
24.5646 22.2301 1.05185e-38 4.32365e-39 1.05185e-38 4.32365e-39 7.26059e-39 2.5845e-39 
24.5646 24.5646 0 0 0 0 0 0 
24.5646 27.1442 0 0 0 0 0 0 
24.5646 29.9947 0 0 0 0 0 0 
24.5646 33.1445 0 0 0 0 0 0 
24.5646 36.6252 0 0 0 0 0 0 
24.5646 40.4713 0 0 0 0 0 0 
24.5646 44.7214 0 0 0 0 0 0 
24.5646 49.4177 0 0 0 0 0 0 
24.5646 54.6073 0 0 0 0 0 0 
24.5646 60.3418 0 0 0 0 0 0 
24.5646 66.6785 0 0 0 0 0 0 
24.5646 73.6806 0 0 0 0 0 0 
24.5646 81.4181 0 0 0 0 0 0 
24.5646 89.9681 0 0 0 0 0 0 
24.5646 99.416 0 0 0 0 0 0 
24.5646 109.856 0 0 0 0 0 0 
24.5646 121.392 0 0 0 0 0 0 
24.5646 134.14 0 0 0 0 0 0 
24.5646 148.227 0 0 0 0 0 0 
24.5646 163.793 0 0 0 0 0 0 
24.5646 180.993 0 0 0 0 0 0 
24.5646 200 0 0 0 0 0 0 
27.1442 10 9.11617e-39 1.49494e-39 9.11617e-39 1.49494e-39 4.8972e-39 3.25616e-40 
27.1442 11.0501 9.16935e-39 1.61587e-39 9.16935e-39 1.61587e-39 5.15208e-39 4.05554e-40 
27.1442 12.2106 9.23328e-39 1.76456e-39 9.23328e-39 1.76456e-39 5.38306e-39 5.04487e-40 
27.1442 13.4928 9.31065e-39 1.94742e-39 9.31065e-39 1.94742e-39 5.59477e-39 6.27802e-40 
27.1442 14.9098 9.4051e-39 2.17246e-39 9.4051e-39 2.17246e-39 5.79586e-39 7.8313e-40 
27.1442 16.4755 9.5219e-39 2.44983e-39 9.5219e-39 2.44983e-39 5.99587e-39 9.80606e-40 
27.1442 18.2056 9.66903e-39 2.7923e-39 9.66903e-39 2.7923e-39 6.20926e-39 1.2346e-39 
27.1442 20.1175 9.86189e-39 3.21796e-39 9.86189e-39 3.21796e-39 6.46072e-39 1.56699e-39 
27.1442 22.2301 1.01265e-38 3.7458e-39 1.01265e-38 3.7458e-39 6.80609e-39 2.01749e-39 
27.1442 24.5646 1.04901e-38 4.34714e-39 1.04901e-38 4.34714e-39 7.43828e-39 2.69062e-39 
27.1442 27.1442 0 0 0 0 0 0 
27.1442 29.9947 0 0 0 0 0 0 
27.1442 33.1445 0 0 0 0 0 0 
27.1442 36.6252 0 0 0 0 0 0 
27.1442 40.4713 0 0 0 0 0 0 
27.1442 44.7214 0 0 0 0 0 0 
27.1442 49.4177 0 0 0 0 0 0 
27.1442 54.6073 0 0 0 0 0 0 
27.1442 60.3418 0 0 0 0 0 0 
27.1442 66.6785 0 0 0 0 0 0 
27.1442 73.6806 0 0 0 0 0 0 
27.1442 81.4181 0 0 0 0 0 0 
27.1442 89.9681 0 0 0 0 0 0 
27.1442 99.416 0 0 0 0 0 0 
27.1442 109.856 0 0 0 0 0 0 
27.1442 121.392 0 0 0 0 0 0 
27.1442 134.14 0 0 0 0 0 0 
27.1442 148.227 0 0 0 0 0 0 
27.1442 163.793 0 0 0 0 0 0 
27.1442 180.993 0 0 0 0 0 0 
27.1442 200 0 0 0 0 0 0 
29.9947 10 9.03068e-39 1.4094e-39 9.03068e-39 1.4094e-39 4.92368e-39 3.035e-40 
29.9947 11.0501 9.07487e-39 1.50741e-39 9.07487e-39 1.50741e-39 5.18324e-39 3.73571e-40 
29.9947 12.2106 9.12774e-39 1.62791e-39 9.12774e-39 1.62791e-39 5.41664e-39 4.58795e-40 
29.9947 13.4928 9.19134e-39 1.77607e-39 9.19134e-39 1.77607e-39 5.62876e-39 5.63393e-40 
29.9947 14.9098 9.26836e-39 1.95825e-39 9.26836e-39 1.95825e-39 5.82552e-39 6.92961e-40 
29.9947 16.4755 9.36223e-39 2.18242e-39 9.36223e-39 2.18242e-39 6.01407e-39 8.55032e-40 
29.9947 18.2056 9.4783e-39 2.45854e-39 9.4783e-39 2.45854e-39 6.20415e-39 1.0598e-39 
29.9947 20.1175 9.62459e-39 2.79955e-39 9.62459e-39 2.79955e-39 6.40962e-39 1.32156e-39 
29.9947 22.2301 9.81499e-39 3.22223e-39 9.81499e-39 3.22223e-39 6.6543e-39 1.66187e-39 
29.9947 24.5646 1.00804e-38 3.75053e-39 1.00804e-38 3.75053e-39 6.99127e-39 2.11916e-39 
29.9947 27.1442 1.04579e-38 4.36595e-39 1.04579e-38 4.36595e-39 7.60262e-39 2.79193e-39 
29.9947 29.9947 0 0 0 0 0 0 
29.9947 33.1445 0 0 0 0 0 0 
29.9947 36.6252 0 0 0 0 0 0 
29.9947 40.4713 0 0 0 0 0 0 
29.9947 44.7214 0 0 0 0 0 0 
29.9947 49.4177 0 0 0 0 0 0 
29.9947 54.6073 0 0 0 0 0 0 
29.9947 60.3418 0 0 0 0 0 0 
29.9947 66.6785 0 0 0 0 0 0 
29.9947 73.6806 0 0 0 0 0 0 
29.9947 81.4181 0 0 0 0 0 0 
29.9947 89.9681 0 0 0 0 0 0 
29.9947 99.416 0 0 0 0 0 0 
29.9947 109.856 0 0 0 0 0 0 
29.9947 121.392 0 0 0 0 0 0 
29.9947 134.14 0 0 0 0 0 0 
29.9947 148.227 0 0 0 0 0 0 
29.9947 163.793 0 0 0 0 0 0 
29.9947 180.993 0 0 0 0 0 0 
29.9947 200 0 0 0 0 0 0 
33.1445 10 8.95366e-39 1.34273e-39 8.95366e-39 1.34273e-39 4.94414e-39 2.86258e-40 
33.1445 11.0501 8.99061e-39 1.42218e-39 8.99061e-39 1.42218e-39 5.20857e-39 3.48646e-40 
33.1445 12.2106 9.03454e-39 1.51987e-39 9.03454e-39 1.51987e-39 5.44565e-39 4.2327e-40 
33.1445 13.4928 9.08711e-39 1.63996e-39 9.08711e-39 1.63996e-39 5.6595e-39 5.13352e-40 
33.1445 14.9098 9.15034e-39 1.78757e-39 9.15034e-39 1.78757e-39 5.85502e-39 6.23159e-40 
33.1445 16.4755 9.22689e-39 1.96909e-39 9.22689e-39 1.96909e-39 6.03797e-39 7.58339e-40 
33.1445 18.2056 9.32032e-39 2.1924e-39 9.32032e-39 2.1924e-39 6.21546e-39 9.26471e-40 
33.1445 20.1175 9.4357e-39 2.46736e-39 9.4357e-39 2.46736e-39 6.39673e-39 1.13778e-39 
33.1445 22.2301 9.58095e-39 2.80674e-39 9.58095e-39 2.80674e-39 6.59516e-39 1.40647e-39 
33.1445 24.5646 9.76984e-39 3.22727e-39 9.76984e-39 3.22727e-39 6.83363e-39 1.75377e-39 
33.1445 27.1442 1.00341e-38 3.75403e-39 1.00341e-38 3.75403e-39 7.16272e-39 2.21685e-39 
33.1445 29.9947 1.04238e-38 4.38214e-39 1.04238e-38 4.38214e-39 7.75452e-39 2.88855e-39 
33.1445 33.1445 0 0 0 0 0 0 
33.1445 36.6252 0 0 0 0 0 0 
33.1445 40.4713 0 0 0 0 0 0 
33.1445 44.7214 0 0 0 0 0 0 
33.1445 49.4177 0 0 0 0 0 0 
33.1445 54.6073 0 0 0 0 0 0 
33.1445 60.3418 0 0 0 0 0 0 
33.1445 66.6785 0 0 0 0 0 0 
33.1445 73.6806 0 0 0 0 0 0 
33.1445 81.4181 0 0 0 0 0 0 
33.1445 89.9681 0 0 0 0 0 0 
33.1445 99.416 0 0 0 0 0 0 
33.1445 109.856 0 0 0 0 0 0 
33.1445 121.392 0 0 0 0 0 0 
33.1445 134.14 0 0 0 0 0 0 
33.1445 148.227 0 0 0 0 0 0 
33.1445 163.793 0 0 0 0 0 0 
33.1445 180.993 0 0 0 0 0 0 
33.1445 200 0 0 0 0 0 0 
36.6252 10 8.88356e-39 1.29133e-39 8.88356e-39 1.29133e-39 4.95881e-39 2.72822e-40 
36.6252 11.0501 8.91456e-39 1.35575e-39 8.91456e-39 1.35575e-39 5.22809e-39 3.29213e-40 
36.6252 12.2106 8.95132e-39 1.43496e-39 8.95132e-39 1.43496e-39 5.46919e-39 3.95568e-40 
36.6252 13.4928 8.99508e-39 1.53233e-39 8.99508e-39 1.53233e-39 5.68579e-39 4.74352e-40 
36.6252 14.9098 9.04742e-39 1.65201e-39 9.04742e-39 1.65201e-39 5.88205e-39 5.68834e-40 
36.6252 16.4755 9.11033e-39 1.79911e-39 9.11033e-39 1.79911e-39 6.06268e-39 6.83308e-40 
36.6252 18.2056 9.18644e-39 1.97994e-39 9.18644e-39 1.97994e-39 6.23341e-39 8.23515e-40 
36.6252 20.1175 9.27935e-39 2.20239e-39 9.27935e-39 2.20239e-39 6.40102e-39 9.97059e-40 
36.6252 22.2301 9.39407e-39 2.47627e-39 9.39407e-39 2.47627e-39 6.57448e-39 1.21421e-39 
36.6252 24.5646 9.53831e-39 2.81405e-39 9.53831e-39 2.81405e-39 6.76667e-39 1.48908e-39 
36.6252 27.1442 9.72584e-39 3.23257e-39 9.72584e-39 3.23257e-39 6.99939e-39 1.84251e-39 
36.6252 29.9947 9.98733e-39 3.75638e-39 9.98733e-39 3.75638e-39 7.32098e-39 2.31047e-39 
36.6252 33.1445 1.03876e-38 4.39562e-39 1.03876e-38 4.39562e-39 7.89449e-39 2.98054e-39 
36.6252 36.6252 0 0 0 0 0 0 
36.6252 40.4713 0 0 0 0 0 0 
36.6252 44.7214 0 0 0 0 0 0 
36.6252 49.4177 0 0 0 0 0 0 
36.6252 54.6073 0 0 0 0 0 0 
36.6252 60.3418 0 0 0 0 0 0 
36.6252 66.6785 0 0 0 0 0 0 
36.6252 73.6806 0 0 0 0 0 0 
36.6252 81.4181 0 0 0 0 0 0 
36.6252 89.9681 0 0 0 0 0 0 
36.6252 99.416 0 0 0 0 0 0 
36.6252 109.856 0 0 0 0 0 0 
36.6252 121.392 0 0 0 0 0 0 
36.6252 134.14 0 0 0 0 0 0 
36.6252 148.227 0 0 0 0 0 0 
36.6252 163.793 0 0 0 0 0 0 
36.6252 180.993 0 0 0 0 0 0 
36.6252 200 0 0 0 0 0 0 
40.4713 10 8.81908e-39 1.25228e-39 8.81908e-39 1.25228e-39 4.96795e-39 2.62376e-40 
40.4713 11.0501 8.84524e-39 1.3045e-39 8.84524e-39 1.3045e-39 5.24192e-39 3.14075e-40 
40.4713 12.2106 8.87617e-39 1.36874e-39 8.87617e-39 1.36874e-39 5.48725e-39 3.73964e-40 
40.4713 13.4928 8.91283e-39 1.44772e-39 8.91283e-39 1.44772e-39 5.70711e-39 4.43939e-40 
40.4713 14.9098 8.95646e-39 1.5448e-39 8.95646e-39 1.5448e-39 5.90516e-39 5.26468e-40 
40.4713 16.4755 9.0086e-39 1.66409e-39 9.0086e-39 1.66409e-39 6.08555e-39 6.24853e-40 
40.4713 18.2056 9.07125e-39 1.81068e-39 9.07125e-39 1.81068e-39 6.25298e-39 7.43485e-40 
40.4713 20.1175 9.14698e-39 1.99086e-39 9.14698e-39 1.99086e-39 6.41284e-39 8.88132e-40 
40.4713 22.2301 9.23935e-39 2.21243e-39 9.23935e-39 2.21243e-39 6.57173e-39 1.06648e-39 
40.4713 24.5646 9.35339e-39 2.4852e-39 9.35339e-39 2.4852e-39 6.73823e-39 1.28881e-39 
40.4713 27.1442 9.49669e-39 2.82154e-39 9.49669e-39 2.82154e-39 6.92478e-39 1.56916e-39 
40.4713 29.9947 9.68273e-39 3.23793e-39 9.68273e-39 3.23793e-39 7.15245e-39 1.92801e-39 
40.4713 33.1445 9.94089e-39 3.75814e-39 9.94089e-39 3.75814e-39 7.46723e-39 2.40013e-39 
40.4713 36.6252 1.0348e-38 4.40506e-39 1.0348e-38 4.40506e-39 8.02326e-39 3.06813e-39 
40.4713 40.4713 0 0 0 0 0 0 
40.4713 44.7214 0 0 0 0 0 0 
40.4713 49.4177 0 0 0 0 0 0 
40.4713 54.6073 0 0 0 0 0 0 
40.4713 60.3418 0 0 0 0 0 0 
40.4713 66.6785 0 0 0 0 0 0 
40.4713 73.6806 0 0 0 0 0 0 
40.4713 81.4181 0 0 0 0 0 0 
40.4713 89.9681 0 0 0 0 0 0 
40.4713 99.416 0 0 0 0 0 0 
40.4713 109.856 0 0 0 0 0 0 
40.4713 121.392 0 0 0 0 0 0 
40.4713 134.14 0 0 0 0 0 0 
40.4713 148.227 0 0 0 0 0 0 
40.4713 163.793 0 0 0 0 0 0 
40.4713 180.993 0 0 0 0 0 0 
40.4713 200 0 0 0 0 0 0 
44.7214 10 8.7592e-39 1.22316e-39 8.7592e-39 1.22316e-39 4.97194e-39 2.5428e-40 
44.7214 11.0501 8.78138e-39 1.2655e-39 8.78138e-39 1.2655e-39 5.25037e-39 3.02317e-40 
44.7214 12.2106 8.80752e-39 1.3176e-39 8.80752e-39 1.3176e-39 5.49982e-39 3.57161e-40 
44.7214 13.4928 8.83834e-39 1.38168e-39 8.83834e-39 1.38168e-39 5.72314e-39 4.20225e-40 
44.7214 14.9098 8.87481e-39 1.46046e-39 8.87481e-39 1.46046e-39 5.92368e-39 4.93411e-40 
44.7214 16.4755 8.91856e-39 1.55726e-39 8.91856e-39 1.55726e-39 6.10508e-39 5.79228e-40 
44.7214 18.2056 8.97058e-39 1.6762e-39 8.97058e-39 1.6762e-39 6.2714e-39 6.81068e-40 
44.7214 20.1175 9.03303e-39 1.82231e-39 9.03303e-39 1.82231e-39 6.42709e-39 8.03328e-40 
44.7214 22.2301 9.10847e-39 2.00185e-39 9.10847e-39 2.00185e-39 6.57733e-39 9.5188e-40 
44.7214 24.5646 9.20036e-39 2.22258e-39 9.20036e-39 2.22258e-39 6.72852e-39 1.13449e-39 
44.7214 27.1442 9.31369e-39 2.49421e-39 9.31369e-39 2.49421e-39 6.88885e-39 1.36139e-39 
44.7214 29.9947 9.45606e-39 2.82914e-39 9.45606e-39 2.82914e-39 7.07036e-39 1.64658e-39 
44.7214 33.1445 9.64055e-39 3.2434e-39 9.64055e-39 3.2434e-39 7.2933e-39 2.01016e-39 
44.7214 36.6252 9.89572e-39 3.76027e-39 9.89572e-39 3.76027e-39 7.60165e-39 2.48577e-39 
44.7214 40.4713 1.03054e-38 4.41072e-39 1.03054e-38 4.41072e-39 8.14157e-39 3.15135e-39 
44.7214 44.7214 0 0 0 0 0 0 
44.7214 49.4177 0 0 0 0 0 0 
44.7214 54.6073 0 0 0 0 0 0 
44.7214 60.3418 0 0 0 0 0 0 
44.7214 66.6785 0 0 0 0 0 0 
44.7214 73.6806 0 0 0 0 0 0 
44.7214 81.4181 0 0 0 0 0 0 
44.7214 89.9681 0 0 0 0 0 0 
44.7214 99.416 0 0 0 0 0 0 
44.7214 109.856 0 0 0 0 0 0 
44.7214 121.392 0 0 0 0 0 0 
44.7214 134.14 0 0 0 0 0 0 
44.7214 148.227 0 0 0 0 0 0 
44.7214 163.793 0 0 0 0 0 0 
44.7214 180.993 0 0 0 0 0 0 
44.7214 200 0 0 0 0 0 0 
49.4177 10 8.70312e-39 1.20209e-39 8.70312e-39 1.20209e-39 4.97112e-39 2.48039e-40 
49.4177 11.0501 8.72199e-39 1.2364e-39 8.72199e-39 1.2364e-39 5.25366e-39 2.93211e-40 
49.4177 12.2106 8.74416e-39 1.27864e-39 8.74416e-39 1.27864e-39 5.50704e-39 3.44097e-40 
49.4177 13.4928 8.77028e-39 1.33062e-39 8.77028e-39 1.33062e-39 5.73391e-39 4.01763e-40 
49.4177 14.9098 8.80116e-39 1.39456e-39 8.80116e-39 1.39456e-39 5.93729e-39 4.67638e-40 
49.4177 16.4755 8.83775e-39 1.47314e-39 8.83775e-39 1.47314e-39 6.12045e-39 5.43629e-40 
49.4177 18.2056 8.88127e-39 1.5697e-39 8.88127e-39 1.5697e-39 6.28701e-39 6.32329e-40 
49.4177 20.1175 8.93325e-39 1.68831e-39 8.93325e-39 1.68831e-39 6.44077e-39 7.37125e-40 
49.4177 22.2301 8.99559e-39 1.83398e-39 8.99559e-39 1.83398e-39 6.58606e-39 8.62545e-40 
49.4177 24.5646 9.07081e-39 2.01293e-39 9.07081e-39 2.01293e-39 6.72787e-39 1.01452e-39 
49.4177 27.1442 9.16233e-39 2.23284e-39 9.16233e-39 2.23284e-39 6.87221e-39 1.20083e-39 
49.4177 29.9947 9.275e-39 2.50338e-39 9.275e-39 2.50338e-39 7.02711e-39 1.43178e-39 
49.4177 33.1445 9.41639e-39 2.83683e-39 9.41639e-39 2.83683e-39 7.20414e-39 1.72125e-39 
49.4177 36.6252 9.59942e-39 3.24912e-39 9.59942e-39 3.24912e-39 7.42282e-39 2.08898e-39 
49.4177 40.4713 9.85215e-39 3.76311e-39 9.85215e-39 3.76311e-39 7.72509e-39 2.56748e-39 
49.4177 44.7214 1.02616e-38 4.41419e-39 1.02616e-38 4.41419e-39 8.2499e-39 3.23042e-39 
49.4177 49.4177 0 0 0 0 0 0 
49.4177 54.6073 0 0 0 0 0 0 
49.4177 60.3418 0 0 0 0 0 0 
49.4177 66.6785 0 0 0 0 0 0 
49.4177 73.6806 0 0 0 0 0 0 
49.4177 81.4181 0 0 0 0 0 0 
49.4177 89.9681 0 0 0 0 0 0 
49.4177 99.416 0 0 0 0 0 0 
49.4177 109.856 0 0 0 0 0 0 
49.4177 121.392 0 0 0 0 0 0 
49.4177 134.14 0 0 0 0 0 0 
49.4177 148.227 0 0 0 0 0 0 
49.4177 163.793 0 0 0 0 0 0 
49.4177 180.993 0 0 0 0 0 0 
49.4177 200 0 0 0 0 0 0 
54.6073 10 8.65017e-39 1.18755e-39 8.65017e-39 1.18755e-39 4.96589e-39 2.4326e-40 
54.6073 11.0501 8.66629e-39 1.21533e-39 8.66629e-39 1.21533e-39 5.25219e-39 2.86195e-40 
54.6073 12.2106 8.68517e-39 1.24956e-39 8.68517e-39 1.24956e-39 5.50929e-39 3.33993e-40 
54.6073 13.4928 8.70736e-39 1.29171e-39 8.70736e-39 1.29171e-39 5.73962e-39 3.87434e-40 
54.6073 14.9098 8.73349e-39 1.34357e-39 8.73349e-39 1.34357e-39 5.94594e-39 4.47581e-40 
54.6073 16.4755 8.76438e-39 1.40736e-39 8.76438e-39 1.40736e-39 6.13132e-39 5.15874e-40 
54.6073 18.2056 8.80099e-39 1.48576e-39 8.80099e-39 1.48576e-39 6.2989e-39 5.94272e-40 
54.6073 20.1175 8.84454e-39 1.58208e-39 8.84454e-39 1.58208e-39 6.45217e-39 6.85395e-40 
54.6073 22.2301 8.89651e-39 1.70039e-39 8.89651e-39 1.70039e-39 6.5944e-39 7.9262e-40 
54.6073 24.5646 8.95882e-39 1.84567e-39 8.95882e-39 1.84567e-39 6.73102e-39 9.20895e-40 
54.6073 27.1442 9.03394e-39 2.02407e-39 9.03394e-39 2.02407e-39 6.86529e-39 1.0758e-39 
54.6073 29.9947 9.12518e-39 2.24323e-39 9.12518e-39 2.24323e-39 7.00367e-39 1.26537e-39 
54.6073 33.1445 9.23732e-39 2.51271e-39 9.23732e-39 2.51271e-39 7.15369e-39 1.49988e-39 
54.6073 36.6252 9.37773e-39 2.84467e-39 9.37773e-39 2.84467e-39 7.32681e-39 1.7931e-39 
54.6073 40.4713 9.55933e-39 3.25505e-39 9.55933e-39 3.25505e-39 7.54154e-39 2.16445e-39 
54.6073 44.7214 9.80964e-39 3.76622e-39 9.80964e-39 3.76622e-39 7.83828e-39 2.64537e-39 
54.6073 49.4177 1.02173e-38 4.41641e-39 1.02173e-38 4.41641e-39 8.34887e-39 3.30544e-39 
54.6073 54.6073 0 0 0 0 0 0 
54.6073 60.3418 0 0 0 0 0 0 
54.6073 66.6785 0 0 0 0 0 0 
54.6073 73.6806 0 0 0 0 0 0 
54.6073 81.4181 0 0 0 0 0 0 
54.6073 89.9681 0 0 0 0 0 0 
54.6073 99.416 0 0 0 0 0 0 
54.6073 109.856 0 0 0 0 0 0 
54.6073 121.392 0 0 0 0 0 0 
54.6073 134.14 0 0 0 0 0 0 
54.6073 148.227 0 0 0 0 0 0 
54.6073 163.793 0 0 0 0 0 0 
54.6073 180.993 0 0 0 0 0 0 
54.6073 200 0 0 0 0 0 0 
60.3418 10 8.59934e-39 1.17827e-39 8.59934e-39 1.17827e-39 4.95656e-39 2.39641e-40 
60.3418 11.0501 8.61314e-39 1.20074e-39 8.61314e-39 1.20074e-39 5.2463e-39 2.8083e-40 
60.3418 12.2106 8.62979e-39 1.22847e-39 8.62979e-39 1.22847e-39 5.50682e-39 3.26212e-40 
60.3418 13.4928 8.64866e-39 1.26263e-39 8.64866e-39 1.26263e-39 5.7405e-39 3.76352e-40 
60.3418 14.9098 8.67088e-39 1.3047e-39 8.67088e-39 1.3047e-39 5.94977e-39 4.32019e-40 
60.3418 16.4755 8.69707e-39 1.35646e-39 8.69707e-39 1.35646e-39 6.13747e-39 4.94266e-40 
60.3418 18.2056 8.728e-39 1.4201e-39 8.728e-39 1.4201e-39 6.30667e-39 5.64596e-40 
60.3418 20.1175 8.76467e-39 1.49832e-39 8.76467e-39 1.49832e-39 6.46036e-39 6.44988e-40 
60.3418 22.2301 8.80826e-39 1.59441e-39 8.80826e-39 1.59441e-39 6.60186e-39 7.3815e-40 
60.3418 24.5646 8.86028e-39 1.71243e-39 8.86028e-39 1.71243e-39 6.7347e-39 8.47636e-40 
60.3418 27.1442 8.92262e-39 1.85733e-39 8.92262e-39 1.85733e-39 6.86253e-39 9.78085e-40 
60.3418 29.9947 8.99772e-39 2.03524e-39 8.99772e-39 2.03524e-39 6.9905e-39 1.13558e-39 
60.3418 33.1445 9.08883e-39 2.2537e-39 9.08883e-39 2.2537e-39 7.12369e-39 1.328e-39 
60.3418 36.6252 9.20056e-39 2.52219e-39 9.20056e-39 2.52219e-39 7.26965e-39 1.56562e-39 
60.3418 40.4713 9.3401e-39 2.85272e-39 9.3401e-39 2.85272e-39 7.43913e-39 1.86213e-39 
60.3418 44.7214 9.52023e-39 3.26114e-39 9.52023e-39 3.26114e-39 7.65025e-39 2.23661e-39 
60.3418 49.4177 9.76798e-39 3.76938e-39 9.76798e-39 3.76938e-39 7.94174e-39 2.7195e-39 
60.3418 54.6073 1.01725e-38 4.41746e-39 1.01725e-38 4.41746e-39 8.43909e-39 3.37667e-39 
60.3418 60.3418 0 0 0 0 0 0 
60.3418 66.6785 0 0 0 0 0 0 
60.3418 73.6806 0 0 0 0 0 0 
60.3418 81.4181 0 0 0 0 0 0 
60.3418 89.9681 0 0 0 0 0 0 
60.3418 99.416 0 0 0 0 0 0 
60.3418 109.856 0 0 0 0 0 0 
60.3418 121.392 0 0 0 0 0 0 
60.3418 134.14 0 0 0 0 0 0 
60.3418 148.227 0 0 0 0 0 0 
60.3418 163.793 0 0 0 0 0 0 
60.3418 180.993 0 0 0 0 0 0 
60.3418 200 0 0 0 0 0 0 
66.6785 10 8.55143e-39 1.17321e-39 8.55143e-39 1.17321e-39 4.94351e-39 2.36942e-40 
66.6785 11.0501 8.56333e-39 1.19138e-39 8.56333e-39 1.19138e-39 5.23631e-39 2.76771e-40 
66.6785 12.2106 8.57719e-39 1.21383e-39 8.57719e-39 1.21383e-39 5.50005e-39 3.20277e-40 
66.6785 13.4928 8.59338e-39 1.2415e-39 8.59338e-39 1.2415e-39 5.73678e-39 3.67838e-40 
66.6785 14.9098 8.61236e-39 1.27561e-39 8.61236e-39 1.27561e-39 5.9489e-39 4.19999e-40 
66.6785 16.4755 8.63465e-39 1.3176e-39 8.63465e-39 1.3176e-39 6.13909e-39 4.77516e-40 
66.6785 18.2056 8.66091e-39 1.36926e-39 8.66091e-39 1.36926e-39 6.31019e-39 5.41514e-40 
66.6785 20.1175 8.69194e-39 1.43277e-39 8.69194e-39 1.43277e-39 6.46484e-39 6.13479e-40 
66.6785 22.2301 8.72871e-39 1.51082e-39 8.72871e-39 1.51082e-39 6.60624e-39 6.95519e-40 
66.6785 24.5646 8.77238e-39 1.60669e-39 8.77238e-39 1.60669e-39 6.7372e-39 7.90326e-40 
66.6785 27.1442 8.8245e-39 1.72442e-39 8.8245e-39 1.72442e-39 6.8613e-39 9.01575e-40 
66.6785 29.9947 8.88692e-39 1.86896e-39 8.88692e-39 1.86896e-39 6.98227e-39 1.03402e-39 
66.6785 33.1445 8.96208e-39 2.0464e-39 8.96208e-39 2.0464e-39 7.10432e-39 1.19371e-39 
66.6785 36.6252 9.05316e-39 2.26424e-39 9.05316e-39 2.26424e-39 7.23297e-39 1.38861e-39 
66.6785 40.4713 9.16461e-39 2.53183e-39 9.16461e-39 2.53183e-39 7.37528e-39 1.62896e-39 
66.6785 44.7214 9.3035e-39 2.86101e-39 9.3035e-39 2.86101e-39 7.54171e-39 1.92834e-39 
66.6785 49.4177 9.48214e-39 3.26742e-39 9.48214e-39 3.26742e-39 7.74955e-39 2.30554e-39 
66.6785 54.6073 9.7273e-39 3.77282e-39 9.7273e-39 3.77282e-39 8.03615e-39 2.79001e-39 
66.6785 60.3418 1.01273e-38 4.41725e-39 1.01273e-38 4.41725e-39 8.52121e-39 3.44419e-39 
66.6785 66.6785 0 0 0 0 0 0 
66.6785 73.6806 0 0 0 0 0 0 
66.6785 81.4181 0 0 0 0 0 0 
66.6785 89.9681 0 0 0 0 0 0 
66.6785 99.416 0 0 0 0 0 0 
66.6785 109.856 0 0 0 0 0 0 
66.6785 121.392 0 0 0 0 0 0 
66.6785 134.14 0 0 0 0 0 0 
66.6785 148.227 0 0 0 0 0 0 
66.6785 163.793 0 0 0 0 0 0 
66.6785 180.993 0 0 0 0 0 0 
66.6785 200 0 0 0 0 0 0 
73.6806 10 8.50483e-39 1.1716e-39 8.50483e-39 1.1716e-39 4.92704e-39 2.3498e-40 
73.6806 11.0501 8.51509e-39 1.18625e-39 8.51509e-39 1.18625e-39 5.22259e-39 2.73752e-40 
73.6806 12.2106 8.52702e-39 1.20441e-39 8.52702e-39 1.20441e-39 5.48916e-39 3.15795e-40 
73.6806 13.4928 8.54092e-39 1.22681e-39 8.54092e-39 1.22681e-39 5.72875e-39 3.61348e-40 
73.6806 14.9098 8.55717e-39 1.25443e-39 8.55717e-39 1.25443e-39 5.94364e-39 4.10775e-40 
73.6806 16.4755 8.57621e-39 1.28848e-39 8.57621e-39 1.28848e-39 6.13629e-39 4.64595e-40 
73.6806 18.2056 8.59859e-39 1.33039e-39 8.59859e-39 1.33039e-39 6.30934e-39 5.2363e-40 
73.6806 20.1175 8.62495e-39 1.38195e-39 8.62495e-39 1.38195e-39 6.46538e-39 5.88978e-40 
73.6806 22.2301 8.65609e-39 1.44535e-39 8.65609e-39 1.44535e-39 6.60717e-39 6.62235e-40 
73.6806 24.5646 8.69298e-39 1.52324e-39 8.69298e-39 1.52324e-39 6.73751e-39 7.45531e-40 
73.6806 27.1442 8.73682e-39 1.61892e-39 8.73682e-39 1.61892e-39 6.85927e-39 8.41675e-40 
73.6806 29.9947 8.78909e-39 1.73638e-39 8.78909e-39 1.73638e-39 6.97567e-39 9.54394e-40 
73.6806 33.1445 8.85166e-39 1.88057e-39 8.85166e-39 1.88057e-39 7.09036e-39 1.08848e-39 
73.6806 36.6252 8.92692e-39 2.05755e-39 8.92692e-39 2.05755e-39 7.20746e-39 1.25009e-39 
73.6806 40.4713 9.01807e-39 2.27481e-39 9.01807e-39 2.27481e-39 7.33222e-39 1.44715e-39 
73.6806 44.7214 9.12947e-39 2.54157e-39 9.12947e-39 2.54157e-39 7.47147e-39 1.6899e-39 
73.6806 49.4177 9.26782e-39 2.8695e-39 9.26782e-39 2.8695e-39 7.63517e-39 1.99178e-39 
73.6806 54.6073 9.4451e-39 3.27396e-39 9.4451e-39 3.27396e-39 7.84012e-39 2.37129e-39 
73.6806 60.3418 9.68775e-39 3.77661e-39 9.68775e-39 3.77661e-39 8.12212e-39 2.85702e-39 
73.6806 66.6785 1.00819e-38 4.41613e-39 1.00819e-38 4.41613e-39 8.59564e-39 3.50813e-39 
73.6806 73.6806 0 0 0 0 0 0 
73.6806 81.4181 0 0 0 0 0 0 
73.6806 89.9681 0 0 0 0 0 0 
73.6806 99.416 0 0 0 0 0 0 
73.6806 109.856 0 0 0 0 0 0 
73.6806 121.392 0 0 0 0 0 0 
73.6806 134.14 0 0 0 0 0 0 
73.6806 148.227 0 0 0 0 0 0 
73.6806 163.793 0 0 0 0 0 0 
73.6806 180.993 0 0 0 0 0 0 
73.6806 200 0 0 0 0 0 0 
81.4181 10 8.45961e-39 1.17277e-39 8.45961e-39 1.17277e-39 4.90743e-39 2.33548e-40 
81.4181 11.0501 8.4685e-39 1.1846e-39 8.4685e-39 1.1846e-39 5.20542e-39 2.71564e-40 
81.4181 12.2106 8.47882e-39 1.19925e-39 8.47882e-39 1.19925e-39 5.47458e-39 3.12471e-40 
81.4181 13.4928 8.49079e-39 1.21736e-39 8.49079e-39 1.21736e-39 5.71678e-39 3.56466e-40 
81.4181 14.9098 8.50475e-39 1.23972e-39 8.50475e-39 1.23972e-39 5.93425e-39 4.03764e-40 
81.4181 16.4755 8.52107e-39 1.26729e-39 8.52107e-39 1.26729e-39 6.12927e-39 4.547e-40 
81.4181 18.2056 8.54019e-39 1.30124e-39 8.54019e-39 1.30124e-39 6.30437e-39 5.09833e-40 
81.4181 20.1175 8.56265e-39 1.34309e-39 8.56265e-39 1.34309e-39 6.46197e-39 5.70016e-40 
81.4181 22.2301 8.58912e-39 1.39455e-39 8.58912e-39 1.39455e-39 6.60462e-39 6.36387e-40 
81.4181 24.5646 8.6204e-39 1.45782e-39 8.6204e-39 1.45782e-39 6.7349e-39 7.10602e-40 
81.4181 27.1442 8.65745e-39 1.53557e-39 8.65745e-39 1.53557e-39 6.85543e-39 7.94838e-40 
81.4181 29.9947 8.70148e-39 1.63105e-39 8.70148e-39 1.63105e-39 6.969e-39 8.92026e-40 
81.4181 33.1445 8.754e-39 1.74827e-39 8.754e-39 1.74827e-39 7.07867e-39 1.00594e-39 
81.4181 36.6252 8.81674e-39 1.89215e-39 8.81674e-39 1.89215e-39 7.18789e-39 1.1414e-39 
81.4181 40.4713 8.89221e-39 2.0687e-39 8.89221e-39 2.0687e-39 7.30068e-39 1.30464e-39 
81.4181 44.7214 8.98362e-39 2.28537e-39 8.98362e-39 2.28537e-39 7.42207e-39 1.50359e-39 
81.4181 49.4177 9.09492e-39 2.55137e-39 9.09492e-39 2.55137e-39 7.55867e-39 1.74843e-39 
81.4181 54.6073 9.23297e-39 2.87818e-39 9.23297e-39 2.87818e-39 7.72007e-39 2.0525e-39 
81.4181 60.3418 9.40911e-39 3.2808e-39 9.40911e-39 3.2808e-39 7.92248e-39 2.43398e-39 
81.4181 66.6785 9.64923e-39 3.78066e-39 9.64923e-39 3.78066e-39 8.20018e-39 2.92064e-39 
81.4181 73.6806 1.00373e-38 4.41499e-39 1.00373e-38 4.41499e-39 8.66298e-39 3.5687e-39 
81.4181 81.4181 0 0 0 0 0 0 
81.4181 89.9681 0 0 0 0 0 0 
81.4181 99.416 0 0 0 0 0 0 
81.4181 109.856 0 0 0 0 0 0 
81.4181 121.392 0 0 0 0 0 0 
81.4181 134.14 0 0 0 0 0 0 
81.4181 148.227 0 0 0 0 0 0 
81.4181 163.793 0 0 0 0 0 0 
81.4181 180.993 0 0 0 0 0 0 
81.4181 200 0 0 0 0 0 0 
89.9681 10 8.41545e-39 1.17617e-39 8.41545e-39 1.17617e-39 4.8848e-39 2.32442e-40 
89.9681 11.0501 8.42318e-39 1.1857e-39 8.42318e-39 1.1857e-39 5.18494e-39 2.69974e-40 
89.9681 12.2106 8.43204e-39 1.19752e-39 8.43204e-39 1.19752e-39 5.45645e-39 3.10072e-40 
89.9681 13.4928 8.4424e-39 1.21214e-39 8.4424e-39 1.21214e-39 5.70106e-39 3.5286e-40 
89.9681 14.9098 8.45453e-39 1.23022e-39 8.45453e-39 1.23022e-39 5.92091e-39 3.9851e-40 
89.9681 16.4755 8.46857e-39 1.25254e-39 8.46857e-39 1.25254e-39 6.11827e-39 4.47203e-40 
89.9681 18.2056 8.48498e-39 1.28006e-39 8.48498e-39 1.28006e-39 6.29539e-39 4.99329e-40 
89.9681 20.1175 8.50422e-39 1.31397e-39 8.50422e-39 1.31397e-39 6.45465e-39 5.55432e-40 
89.9681 22.2301 8.52679e-39 1.35572e-39 8.52679e-39 1.35572e-39 6.59847e-39 6.164e-40 
89.9681 24.5646 8.5534e-39 1.40708e-39 8.5534e-39 1.40708e-39 6.72916e-39 6.83473e-40 
89.9681 27.1442 8.58482e-39 1.47021e-39 8.58482e-39 1.47021e-39 6.84906e-39 7.58305e-40 
89.9681 29.9947 8.62205e-39 1.5478e-39 8.62205e-39 1.5478e-39 6.96104e-39 8.43253e-40 
89.9681 33.1445 8.66628e-39 1.64309e-39 8.66628e-39 1.64309e-39 7.06739e-39 9.41234e-40 
89.9681 36.6252 8.71902e-39 1.76008e-39 8.71902e-39 1.76008e-39 7.17117e-39 1.05609e-39 
89.9681 40.4713 8.78208e-39 1.90366e-39 8.78208e-39 1.90366e-39 7.27572e-39 1.19275e-39 
89.9681 44.7214 8.85782e-39 2.07982e-39 8.85782e-39 2.07982e-39 7.38463e-39 1.35733e-39 
89.9681 49.4177 8.94934e-39 2.29595e-39 8.94934e-39 2.29595e-39 7.50317e-39 1.55792e-39 
89.9681 54.6073 9.0609e-39 2.56121e-39 9.0609e-39 2.56121e-39 7.63754e-39 1.8046e-39 
89.9681 60.3418 9.19884e-39 2.887e-39 9.19884e-39 2.887e-39 7.79704e-39 2.11056e-39 
89.9681 66.6785 9.3741e-39 3.28793e-39 9.3741e-39 3.28793e-39 7.99715e-39 2.49369e-39 
89.9681 73.6806 9.61173e-39 3.78495e-39 9.61173e-39 3.78495e-39 8.27091e-39 2.98102e-39 
89.9681 81.4181 9.99443e-39 4.41477e-39 9.99443e-39 4.41477e-39 8.72366e-39 3.62597e-39 
89.9681 89.9681 0 0 0 0 0 0 
89.9681 99.416 0 0 0 0 0 0 
89.9681 109.856 0 0 0 0 0 0 
89.9681 121.392 0 0 0 0 0 0 
89.9681 134.14 0 0 0 0 0 0 
89.9681 148.227 0 0 0 0 0 0 
89.9681 163.793 0 0 0 0 0 0 
89.9681 180.993 0 0 0 0 0 0 
89.9681 200 0 0 0 0 0 0 
99.416 10 8.37207e-39 1.18139e-39 8.37207e-39 1.18139e-39 4.85936e-39 2.31543e-40 
99.416 11.0501 8.37881e-39 1.18905e-39 8.37881e-39 1.18905e-39 5.1615e-39 2.6875e-40 
99.416 12.2106 8.38662e-39 1.19856e-39 8.38662e-39 1.19856e-39 5.43524e-39 3.08345e-40 
99.416 13.4928 8.39562e-39 1.21036e-39 8.39562e-39 1.21036e-39 5.68205e-39 3.50272e-40 
99.416 14.9098 8.40605e-39 1.22495e-39 8.40605e-39 1.22495e-39 5.90705e-39 3.95186e-40 
99.416 16.4755 8.41817e-39 1.24299e-39 8.41817e-39 1.24299e-39 6.1035e-39 4.41602e-40 
99.416 18.2056 8.4323e-39 1.26527e-39 8.4323e-39 1.26527e-39 6.28259e-39 4.9138e-40 
99.416 20.1175 8.44882e-39 1.29274e-39 8.44882e-39 1.29274e-39 6.44368e-39 5.44317e-40 
99.416 22.2301 8.4681e-39 1.32659e-39 8.4681e-39 1.32659e-39 6.58856e-39 6.01058e-40 
99.416 24.5646 8.49091e-39 1.36826e-39 8.49091e-39 1.36826e-39 6.7201e-39 6.62521e-40 
99.416 27.1442 8.51768e-39 1.41952e-39 8.51768e-39 1.41952e-39 6.84016e-39 7.29989e-40 
99.416 29.9947 8.54931e-39 1.48254e-39 8.54931e-39 1.48254e-39 6.95141e-39 8.05347e-40 
99.416 33.1445 8.58674e-39 1.55996e-39 8.58674e-39 1.55996e-39 7.05528e-39 8.90621e-40 
99.416 36.6252 8.63121e-39 1.65505e-39 8.63121e-39 1.65505e-39 7.15525e-39 9.89127e-40 
99.416 40.4713 8.6842e-39 1.77179e-39 8.6842e-39 1.77179e-39 7.25379e-39 1.10473e-39 
99.416 44.7214 8.74758e-39 1.91507e-39 8.74758e-39 1.91507e-39 7.3541e-39 1.24231e-39 
99.416 49.4177 8.82348e-39 2.09087e-39 8.82348e-39 2.09087e-39 7.45995e-39 1.40814e-39 
99.416 54.6073 8.91555e-39 2.30652e-39 8.91555e-39 2.30652e-39 7.57602e-39 1.61014e-39 
99.416 60.3418 9.02735e-39 2.57109e-39 9.02735e-39 2.57109e-39 7.70857e-39 1.85842e-39 
99.416 66.6785 9.16532e-39 2.8961e-39 9.16532e-39 2.8961e-39 7.86648e-39 2.16604e-39 
99.416 73.6806 9.34001e-39 3.29531e-39 9.34001e-39 3.29531e-39 8.06464e-39 2.55054e-39 
99.416 81.4181 9.57528e-39 3.78953e-39 9.57528e-39 3.78953e-39 8.33482e-39 3.03828e-39 
99.416 89.9681 9.95273e-39 4.41493e-39 9.95273e-39 4.41493e-39 8.77813e-39 3.68017e-39 
99.416 99.416 0 0 0 0 0 0 
99.416 109.856 0 0 0 0 0 0 
99.416 121.392 0 0 0 0 0 0 
99.416 134.14 0 0 0 0 0 0 
99.416 148.227 0 0 0 0 0 0 
99.416 163.793 0 0 0 0 0 0 
99.416 180.993 0 0 0 0 0 0 
99.416 200 0 0 0 0 0 0 
109.856 10 8.32929e-39 1.18803e-39 8.32929e-39 1.18803e-39 4.83126e-39 2.30761e-40 
109.856 11.0501 8.3352e-39 1.19418e-39 8.3352e-39 1.19418e-39 5.13517e-39 2.67776e-40 
109.856 12.2106 8.342e-39 1.20183e-39 8.342e-39 1.20183e-39 5.41078e-39 3.07028e-40 
109.856 13.4928 8.34984e-39 1.21133e-39 8.34984e-39 1.21133e-39 5.65969e-39 3.4842e-40 
109.856 14.9098 8.35892e-39 1.2231e-39 8.35892e-39 1.2231e-39 5.88375e-39 3.91892e-40 
109.856 16.4755 8.36943e-39 1.23768e-39 8.36943e-39 1.23768e-39 6.08519e-39 4.37513e-40 
109.856 18.2056 8.38166e-39 1.25569e-39 8.38166e-39 1.25569e-39 6.26613e-39 4.85467e-40 
109.856 20.1175 8.39587e-39 1.27793e-39 8.39587e-39 1.27793e-39 6.42878e-39 5.35951e-40 
109.856 22.2301 8.41251e-39 1.30534e-39 8.41251e-39 1.30534e-39 6.57525e-39 5.89396e-40 
109.856 24.5646 8.43203e-39 1.33913e-39 8.43203e-39 1.33913e-39 6.70766e-39 6.46468e-40 
109.856 27.1442 8.45492e-39 1.38071e-39 8.45492e-39 1.38071e-39 6.82811e-39 7.08121e-40 
109.856 29.9947 8.48189e-39 1.43187e-39 8.48189e-39 1.43187e-39 6.93869e-39 7.75746e-40 
109.856 33.1445 8.51365e-39 1.49476e-39 8.51365e-39 1.49476e-39 7.04151e-39 8.51181e-40 
109.856 36.6252 8.55142e-39 1.57204e-39 8.55142e-39 1.57204e-39 7.139e-39 9.36799e-40 
109.856 40.4713 8.59619e-39 1.66694e-39 8.59619e-39 1.66694e-39 7.23336e-39 1.03571e-39 
109.856 44.7214 8.6495e-39 1.78344e-39 8.6495e-39 1.78344e-39 7.32738e-39 1.15186e-39 
109.856 49.4177 8.71321e-39 1.92639e-39 8.71321e-39 1.92639e-39 7.42408e-39 1.29019e-39 
109.856 54.6073 8.7897e-39 2.10184e-39 8.7897e-39 2.10184e-39 7.52718e-39 1.45704e-39 
109.856 60.3418 8.88201e-39 2.31704e-39 8.88201e-39 2.31704e-39 7.64121e-39 1.66026e-39 
109.856 66.6785 8.9942e-39 2.58101e-39 8.9942e-39 2.58101e-39 7.77221e-39 1.90995e-39 
109.856 73.6806 9.13249e-39 2.9053e-39 9.13249e-39 2.9053e-39 7.92888e-39 2.21899e-39 
109.856 81.4181 9.30669e-39 3.30291e-39 9.30669e-39 3.30291e-39 8.12551e-39 2.60468e-39 
109.856 89.9681 9.53992e-39 3.79449e-39 9.53992e-39 3.79449e-39 8.39237e-39 3.09261e-39 
109.856 99.416 9.91196e-39 4.41537e-39 9.91196e-39 4.41537e-39 8.82682e-39 3.73145e-39 
109.856 109.856 0 0 0 0 0 0 
109.856 121.392 0 0 0 0 0 0 
109.856 134.14 0 0 0 0 0 0 
109.856 148.227 0 0 0 0 0 0 
109.856 163.793 0 0 0 0 0 0 
109.856 180.993 0 0 0 0 0 0 
109.856 200 0 0 0 0 0 0 
121.392 10 8.28679e-39 1.19576e-39 8.28679e-39 1.19576e-39 4.80074e-39 2.3003e-40 
121.392 11.0501 8.29199e-39 1.2007e-39 8.29199e-39 1.2007e-39 5.10603e-39 2.66928e-40 
121.392 12.2106 8.29796e-39 1.20685e-39 8.29796e-39 1.20685e-39 5.38336e-39 3.0598e-40 
121.392 13.4928 8.30483e-39 1.21449e-39 8.30483e-39 1.21449e-39 5.63416e-39 3.47027e-40 
121.392 14.9098 8.31276e-39 1.22398e-39 8.31276e-39 1.22398e-39 5.86023e-39 3.89939e-40 
121.392 16.4755 8.32191e-39 1.23574e-39 8.32191e-39 1.23574e-39 6.06348e-39 4.34607e-40 
121.392 18.2056 8.33253e-39 1.25029e-39 8.33253e-39 1.25029e-39 6.24622e-39 4.81177e-40 
121.392 20.1175 8.34486e-39 1.26828e-39 8.34486e-39 1.26828e-39 6.4105e-39 5.29761e-40 
121.392 22.2301 8.35924e-39 1.29048e-39 8.35924e-39 1.29048e-39 6.55836e-39 5.80647e-40 
121.392 24.5646 8.37603e-39 1.31785e-39 8.37603e-39 1.31785e-39 6.69188e-39 6.34298e-40 
121.392 27.1442 8.39569e-39 1.35157e-39 8.39569e-39 1.35157e-39 6.81295e-39 6.91399e-40 
121.392 29.9947 8.41878e-39 1.39308e-39 8.41878e-39 1.39308e-39 6.9236e-39 7.53025e-40 
121.392 33.1445 8.44593e-39 1.44414e-39 8.44593e-39 1.44414e-39 7.0258e-39 8.20606e-40 
121.392 36.6252 8.47804e-39 1.5069e-39 8.47804e-39 1.5069e-39 7.12151e-39 8.95999e-40 
121.392 40.4713 8.51601e-39 1.58402e-39 8.51601e-39 1.58402e-39 7.21299e-39 9.81712e-40 
121.392 44.7214 8.56103e-39 1.67873e-39 8.56103e-39 1.67873e-39 7.30239e-39 1.08086e-39 
121.392 49.4177 8.61479e-39 1.79501e-39 8.61479e-39 1.79501e-39 7.39253e-39 1.19742e-39 
121.392 54.6073 8.67892e-39 1.93769e-39 8.67892e-39 1.93769e-39 7.48618e-39 1.3364e-39 
121.392 60.3418 8.75585e-39 2.11274e-39 8.75585e-39 2.11274e-39 7.58563e-39 1.50342e-39 
121.392 66.6785 8.84863e-39 2.32748e-39 8.84863e-39 2.32748e-39 7.69924e-39 1.70834e-39 
121.392 73.6806 8.96137e-39 2.59086e-39 8.96137e-39 2.59086e-39 7.82913e-39 1.95922e-39 
121.392 81.4181 9.0998e-39 2.91391e-39 9.0998e-39 2.91391e-39 7.98469e-39 2.2695e-39 
121.392 89.9681 9.27405e-39 3.31066e-39 9.27405e-39 3.31066e-39 8.18003e-39 2.65616e-39 
121.392 99.416 9.50564e-39 3.79984e-39 9.50564e-39 3.79984e-39 8.4442e-39 3.14418e-39 
121.392 109.856 9.87212e-39 4.41595e-39 9.87212e-39 4.41595e-39 8.87013e-39 3.77981e-39 
121.392 121.392 0 0 0 0 0 0 
121.392 134.14 0 0 0 0 0 0 
121.392 148.227 0 0 0 0 0 0 
121.392 163.793 0 0 0 0 0 0 
121.392 180.993 0 0 0 0 0 0 
121.392 200 0 0 0 0 0 0 
134.14 10 8.24438e-39 1.20439e-39 8.24438e-39 1.20439e-39 4.76784e-39 2.29307e-40 
134.14 11.0501 8.24898e-39 1.20833e-39 8.24898e-39 1.20833e-39 5.07428e-39 2.6614e-40 
134.14 12.2106 8.25425e-39 1.21325e-39 8.25425e-39 1.21325e-39 5.35308e-39 3.0508e-40 
134.14 13.4928 8.26029e-39 1.21939e-39 8.26029e-39 1.21939e-39 5.60557e-39 3.45926e-40 
134.14 14.9098 8.26724e-39 1.22702e-39 8.26724e-39 1.22702e-39 5.83323e-39 3.88445e-40 
134.14 16.4755 8.27527e-39 1.2365e-39 8.27527e-39 1.2365e-39 6.03861e-39 4.32583e-40 
134.14 18.2056 8.28452e-39 1.24824e-39 8.28452e-39 1.24824e-39 6.22305e-39 4.78161e-40 
134.14 20.1175 8.29525e-39 1.26277e-39 8.29525e-39 1.26277e-39 6.38887e-39 5.25291e-40 
134.14 22.2301 8.30771e-39 1.28073e-39 8.30771e-39 1.28073e-39 6.53816e-39 5.74211e-40 
134.14 24.5646 8.32224e-39 1.3029e-39 8.32224e-39 1.3029e-39 6.67279e-39 6.25198e-40 
134.14 27.1442 8.33919e-39 1.33023e-39 8.33919e-39 1.33023e-39 6.79466e-39 6.78753e-40 
134.14 29.9947 8.35905e-39 1.3639e-39 8.35905e-39 1.3639e-39 6.90629e-39 7.35674e-40 
134.14 33.1445 8.38235e-39 1.40534e-39 8.38235e-39 1.40534e-39 7.00759e-39 7.97073e-40 
134.14 36.6252 8.40978e-39 1.4563e-39 8.40978e-39 1.4563e-39 7.10228e-39 8.64405e-40 
134.14 40.4713 8.44216e-39 1.51895e-39 8.44216e-39 1.51895e-39 7.19177e-39 9.39642e-40 
134.14 44.7214 8.48043e-39 1.59592e-39 8.48043e-39 1.59592e-39 7.27803e-39 1.0253e-39 
134.14 49.4177 8.5259e-39 1.69044e-39 8.5259e-39 1.69044e-39 7.36317e-39 1.12455e-39 
134.14 54.6073 8.58e-39 1.80648e-39 8.58e-39 1.80648e-39 7.4498e-39 1.24138e-39 
134.14 60.3418 8.64461e-39 1.94888e-39 8.64461e-39 1.94888e-39 7.54078e-39 1.38085e-39 
134.14 66.6785 8.72206e-39 2.12358e-39 8.72206e-39 2.12358e-39 7.63954e-39 1.54923e-39 
134.14 73.6806 8.81537e-39 2.33785e-39 8.81537e-39 2.33785e-39 7.75053e-39 1.75439e-39 
134.14 81.4181 8.92864e-39 2.60067e-39 8.92864e-39 2.60067e-39 7.8794e-39 2.00631e-39 
134.14 89.9681 9.06764e-39 2.92298e-39 9.06764e-39 2.92298e-39 8.0345e-39 2.31774e-39 
134.14 99.416 9.24196e-39 3.31851e-39 9.24196e-39 3.31851e-39 8.22867e-39 2.70511e-39 
134.14 109.856 9.47233e-39 3.80556e-39 9.47233e-39 3.80556e-39 8.49018e-39 3.19292e-39 
134.14 121.392 9.83344e-39 4.41705e-39 9.83344e-39 4.41705e-39 8.90849e-39 3.82557e-39 
134.14 134.14 0 0 0 0 0 0 
134.14 148.227 0 0 0 0 0 0 
134.14 163.793 0 0 0 0 0 0 
134.14 180.993 0 0 0 0 0 0 
134.14 200 0 0 0 0 0 0 
148.227 10 8.20187e-39 1.2137e-39 8.20187e-39 1.2137e-39 4.73273e-39 2.2858e-40 
148.227 11.0501 8.20595e-39 1.21683e-39 8.20595e-39 1.21683e-39 5.04013e-39 2.6537e-40 
148.227 12.2106 8.21061e-39 1.22077e-39 8.21061e-39 1.22077e-39 5.32004e-39 3.04238e-40 
148.227 13.4928 8.21596e-39 1.22568e-39 8.21596e-39 1.22568e-39 5.57403e-39 3.44992e-40 
148.227 14.9098 8.22208e-39 1.23181e-39 8.22208e-39 1.23181e-39 5.80355e-39 3.87344e-40 
148.227 16.4755 8.22914e-39 1.23943e-39 8.22914e-39 1.23943e-39 6.01046e-39 4.31091e-40 
148.227 18.2056 8.23724e-39 1.2489e-39 8.23724e-39 1.2489e-39 6.19661e-39 4.7607e-40 
148.227 20.1175 8.24662e-39 1.26062e-39 8.24662e-39 1.26062e-39 6.36395e-39 5.22178e-40 
148.227 22.2301 8.25748e-39 1.27513e-39 8.25748e-39 1.27513e-39 6.5146e-39 5.69583e-40 
148.227 24.5646 8.2701e-39 1.29306e-39 8.2701e-39 1.29306e-39 6.65042e-39 6.1853e-40 
148.227 27.1442 8.28479e-39 1.31519e-39 8.28479e-39 1.31519e-39 6.7732e-39 6.69327e-40 
148.227 29.9947 8.30196e-39 1.34248e-39 8.30196e-39 1.34248e-39 6.88473e-39 7.2258e-40 
148.227 33.1445 8.32202e-39 1.37609e-39 8.32202e-39 1.37609e-39 6.98676e-39 7.79128e-40 
148.227 36.6252 8.34557e-39 1.41744e-39 8.34557e-39 1.41744e-39 7.08093e-39 8.40102e-40 
148.227 40.4713 8.37328e-39 1.46834e-39 8.37328e-39 1.46834e-39 7.16908e-39 9.07065e-40 
148.227 44.7214 8.40597e-39 1.53088e-39 8.40597e-39 1.53088e-39 7.25298e-39 9.82024e-40 
148.227 49.4177 8.44464e-39 1.60771e-39 8.44464e-39 1.60771e-39 7.33462e-39 1.06751e-39 
148.227 54.6073 8.49051e-39 1.70206e-39 8.49051e-39 1.70206e-39 7.41606e-39 1.16675e-39 
148.227 60.3418 8.54503e-39 1.81786e-39 8.54503e-39 1.81786e-39 7.49976e-39 1.28377e-39 
148.227 66.6785 8.61019e-39 1.95997e-39 8.61019e-39 1.95997e-39 7.58852e-39 1.42362e-39 
148.227 73.6806 8.68823e-39 2.13433e-39 8.68823e-39 2.13433e-39 7.68571e-39 1.59257e-39 
148.227 81.4181 8.78219e-39 2.34817e-39 8.78219e-39 2.34817e-39 7.79557e-39 1.79849e-39 
148.227 89.9681 8.89609e-39 2.61041e-39 8.89609e-39 2.61041e-39 7.92374e-39 2.05129e-39 
148.227 99.416 9.03574e-39 2.93203e-39 9.03574e-39 2.93203e-39 8.07822e-39 2.36352e-39 
148.227 109.856 9.21036e-39 3.32647e-39 9.21036e-39 3.32647e-39 8.27172e-39 2.75161e-39 
148.227 121.392 9.4399e-39 3.81138e-39 9.4399e-39 3.81138e-39 8.53118e-39 3.23918e-39 
148.227 134.14 9.79585e-39 4.41857e-39 9.79585e-39 4.41857e-39 8.94221e-39 3.86877e-39 
148.227 148.227 0 0 0 0 0 0 
148.227 163.793 0 0 0 0 0 0 
148.227 180.993 0 0 0 0 0 0 
148.227 200 0 0 0 0 0 0 
163.793 10 8.15905e-39 1.22354e-39 8.15905e-39 1.22354e-39 4.69547e-39 2.27821e-40 
163.793 11.0501 8.1627e-39 1.22603e-39 8.1627e-39 1.22603e-39 5.00348e-39 2.64577e-40 
163.793 12.2106 8.16685e-39 1.22917e-39 8.16685e-39 1.22917e-39 5.28452e-39 3.03427e-40 
163.793 13.4928 8.17159e-39 1.2331e-39 8.17159e-39 1.2331e-39 5.53976e-39 3.44129e-40 
163.793 14.9098 8.17704e-39 1.23801e-39 8.17704e-39 1.23801e-39 5.77074e-39 3.86398e-40 
163.793 16.4755 8.18328e-39 1.24413e-39 8.18328e-39 1.24413e-39 5.97924e-39 4.29953e-40 
163.793 18.2056 8.19038e-39 1.25174e-39 8.19038e-39 1.25174e-39 6.16696e-39 4.74558e-40 
163.793 20.1175 8.19861e-39 1.26119e-39 8.19861e-39 1.26119e-39 6.33581e-39 5.20029e-40 
163.793 22.2301 8.20812e-39 1.2729e-39 8.20812e-39 1.2729e-39 6.48778e-39 5.66363e-40 
163.793 24.5646 8.21915e-39 1.28738e-39 8.21915e-39 1.28738e-39 6.62485e-39 6.13742e-40 
163.793 27.1442 8.23191e-39 1.30528e-39 8.23191e-39 1.30528e-39 6.74861e-39 6.62448e-40 
163.793 29.9947 8.2468e-39 1.32737e-39 8.2468e-39 1.32737e-39 6.86082e-39 7.12854e-40 
163.793 33.1445 8.26416e-39 1.3546e-39 8.26416e-39 1.3546e-39 6.96311e-39 7.65602e-40 
163.793 36.6252 8.28448e-39 1.38815e-39 8.28448e-39 1.38815e-39 7.05716e-39 8.21594e-40 
163.793 40.4713 8.30831e-39 1.42944e-39 8.30831e-39 1.42944e-39 7.14449e-39 8.82026e-40 
163.793 44.7214 8.33634e-39 1.48023e-39 8.33634e-39 1.48023e-39 7.22683e-39 9.48516e-40 
163.793 49.4177 8.36941e-39 1.54266e-39 8.36941e-39 1.54266e-39 7.30589e-39 1.02309e-39 
163.793 54.6073 8.40847e-39 1.61935e-39 8.40847e-39 1.61935e-39 7.38347e-39 1.10832e-39 
163.793 60.3418 8.4548e-39 1.71353e-39 8.4548e-39 1.71353e-39 7.46171e-39 1.20748e-39 
163.793 66.6785 8.50989e-39 1.82913e-39 8.50989e-39 1.82913e-39 7.5429e-39 1.32459e-39 
163.793 73.6806 8.57561e-39 1.97098e-39 8.57561e-39 1.97098e-39 7.62977e-39 1.46471e-39 
163.793 81.4181 8.65429e-39 2.14498e-39 8.65429e-39 2.14498e-39 7.72562e-39 1.6341e-39 
163.793 89.9681 8.74897e-39 2.3584e-39 8.74897e-39 2.3584e-39 7.8347e-39 1.84067e-39 
163.793 99.416 8.86364e-39 2.62011e-39 8.86364e-39 2.62011e-39 7.96241e-39 2.09421e-39 
163.793 109.856 9.00401e-39 2.94102e-39 9.00401e-39 2.94102e-39 8.11657e-39 2.40719e-39 
163.793 121.392 9.17919e-39 3.3345e-39 9.17919e-39 3.3345e-39 8.3097e-39 2.79584e-39 
163.793 134.14 9.40821e-39 3.81782e-39 9.40821e-39 3.81782e-39 8.56737e-39 3.28304e-39 
163.793 148.227 9.75932e-39 4.42042e-39 9.75932e-39 4.42042e-39 8.97168e-39 3.90955e-39 
163.793 163.793 0 0 0 0 0 0 
163.793 180.993 0 0 0 0 0 0 
163.793 200 0 0 0 0 0 0 
180.993 10 8.11573e-39 1.23378e-39 8.11573e-39 1.23378e-39 4.65614e-39 2.27013e-40 
180.993 11.0501 8.119e-39 1.23576e-39 8.119e-39 1.23576e-39 4.9646e-39 2.63756e-40 
180.993 12.2106 8.12272e-39 1.23824e-39 8.12272e-39 1.23824e-39 5.24644e-39 3.02593e-40 
180.993 13.4928 8.12695e-39 1.24138e-39 8.12695e-39 1.24138e-39 5.50272e-39 3.43276e-40 
180.993 14.9098 8.13177e-39 1.24531e-39 8.13177e-39 1.24531e-39 5.73498e-39 3.8552e-40 
180.993 16.4755 8.13729e-39 1.25021e-39 8.13729e-39 1.25021e-39 5.94483e-39 4.28978e-40 
180.993 18.2056 8.14362e-39 1.25633e-39 8.14362e-39 1.25633e-39 6.1341e-39 4.73402e-40 
180.993 20.1175 8.15088e-39 1.26393e-39 8.15088e-39 1.26393e-39 6.30453e-39 5.18523e-40 
180.993 22.2301 8.15925e-39 1.27336e-39 8.15925e-39 1.27336e-39 6.45796e-39 5.64225e-40 
180.993 24.5646 8.16891e-39 1.28505e-39 8.16891e-39 1.28505e-39 6.59617e-39 6.10516e-40 
180.993 27.1442 8.18009e-39 1.29951e-39 8.18009e-39 1.29951e-39 6.72091e-39 6.57574e-40 
180.993 29.9947 8.19306e-39 1.31738e-39 8.19306e-39 1.31738e-39 6.83388e-39 7.05783e-40 
180.993 33.1445 8.20821e-39 1.33942e-39 8.20821e-39 1.33942e-39 6.93667e-39 7.556e-40 
180.993 36.6252 8.22576e-39 1.36661e-39 8.22576e-39 1.36661e-39 7.03076e-39 8.07677e-40 
180.993 40.4713 8.24635e-39 1.40009e-39 8.24635e-39 1.40009e-39 7.11777e-39 8.63017e-40 
180.993 44.7214 8.27048e-39 1.44129e-39 8.27048e-39 1.44129e-39 7.19897e-39 9.22782e-40 
180.993 49.4177 8.29888e-39 1.49198e-39 8.29888e-39 1.49198e-39 7.27622e-39 9.887e-40 
180.993 54.6073 8.33231e-39 1.55429e-39 8.33231e-39 1.55429e-39 7.35095e-39 1.0628e-39 
180.993 60.3418 8.37184e-39 1.63085e-39 8.37184e-39 1.63085e-39 7.42507e-39 1.14772e-39 
180.993 66.6785 8.41871e-39 1.72486e-39 8.41871e-39 1.72486e-39 7.50058e-39 1.24672e-39 
180.993 73.6806 8.47436e-39 1.84026e-39 8.47436e-39 1.84026e-39 7.57956e-39 1.36385e-39 
180.993 81.4181 8.54074e-39 1.98185e-39 8.54074e-39 1.98185e-39 7.66495e-39 1.50416e-39 
180.993 89.9681 8.62017e-39 2.15553e-39 8.62017e-39 2.15553e-39 7.7598e-39 1.67393e-39 
180.993 99.416 8.71564e-39 2.36853e-39 8.71564e-39 2.36853e-39 7.86828e-39 1.88101e-39 
180.993 109.856 8.83119e-39 2.62974e-39 8.83119e-39 2.62974e-39 7.99577e-39 2.13516e-39 
180.993 121.392 8.97239e-39 2.94994e-39 8.97239e-39 2.94994e-39 8.14986e-39 2.44873e-39 
180.993 134.14 9.14831e-39 3.34257e-39 9.14831e-39 3.34257e-39 8.34277e-39 2.83781e-39 
180.993 148.227 9.37716e-39 3.82427e-39 9.37716e-39 3.82427e-39 8.59904e-39 3.3246e-39 
180.993 163.793 9.72385e-39 4.42262e-39 9.72385e-39 4.42262e-39 8.99721e-39 3.94806e-39 
180.993 180.993 0 0 0 0 0 0 
180.993 200 0 0 0 0 0 0 
200 10 8.07171e-39 1.24428e-39 8.07171e-39 1.24428e-39 4.61477e-39 2.26138e-40 
200 11.0501 8.07466e-39 1.24584e-39 8.07466e-39 1.24584e-39 4.92347e-39 2.62874e-40 
200 12.2106 8.07796e-39 1.24781e-39 8.07796e-39 1.24781e-39 5.20588e-39 3.01716e-40 
200 13.4928 8.08175e-39 1.2503e-39 8.08175e-39 1.2503e-39 5.463e-39 3.42405e-40 
200 14.9098 8.08606e-39 1.25344e-39 8.08606e-39 1.25344e-39 5.69635e-39 3.84646e-40 
200 16.4755 8.09102e-39 1.25736e-39 8.09102e-39 1.25736e-39 5.9075e-39 4.28099e-40 
200 18.2056 8.09665e-39 1.26227e-39 8.09665e-39 1.26227e-39 6.09817e-39 4.7245e-40 
200 20.1175 8.10314e-39 1.26837e-39 8.10314e-39 1.26837e-39 6.27002e-39 5.17382e-40 
200 22.2301 8.11054e-39 1.27597e-39 8.11054e-39 1.27597e-39 6.42486e-39 5.62712e-40 
200 24.5646 8.11906e-39 1.28539e-39 8.11906e-39 1.28539e-39 6.56438e-39 6.08341e-40 
200 27.1442 8.12884e-39 1.29719e-39 8.12884e-39 1.29719e-39 6.6901e-39 6.54259e-40 
200 29.9947 8.14022e-39 1.3115e-39 8.14022e-39 1.3115e-39 6.80388e-39 7.00791e-40 
200 33.1445 8.1534e-39 1.32934e-39 8.1534e-39 1.32934e-39 6.90725e-39 7.48346e-40 
200 36.6252 8.16874e-39 1.35135e-39 8.16874e-39 1.35135e-39 7.00161e-39 7.9739e-40 
200 40.4713 8.18661e-39 1.37848e-39 8.18661e-39 1.37848e-39 7.08839e-39 8.48679e-40 
200 44.7214 8.2075e-39 1.41189e-39 8.2075e-39 1.41189e-39 7.16908e-39 9.03218e-40 
200 49.4177 8.23198e-39 1.45302e-39 8.23198e-39 1.45302e-39 7.24503e-39 9.62294e-40 
200 54.6073 8.26075e-39 1.50361e-39 8.26075e-39 1.50361e-39 7.31772e-39 1.02757e-39 
200 60.3418 8.2946e-39 1.5658e-39 8.2946e-39 1.5658e-39 7.38876e-39 1.10116e-39 
200 66.6785 8.33466e-39 1.6422e-39 8.33466e-39 1.6422e-39 7.4599e-39 1.18572e-39 
200 73.6806 8.38207e-39 1.73603e-39 8.38207e-39 1.73603e-39 7.53315e-39 1.2845e-39 
200 81.4181 8.43839e-39 1.85121e-39 8.43839e-39 1.85121e-39 7.6103e-39 1.40158e-39 
200 89.9681 8.5055e-39 1.99256e-39 8.5055e-39 1.99256e-39 7.69441e-39 1.54201e-39 
200 99.416 8.58575e-39 2.16595e-39 8.58575e-39 2.16595e-39 7.78854e-39 1.71207e-39 
200 109.856 8.68214e-39 2.37857e-39 8.68214e-39 2.37857e-39 7.89667e-39 1.91956e-39 
200 121.392 8.79864e-39 2.63926e-39 8.79864e-39 2.63926e-39 8.02406e-39 2.17429e-39 
200 134.14 8.94087e-39 2.95886e-39 8.94087e-39 2.95886e-39 8.17837e-39 2.48829e-39 
200 148.227 9.11764e-39 3.35061e-39 9.11764e-39 3.35061e-39 8.37125e-39 2.87764e-39 
200 163.793 9.34666e-39 3.83086e-39 9.34666e-39 3.83086e-39 8.62653e-39 3.36399e-39 
200 180.993 9.6895e-39 4.42527e-39 9.6895e-39 4.42527e-39 9.01917e-39 3.98445e-39 
200 200 0 0 0 0 0 0 
