10 10 0 0 0 0 0 0 
10 11.0501 0 0 0 0 0 0 
10 12.2106 0 0 0 0 0 0 
10 13.4928 0 0 0 0 0 0 
10 14.9098 0 0 0 0 0 0 
10 16.4755 0 0 0 0 0 0 
10 18.2056 0 0 0 0 0 0 
10 20.1175 0 0 0 0 0 0 
10 22.2301 0 0 0 0 0 0 
10 24.5646 0 0 0 0 0 0 
10 27.1442 0 0 0 0 0 0 
10 29.9947 0 0 0 0 0 0 
10 33.1445 0 0 0 0 0 0 
10 36.6252 0 0 0 0 0 0 
10 40.4713 0 0 0 0 0 0 
10 44.7214 0 0 0 0 0 0 
10 49.4177 0 0 0 0 0 0 
10 54.6073 0 0 0 0 0 0 
10 60.3418 0 0 0 0 0 0 
10 66.6785 0 0 0 0 0 0 
10 73.6806 0 0 0 0 0 0 
10 81.4181 0 0 0 0 0 0 
10 89.9681 0 0 0 0 0 0 
10 99.416 0 0 0 0 0 0 
10 109.856 0 0 0 0 0 0 
10 121.392 0 0 0 0 0 0 
10 134.14 0 0 0 0 0 0 
10 148.227 0 0 0 0 0 0 
10 163.793 0 0 0 0 0 0 
10 180.993 0 0 0 0 0 0 
10 200 0 0 0 0 0 0 
11.0501 10 2.67602e-39 2.28267e-39 2.67602e-39 2.28267e-39 2.67602e-39 2.28267e-39 
11.0501 11.0501 0 0 0 0 0 0 
11.0501 12.2106 0 0 0 0 0 0 
11.0501 13.4928 0 0 0 0 0 0 
11.0501 14.9098 0 0 0 0 0 0 
11.0501 16.4755 0 0 0 0 0 0 
11.0501 18.2056 0 0 0 0 0 0 
11.0501 20.1175 0 0 0 0 0 0 
11.0501 22.2301 0 0 0 0 0 0 
11.0501 24.5646 0 0 0 0 0 0 
11.0501 27.1442 0 0 0 0 0 0 
11.0501 29.9947 0 0 0 0 0 0 
11.0501 33.1445 0 0 0 0 0 0 
11.0501 36.6252 0 0 0 0 0 0 
11.0501 40.4713 0 0 0 0 0 0 
11.0501 44.7214 0 0 0 0 0 0 
11.0501 49.4177 0 0 0 0 0 0 
11.0501 54.6073 0 0 0 0 0 0 
11.0501 60.3418 0 0 0 0 0 0 
11.0501 66.6785 0 0 0 0 0 0 
11.0501 73.6806 0 0 0 0 0 0 
11.0501 81.4181 0 0 0 0 0 0 
11.0501 89.9681 0 0 0 0 0 0 
11.0501 99.416 0 0 0 0 0 0 
11.0501 109.856 0 0 0 0 0 0 
11.0501 121.392 0 0 0 0 0 0 
11.0501 134.14 0 0 0 0 0 0 
11.0501 148.227 0 0 0 0 0 0 
11.0501 163.793 0 0 0 0 0 0 
11.0501 180.993 0 0 0 0 0 0 
11.0501 200 0 0 0 0 0 0 
12.2106 10 2.58995e-39 1.92199e-39 2.58995e-39 1.92199e-39 2.58995e-39 1.92199e-39 
12.2106 11.0501 2.66222e-39 2.27286e-39 2.66222e-39 2.27286e-39 2.66222e-39 2.27286e-39 
12.2106 12.2106 0 0 0 0 0 0 
12.2106 13.4928 0 0 0 0 0 0 
12.2106 14.9098 0 0 0 0 0 0 
12.2106 16.4755 0 0 0 0 0 0 
12.2106 18.2056 0 0 0 0 0 0 
12.2106 20.1175 0 0 0 0 0 0 
12.2106 22.2301 0 0 0 0 0 0 
12.2106 24.5646 0 0 0 0 0 0 
12.2106 27.1442 0 0 0 0 0 0 
12.2106 29.9947 0 0 0 0 0 0 
12.2106 33.1445 0 0 0 0 0 0 
12.2106 36.6252 0 0 0 0 0 0 
12.2106 40.4713 0 0 0 0 0 0 
12.2106 44.7214 0 0 0 0 0 0 
12.2106 49.4177 0 0 0 0 0 0 
12.2106 54.6073 0 0 0 0 0 0 
12.2106 60.3418 0 0 0 0 0 0 
12.2106 66.6785 0 0 0 0 0 0 
12.2106 73.6806 0 0 0 0 0 0 
12.2106 81.4181 0 0 0 0 0 0 
12.2106 89.9681 0 0 0 0 0 0 
12.2106 99.416 0 0 0 0 0 0 
12.2106 109.856 0 0 0 0 0 0 
12.2106 121.392 0 0 0 0 0 0 
12.2106 134.14 0 0 0 0 0 0 
12.2106 148.227 0 0 0 0 0 0 
12.2106 163.793 0 0 0 0 0 0 
12.2106 180.993 0 0 0 0 0 0 
12.2106 200 0 0 0 0 0 0 
13.4928 10 2.52305e-39 1.6441e-39 2.52305e-39 1.6441e-39 2.52305e-39 1.6441e-39 
13.4928 11.0501 2.587e-39 1.92489e-39 2.587e-39 1.92489e-39 2.587e-39 1.92489e-39 
13.4928 12.2106 2.65078e-39 2.26522e-39 2.65078e-39 2.26522e-39 2.65078e-39 2.26522e-39 
13.4928 13.4928 0 0 0 0 0 0 
13.4928 14.9098 0 0 0 0 0 0 
13.4928 16.4755 0 0 0 0 0 0 
13.4928 18.2056 0 0 0 0 0 0 
13.4928 20.1175 0 0 0 0 0 0 
13.4928 22.2301 0 0 0 0 0 0 
13.4928 24.5646 0 0 0 0 0 0 
13.4928 27.1442 0 0 0 0 0 0 
13.4928 29.9947 0 0 0 0 0 0 
13.4928 33.1445 0 0 0 0 0 0 
13.4928 36.6252 0 0 0 0 0 0 
13.4928 40.4713 0 0 0 0 0 0 
13.4928 44.7214 0 0 0 0 0 0 
13.4928 49.4177 0 0 0 0 0 0 
13.4928 54.6073 0 0 0 0 0 0 
13.4928 60.3418 0 0 0 0 0 0 
13.4928 66.6785 0 0 0 0 0 0 
13.4928 73.6806 0 0 0 0 0 0 
13.4928 81.4181 0 0 0 0 0 0 
13.4928 89.9681 0 0 0 0 0 0 
13.4928 99.416 0 0 0 0 0 0 
13.4928 109.856 0 0 0 0 0 0 
13.4928 121.392 0 0 0 0 0 0 
13.4928 134.14 0 0 0 0 0 0 
13.4928 148.227 0 0 0 0 0 0 
13.4928 163.793 0 0 0 0 0 0 
13.4928 180.993 0 0 0 0 0 0 
13.4928 200 0 0 0 0 0 0 
14.9098 10 2.45487e-39 1.41177e-39 2.45487e-39 1.41177e-39 2.45487e-39 1.41177e-39 
14.9098 11.0501 2.51509e-39 1.64345e-39 2.51509e-39 1.64345e-39 2.51509e-39 1.64345e-39 
14.9098 12.2106 2.58273e-39 1.92632e-39 2.58273e-39 1.92632e-39 2.58273e-39 1.92632e-39 
14.9098 13.4928 2.64386e-39 2.26186e-39 2.64386e-39 2.26186e-39 2.64386e-39 2.26186e-39 
14.9098 14.9098 0 0 0 0 0 0 
14.9098 16.4755 0 0 0 0 0 0 
14.9098 18.2056 0 0 0 0 0 0 
14.9098 20.1175 0 0 0 0 0 0 
14.9098 22.2301 0 0 0 0 0 0 
14.9098 24.5646 0 0 0 0 0 0 
14.9098 27.1442 0 0 0 0 0 0 
14.9098 29.9947 0 0 0 0 0 0 
14.9098 33.1445 0 0 0 0 0 0 
14.9098 36.6252 0 0 0 0 0 0 
14.9098 40.4713 0 0 0 0 0 0 
14.9098 44.7214 0 0 0 0 0 0 
14.9098 49.4177 0 0 0 0 0 0 
14.9098 54.6073 0 0 0 0 0 0 
14.9098 60.3418 0 0 0 0 0 0 
14.9098 66.6785 0 0 0 0 0 0 
14.9098 73.6806 0 0 0 0 0 0 
14.9098 81.4181 0 0 0 0 0 0 
14.9098 89.9681 0 0 0 0 0 0 
14.9098 99.416 0 0 0 0 0 0 
14.9098 109.856 0 0 0 0 0 0 
14.9098 121.392 0 0 0 0 0 0 
14.9098 134.14 0 0 0 0 0 0 
14.9098 148.227 0 0 0 0 0 0 
14.9098 163.793 0 0 0 0 0 0 
14.9098 180.993 0 0 0 0 0 0 
14.9098 200 0 0 0 0 0 0 
16.4755 10 2.39507e-39 1.22383e-39 2.39507e-39 1.22383e-39 2.39507e-39 1.22383e-39 
16.4755 11.0501 2.44506e-39 1.41032e-39 2.44506e-39 1.41032e-39 2.44506e-39 1.41032e-39 
16.4755 12.2106 2.50627e-39 1.64181e-39 2.50627e-39 1.64181e-39 2.50627e-39 1.64181e-39 
16.4755 13.4928 2.5775e-39 1.92667e-39 2.5775e-39 1.92667e-39 2.5775e-39 1.92667e-39 
16.4755 14.9098 2.6422e-39 2.2634e-39 2.6422e-39 2.2634e-39 2.6422e-39 2.2634e-39 
16.4755 16.4755 0 0 0 0 0 0 
16.4755 18.2056 0 0 0 0 0 0 
16.4755 20.1175 0 0 0 0 0 0 
16.4755 22.2301 0 0 0 0 0 0 
16.4755 24.5646 0 0 0 0 0 0 
16.4755 27.1442 0 0 0 0 0 0 
16.4755 29.9947 0 0 0 0 0 0 
16.4755 33.1445 0 0 0 0 0 0 
16.4755 36.6252 0 0 0 0 0 0 
16.4755 40.4713 0 0 0 0 0 0 
16.4755 44.7214 0 0 0 0 0 0 
16.4755 49.4177 0 0 0 0 0 0 
16.4755 54.6073 0 0 0 0 0 0 
16.4755 60.3418 0 0 0 0 0 0 
16.4755 66.6785 0 0 0 0 0 0 
16.4755 73.6806 0 0 0 0 0 0 
16.4755 81.4181 0 0 0 0 0 0 
16.4755 89.9681 0 0 0 0 0 0 
16.4755 99.416 0 0 0 0 0 0 
16.4755 109.856 0 0 0 0 0 0 
16.4755 121.392 0 0 0 0 0 0 
16.4755 134.14 0 0 0 0 0 0 
16.4755 148.227 0 0 0 0 0 0 
16.4755 163.793 0 0 0 0 0 0 
16.4755 180.993 0 0 0 0 0 0 
16.4755 200 0 0 0 0 0 0 
18.2056 10 2.34416e-39 1.0729e-39 2.34416e-39 1.0729e-39 2.34416e-39 1.0729e-39 
18.2056 11.0501 2.38474e-39 1.22262e-39 2.38474e-39 1.22262e-39 2.38474e-39 1.22262e-39 
18.2056 12.2106 2.43507e-39 1.40857e-39 2.43507e-39 1.40857e-39 2.43507e-39 1.40857e-39 
18.2056 13.4928 2.49705e-39 1.63962e-39 2.49705e-39 1.63962e-39 2.49705e-39 1.63962e-39 
18.2056 14.9098 2.57168e-39 1.92636e-39 2.57168e-39 1.92636e-39 2.57168e-39 1.92636e-39 
18.2056 16.4755 2.64148e-39 2.26601e-39 2.64148e-39 2.26601e-39 2.64148e-39 2.26601e-39 
18.2056 18.2056 0 0 0 0 0 0 
18.2056 20.1175 0 0 0 0 0 0 
18.2056 22.2301 0 0 0 0 0 0 
18.2056 24.5646 0 0 0 0 0 0 
18.2056 27.1442 0 0 0 0 0 0 
18.2056 29.9947 0 0 0 0 0 0 
18.2056 33.1445 0 0 0 0 0 0 
18.2056 36.6252 0 0 0 0 0 0 
18.2056 40.4713 0 0 0 0 0 0 
18.2056 44.7214 0 0 0 0 0 0 
18.2056 49.4177 0 0 0 0 0 0 
18.2056 54.6073 0 0 0 0 0 0 
18.2056 60.3418 0 0 0 0 0 0 
18.2056 66.6785 0 0 0 0 0 0 
18.2056 73.6806 0 0 0 0 0 0 
18.2056 81.4181 0 0 0 0 0 0 
18.2056 89.9681 0 0 0 0 0 0 
18.2056 99.416 0 0 0 0 0 0 
18.2056 109.856 0 0 0 0 0 0 
18.2056 121.392 0 0 0 0 0 0 
18.2056 134.14 0 0 0 0 0 0 
18.2056 148.227 0 0 0 0 0 0 
18.2056 163.793 0 0 0 0 0 0 
18.2056 180.993 0 0 0 0 0 0 
18.2056 200 0 0 0 0 0 0 
20.1175 10 2.30155e-39 9.52522e-40 2.30155e-39 9.52522e-40 2.30155e-39 9.52522e-40 
20.1175 11.0501 2.33435e-39 1.07277e-39 2.33435e-39 1.07277e-39 2.33435e-39 1.07277e-39 
20.1175 12.2106 2.37462e-39 1.22148e-39 2.37462e-39 1.22148e-39 2.37462e-39 1.22148e-39 
20.1175 13.4928 2.42496e-39 1.40655e-39 2.42496e-39 1.40655e-39 2.42496e-39 1.40655e-39 
20.1175 14.9098 2.48766e-39 1.63714e-39 2.48766e-39 1.63714e-39 2.48766e-39 1.63714e-39 
20.1175 16.4755 2.56504e-39 1.92512e-39 2.56504e-39 1.92512e-39 2.56504e-39 1.92512e-39 
20.1175 18.2056 2.64079e-39 2.26874e-39 2.64079e-39 2.26874e-39 2.64079e-39 2.26874e-39 
20.1175 20.1175 0 0 0 0 0 0 
20.1175 22.2301 0 0 0 0 0 0 
20.1175 24.5646 0 0 0 0 0 0 
20.1175 27.1442 0 0 0 0 0 0 
20.1175 29.9947 0 0 0 0 0 0 
20.1175 33.1445 0 0 0 0 0 0 
20.1175 36.6252 0 0 0 0 0 0 
20.1175 40.4713 0 0 0 0 0 0 
20.1175 44.7214 0 0 0 0 0 0 
20.1175 49.4177 0 0 0 0 0 0 
20.1175 54.6073 0 0 0 0 0 0 
20.1175 60.3418 0 0 0 0 0 0 
20.1175 66.6785 0 0 0 0 0 0 
20.1175 73.6806 0 0 0 0 0 0 
20.1175 81.4181 0 0 0 0 0 0 
20.1175 89.9681 0 0 0 0 0 0 
20.1175 99.416 0 0 0 0 0 0 
20.1175 109.856 0 0 0 0 0 0 
20.1175 121.392 0 0 0 0 0 0 
20.1175 134.14 0 0 0 0 0 0 
20.1175 148.227 0 0 0 0 0 0 
20.1175 163.793 0 0 0 0 0 0 
20.1175 180.993 0 0 0 0 0 0 
20.1175 200 0 0 0 0 0 0 
22.2301 10 2.26518e-39 8.56087e-40 2.26518e-39 8.56087e-40 2.26518e-39 8.56087e-40 
22.2301 11.0501 2.29204e-39 9.53082e-40 2.29204e-39 9.53082e-40 2.29204e-39 9.53082e-40 
22.2301 12.2106 2.3248e-39 1.07272e-39 2.3248e-39 1.07272e-39 2.3248e-39 1.07272e-39 
22.2301 13.4928 2.36493e-39 1.2206e-39 2.36493e-39 1.2206e-39 2.36493e-39 1.2206e-39 
22.2301 14.9098 2.41488e-39 1.4044e-39 2.41488e-39 1.4044e-39 2.41488e-39 1.4044e-39 
22.2301 16.4755 2.47809e-39 1.63438e-39 2.47809e-39 1.63438e-39 2.47809e-39 1.63438e-39 
22.2301 18.2056 2.55727e-39 1.92265e-39 2.55727e-39 1.92265e-39 2.55727e-39 1.92265e-39 
22.2301 20.1175 2.64018e-39 2.27147e-39 2.64018e-39 2.27147e-39 2.64018e-39 2.27147e-39 
22.2301 22.2301 0 0 0 0 0 0 
22.2301 24.5646 0 0 0 0 0 0 
22.2301 27.1442 0 0 0 0 0 0 
22.2301 29.9947 0 0 0 0 0 0 
22.2301 33.1445 0 0 0 0 0 0 
22.2301 36.6252 0 0 0 0 0 0 
22.2301 40.4713 0 0 0 0 0 0 
22.2301 44.7214 0 0 0 0 0 0 
22.2301 49.4177 0 0 0 0 0 0 
22.2301 54.6073 0 0 0 0 0 0 
22.2301 60.3418 0 0 0 0 0 0 
22.2301 66.6785 0 0 0 0 0 0 
22.2301 73.6806 0 0 0 0 0 0 
22.2301 81.4181 0 0 0 0 0 0 
22.2301 89.9681 0 0 0 0 0 0 
22.2301 99.416 0 0 0 0 0 0 
22.2301 109.856 0 0 0 0 0 0 
22.2301 121.392 0 0 0 0 0 0 
22.2301 134.14 0 0 0 0 0 0 
22.2301 148.227 0 0 0 0 0 0 
22.2301 163.793 0 0 0 0 0 0 
22.2301 180.993 0 0 0 0 0 0 
22.2301 200 0 0 0 0 0 0 
24.5646 10 2.23398e-39 7.78883e-40 2.23398e-39 7.78883e-40 2.23398e-39 7.78883e-40 
24.5646 11.0501 2.25605e-39 8.57253e-40 2.25605e-39 8.57253e-40 2.25605e-39 8.57253e-40 
24.5646 12.2106 2.28281e-39 9.53708e-40 2.28281e-39 9.53708e-40 2.28281e-39 9.53708e-40 
24.5646 13.4928 2.31544e-39 1.07271e-39 2.31544e-39 1.07271e-39 2.31544e-39 1.07271e-39 
24.5646 14.9098 2.35549e-39 1.21983e-39 2.35549e-39 1.21983e-39 2.35549e-39 1.21983e-39 
24.5646 16.4755 2.40511e-39 1.40242e-39 2.40511e-39 1.40242e-39 2.40511e-39 1.40242e-39 
24.5646 18.2056 2.46834e-39 1.6313e-39 2.46834e-39 1.6313e-39 2.46834e-39 1.6313e-39 
24.5646 20.1175 2.54875e-39 1.91933e-39 2.54875e-39 1.91933e-39 2.54875e-39 1.91933e-39 
24.5646 22.2301 2.63907e-39 2.27361e-39 2.63907e-39 2.27361e-39 2.63907e-39 2.27361e-39 
24.5646 24.5646 0 0 0 0 0 0 
24.5646 27.1442 0 0 0 0 0 0 
24.5646 29.9947 0 0 0 0 0 0 
24.5646 33.1445 0 0 0 0 0 0 
24.5646 36.6252 0 0 0 0 0 0 
24.5646 40.4713 0 0 0 0 0 0 
24.5646 44.7214 0 0 0 0 0 0 
24.5646 49.4177 0 0 0 0 0 0 
24.5646 54.6073 0 0 0 0 0 0 
24.5646 60.3418 0 0 0 0 0 0 
24.5646 66.6785 0 0 0 0 0 0 
24.5646 73.6806 0 0 0 0 0 0 
24.5646 81.4181 0 0 0 0 0 0 
24.5646 89.9681 0 0 0 0 0 0 
24.5646 99.416 0 0 0 0 0 0 
24.5646 109.856 0 0 0 0 0 0 
24.5646 121.392 0 0 0 0 0 0 
24.5646 134.14 0 0 0 0 0 0 
24.5646 148.227 0 0 0 0 0 0 
24.5646 163.793 0 0 0 0 0 0 
24.5646 180.993 0 0 0 0 0 0 
24.5646 200 0 0 0 0 0 0 
27.1442 10 2.20696e-39 7.17082e-40 2.20696e-39 7.17082e-40 2.20696e-39 7.17082e-40 
27.1442 11.0501 2.22517e-39 7.80505e-40 2.22517e-39 7.80505e-40 2.22517e-39 7.80505e-40 
27.1442 12.2106 2.24717e-39 8.58486e-40 2.24717e-39 8.58486e-40 2.24717e-39 8.58486e-40 
27.1442 13.4928 2.27385e-39 9.54466e-40 2.27385e-39 9.54466e-40 2.27385e-39 9.54466e-40 
27.1442 14.9098 2.30635e-39 1.0728e-39 2.30635e-39 1.0728e-39 2.30635e-39 1.0728e-39 
27.1442 16.4755 2.34628e-39 1.2191e-39 2.34628e-39 1.2191e-39 2.34628e-39 1.2191e-39 
27.1442 18.2056 2.39572e-39 1.40068e-39 2.39572e-39 1.40068e-39 2.39572e-39 1.40068e-39 
27.1442 20.1175 2.45852e-39 1.62803e-39 2.45852e-39 1.62803e-39 2.45852e-39 1.62803e-39 
27.1442 22.2301 2.53992e-39 1.91562e-39 2.53992e-39 1.91562e-39 2.53992e-39 1.91562e-39 
27.1442 24.5646 2.63662e-39 2.27433e-39 2.63662e-39 2.27433e-39 2.63662e-39 2.27433e-39 
27.1442 27.1442 0 0 0 0 0 0 
27.1442 29.9947 0 0 0 0 0 0 
27.1442 33.1445 0 0 0 0 0 0 
27.1442 36.6252 0 0 0 0 0 0 
27.1442 40.4713 0 0 0 0 0 0 
27.1442 44.7214 0 0 0 0 0 0 
27.1442 49.4177 0 0 0 0 0 0 
27.1442 54.6073 0 0 0 0 0 0 
27.1442 60.3418 0 0 0 0 0 0 
27.1442 66.6785 0 0 0 0 0 0 
27.1442 73.6806 0 0 0 0 0 0 
27.1442 81.4181 0 0 0 0 0 0 
27.1442 89.9681 0 0 0 0 0 0 
27.1442 99.416 0 0 0 0 0 0 
27.1442 109.856 0 0 0 0 0 0 
27.1442 121.392 0 0 0 0 0 0 
27.1442 134.14 0 0 0 0 0 0 
27.1442 148.227 0 0 0 0 0 0 
27.1442 163.793 0 0 0 0 0 0 
27.1442 180.993 0 0 0 0 0 0 
27.1442 200 0 0 0 0 0 0 
29.9947 10 2.18345e-39 6.67718e-40 2.18345e-39 6.67718e-40 2.18345e-39 6.67718e-40 
29.9947 11.0501 2.19849e-39 7.19081e-40 2.19849e-39 7.19081e-40 2.19849e-39 7.19081e-40 
29.9947 12.2106 2.21662e-39 7.82189e-40 2.21662e-39 7.82189e-40 2.21662e-39 7.82189e-40 
29.9947 13.4928 2.23854e-39 8.59783e-40 2.23854e-39 8.59783e-40 2.23854e-39 8.59783e-40 
29.9947 14.9098 2.26515e-39 9.5528e-40 2.26515e-39 9.5528e-40 2.26515e-39 9.5528e-40 
29.9947 16.4755 2.29753e-39 1.073e-39 2.29753e-39 1.073e-39 2.29753e-39 1.073e-39 
29.9947 18.2056 2.33727e-39 1.21848e-39 2.33727e-39 1.21848e-39 2.33727e-39 1.21848e-39 
29.9947 20.1175 2.3866e-39 1.39907e-39 2.3866e-39 1.39907e-39 2.3866e-39 1.39907e-39 
29.9947 22.2301 2.44888e-39 1.62483e-39 2.44888e-39 1.62483e-39 2.44888e-39 1.62483e-39 
29.9947 24.5646 2.53093e-39 1.91164e-39 2.53093e-39 1.91164e-39 2.53093e-39 1.91164e-39 
29.9947 27.1442 2.6328e-39 2.27362e-39 2.6328e-39 2.27362e-39 2.6328e-39 2.27362e-39 
29.9947 29.9947 0 0 0 0 0 0 
29.9947 33.1445 0 0 0 0 0 0 
29.9947 36.6252 0 0 0 0 0 0 
29.9947 40.4713 0 0 0 0 0 0 
29.9947 44.7214 0 0 0 0 0 0 
29.9947 49.4177 0 0 0 0 0 0 
29.9947 54.6073 0 0 0 0 0 0 
29.9947 60.3418 0 0 0 0 0 0 
29.9947 66.6785 0 0 0 0 0 0 
29.9947 73.6806 0 0 0 0 0 0 
29.9947 81.4181 0 0 0 0 0 0 
29.9947 89.9681 0 0 0 0 0 0 
29.9947 99.416 0 0 0 0 0 0 
29.9947 109.856 0 0 0 0 0 0 
29.9947 121.392 0 0 0 0 0 0 
29.9947 134.14 0 0 0 0 0 0 
29.9947 148.227 0 0 0 0 0 0 
29.9947 163.793 0 0 0 0 0 0 
29.9947 180.993 0 0 0 0 0 0 
29.9947 200 0 0 0 0 0 0 
33.1445 10 2.16285e-39 6.28411e-40 2.16285e-39 6.28411e-40 2.16285e-39 6.28411e-40 
33.1445 11.0501 2.17531e-39 6.70036e-40 2.17531e-39 6.70036e-40 2.17531e-39 6.70036e-40 
33.1445 12.2106 2.19028e-39 7.21151e-40 2.19028e-39 7.21151e-40 2.19028e-39 7.21151e-40 
33.1445 13.4928 2.20834e-39 7.8395e-40 2.20834e-39 7.8395e-40 2.20834e-39 7.8395e-40 
33.1445 14.9098 2.23017e-39 8.61154e-40 2.23017e-39 8.61154e-40 2.23017e-39 8.61154e-40 
33.1445 16.4755 2.25667e-39 9.56171e-40 2.25667e-39 9.56171e-40 2.25667e-39 9.56171e-40 
33.1445 18.2056 2.28897e-39 1.07328e-39 2.28897e-39 1.07328e-39 2.28897e-39 1.07328e-39 
33.1445 20.1175 2.32856e-39 1.21798e-39 2.32856e-39 1.21798e-39 2.32856e-39 1.21798e-39 
33.1445 22.2301 2.37767e-39 1.39752e-39 2.37767e-39 1.39752e-39 2.37767e-39 1.39752e-39 
33.1445 24.5646 2.43968e-39 1.62194e-39 2.43968e-39 1.62194e-39 2.43968e-39 1.62194e-39 
33.1445 27.1442 2.5217e-39 1.90734e-39 2.5217e-39 1.90734e-39 2.5217e-39 1.90734e-39 
33.1445 29.9947 2.62828e-39 2.27214e-39 2.62828e-39 2.27214e-39 2.62828e-39 2.27214e-39 
33.1445 33.1445 0 0 0 0 0 0 
33.1445 36.6252 0 0 0 0 0 0 
33.1445 40.4713 0 0 0 0 0 0 
33.1445 44.7214 0 0 0 0 0 0 
33.1445 49.4177 0 0 0 0 0 0 
33.1445 54.6073 0 0 0 0 0 0 
33.1445 60.3418 0 0 0 0 0 0 
33.1445 66.6785 0 0 0 0 0 0 
33.1445 73.6806 0 0 0 0 0 0 
33.1445 81.4181 0 0 0 0 0 0 
33.1445 89.9681 0 0 0 0 0 0 
33.1445 99.416 0 0 0 0 0 0 
33.1445 109.856 0 0 0 0 0 0 
33.1445 121.392 0 0 0 0 0 0 
33.1445 134.14 0 0 0 0 0 0 
33.1445 148.227 0 0 0 0 0 0 
33.1445 163.793 0 0 0 0 0 0 
33.1445 180.993 0 0 0 0 0 0 
33.1445 200 0 0 0 0 0 0 
36.6252 10 2.14464e-39 5.97229e-40 2.14464e-39 5.97229e-40 2.14464e-39 5.97229e-40 
36.6252 11.0501 2.155e-39 6.30983e-40 2.155e-39 6.30983e-40 2.155e-39 6.30983e-40 
36.6252 12.2106 2.16742e-39 6.72417e-40 2.16742e-39 6.72417e-40 2.16742e-39 6.72417e-40 
36.6252 13.4928 2.18234e-39 7.23293e-40 2.18234e-39 7.23293e-40 2.18234e-39 7.23293e-40 
36.6252 14.9098 2.20033e-39 7.8579e-40 2.20033e-39 7.8579e-40 2.20033e-39 7.8579e-40 
36.6252 16.4755 2.22208e-39 8.62615e-40 2.22208e-39 8.62615e-40 2.22208e-39 8.62615e-40 
36.6252 18.2056 2.24847e-39 9.57149e-40 2.24847e-39 9.57149e-40 2.24847e-39 9.57149e-40 
36.6252 20.1175 2.28065e-39 1.07366e-39 2.28065e-39 1.07366e-39 2.28065e-39 1.07366e-39 
36.6252 22.2301 2.32012e-39 1.21759e-39 2.32012e-39 1.21759e-39 2.32012e-39 1.21759e-39 
36.6252 24.5646 2.369e-39 1.3961e-39 2.369e-39 1.3961e-39 2.369e-39 1.3961e-39 
36.6252 27.1442 2.43077e-39 1.61922e-39 2.43077e-39 1.61922e-39 2.43077e-39 1.61922e-39 
36.6252 29.9947 2.51229e-39 1.90276e-39 2.51229e-39 1.90276e-39 2.51229e-39 1.90276e-39 
36.6252 33.1445 2.62299e-39 2.26985e-39 2.62299e-39 2.26985e-39 2.62299e-39 2.26985e-39 
36.6252 36.6252 0 0 0 0 0 0 
36.6252 40.4713 0 0 0 0 0 0 
36.6252 44.7214 0 0 0 0 0 0 
36.6252 49.4177 0 0 0 0 0 0 
36.6252 54.6073 0 0 0 0 0 0 
36.6252 60.3418 0 0 0 0 0 0 
36.6252 66.6785 0 0 0 0 0 0 
36.6252 73.6806 0 0 0 0 0 0 
36.6252 81.4181 0 0 0 0 0 0 
36.6252 89.9681 0 0 0 0 0 0 
36.6252 99.416 0 0 0 0 0 0 
36.6252 109.856 0 0 0 0 0 0 
36.6252 121.392 0 0 0 0 0 0 
36.6252 134.14 0 0 0 0 0 0 
36.6252 148.227 0 0 0 0 0 0 
36.6252 163.793 0 0 0 0 0 0 
36.6252 180.993 0 0 0 0 0 0 
36.6252 200 0 0 0 0 0 0 
40.4713 10 2.12839e-39 5.72603e-40 2.12839e-39 5.72603e-40 2.12839e-39 5.72603e-40 
40.4713 11.0501 2.13702e-39 5.99987e-40 2.13702e-39 5.99987e-40 2.13702e-39 5.99987e-40 
40.4713 12.2106 2.14735e-39 6.33597e-40 2.14735e-39 6.33597e-40 2.14735e-39 6.33597e-40 
40.4713 13.4928 2.15974e-39 6.74851e-40 2.15974e-39 6.74851e-40 2.15974e-39 6.74851e-40 
40.4713 14.9098 2.17464e-39 7.255e-40 2.17464e-39 7.255e-40 2.17464e-39 7.255e-40 
40.4713 16.4755 2.19258e-39 7.87708e-40 2.19258e-39 7.87708e-40 2.19258e-39 7.87708e-40 
40.4713 18.2056 2.21426e-39 8.64172e-40 2.21426e-39 8.64172e-40 2.21426e-39 8.64172e-40 
40.4713 20.1175 2.24056e-39 9.58229e-40 2.24056e-39 9.58229e-40 2.24056e-39 9.58229e-40 
40.4713 22.2301 2.2726e-39 1.07414e-39 2.2726e-39 1.07414e-39 2.2726e-39 1.07414e-39 
40.4713 24.5646 2.31192e-39 1.21731e-39 2.31192e-39 1.21731e-39 2.31192e-39 1.21731e-39 
40.4713 27.1442 2.36061e-39 1.39483e-39 2.36061e-39 1.39483e-39 2.36061e-39 1.39483e-39 
40.4713 29.9947 2.42206e-39 1.61661e-39 2.42206e-39 1.61661e-39 2.42206e-39 1.61661e-39 
40.4713 33.1445 2.50287e-39 1.89809e-39 2.50287e-39 1.89809e-39 2.50287e-39 1.89809e-39 
40.4713 36.6252 2.61651e-39 2.2663e-39 2.61651e-39 2.2663e-39 2.61651e-39 2.2663e-39 
40.4713 40.4713 0 0 0 0 0 0 
40.4713 44.7214 0 0 0 0 0 0 
40.4713 49.4177 0 0 0 0 0 0 
40.4713 54.6073 0 0 0 0 0 0 
40.4713 60.3418 0 0 0 0 0 0 
40.4713 66.6785 0 0 0 0 0 0 
40.4713 73.6806 0 0 0 0 0 0 
40.4713 81.4181 0 0 0 0 0 0 
40.4713 89.9681 0 0 0 0 0 0 
40.4713 99.416 0 0 0 0 0 0 
40.4713 109.856 0 0 0 0 0 0 
40.4713 121.392 0 0 0 0 0 0 
40.4713 134.14 0 0 0 0 0 0 
40.4713 148.227 0 0 0 0 0 0 
40.4713 163.793 0 0 0 0 0 0 
40.4713 180.993 0 0 0 0 0 0 
40.4713 200 0 0 0 0 0 0 
44.7214 10 2.11373e-39 5.53271e-40 2.11373e-39 5.53271e-40 2.11373e-39 5.53271e-40 
44.7214 11.0501 2.12095e-39 5.75494e-40 2.12095e-39 5.75494e-40 2.12095e-39 5.75494e-40 
44.7214 12.2106 2.12957e-39 6.02769e-40 2.12957e-39 6.02769e-40 2.12957e-39 6.02769e-40 
44.7214 13.4928 2.13989e-39 6.36242e-40 2.13989e-39 6.36242e-40 2.13989e-39 6.36242e-40 
44.7214 14.9098 2.15227e-39 6.77325e-40 2.15227e-39 6.77325e-40 2.15227e-39 6.77325e-40 
44.7214 16.4755 2.16714e-39 7.27757e-40 2.16714e-39 7.27757e-40 2.16714e-39 7.27757e-40 
44.7214 18.2056 2.18504e-39 7.89693e-40 2.18504e-39 7.89693e-40 2.18504e-39 7.89693e-40 
44.7214 20.1175 2.20669e-39 8.65799e-40 2.20669e-39 8.65799e-40 2.20669e-39 8.65799e-40 
44.7214 22.2301 2.23291e-39 9.59412e-40 2.23291e-39 9.59412e-40 2.23291e-39 9.59412e-40 
44.7214 24.5646 2.26483e-39 1.07473e-39 2.26483e-39 1.07473e-39 2.26483e-39 1.07473e-39 
44.7214 27.1442 2.30398e-39 1.21714e-39 2.30398e-39 1.21714e-39 2.30398e-39 1.21714e-39 
44.7214 29.9947 2.35248e-39 1.39369e-39 2.35248e-39 1.39369e-39 2.35248e-39 1.39369e-39 
44.7214 33.1445 2.41358e-39 1.61411e-39 2.41358e-39 1.61411e-39 2.41358e-39 1.61411e-39 
44.7214 36.6252 2.49377e-39 1.89365e-39 2.49377e-39 1.89365e-39 2.49377e-39 1.89365e-39 
44.7214 40.4713 2.60895e-39 2.26164e-39 2.60895e-39 2.26164e-39 2.60895e-39 2.26164e-39 
44.7214 44.7214 0 0 0 0 0 0 
44.7214 49.4177 0 0 0 0 0 0 
44.7214 54.6073 0 0 0 0 0 0 
44.7214 60.3418 0 0 0 0 0 0 
44.7214 66.6785 0 0 0 0 0 0 
44.7214 73.6806 0 0 0 0 0 0 
44.7214 81.4181 0 0 0 0 0 0 
44.7214 89.9681 0 0 0 0 0 0 
44.7214 99.416 0 0 0 0 0 0 
44.7214 109.856 0 0 0 0 0 0 
44.7214 121.392 0 0 0 0 0 0 
44.7214 134.14 0 0 0 0 0 0 
44.7214 148.227 0 0 0 0 0 0 
44.7214 163.793 0 0 0 0 0 0 
44.7214 180.993 0 0 0 0 0 0 
44.7214 200 0 0 0 0 0 0 
49.4177 10 2.1004e-39 5.38225e-40 2.1004e-39 5.38225e-40 2.1004e-39 5.38225e-40 
49.4177 11.0501 2.10645e-39 5.5626e-40 2.10645e-39 5.5626e-40 2.10645e-39 5.5626e-40 
49.4177 12.2106 2.11366e-39 5.78397e-40 2.11366e-39 5.78397e-40 2.11366e-39 5.78397e-40 
49.4177 13.4928 2.12227e-39 6.05565e-40 2.12227e-39 6.05565e-40 2.12227e-39 6.05565e-40 
49.4177 14.9098 2.13259e-39 6.38908e-40 2.13259e-39 6.38908e-40 2.13259e-39 6.38908e-40 
49.4177 16.4755 2.14496e-39 6.79828e-40 2.14496e-39 6.79828e-40 2.14496e-39 6.79828e-40 
49.4177 18.2056 2.15982e-39 7.30056e-40 2.15982e-39 7.30056e-40 2.15982e-39 7.30056e-40 
49.4177 20.1175 2.17773e-39 7.91731e-40 2.17773e-39 7.91731e-40 2.17773e-39 7.91731e-40 
49.4177 22.2301 2.19933e-39 8.67504e-40 2.19933e-39 8.67504e-40 2.19933e-39 8.67504e-40 
49.4177 24.5646 2.2255e-39 9.60681e-40 2.2255e-39 9.60681e-40 2.2255e-39 9.60681e-40 
49.4177 27.1442 2.25734e-39 1.07545e-39 2.25734e-39 1.07545e-39 2.25734e-39 1.07545e-39 
49.4177 29.9947 2.29633e-39 1.2171e-39 2.29633e-39 1.2171e-39 2.29633e-39 1.2171e-39 
49.4177 33.1445 2.3446e-39 1.39267e-39 2.3446e-39 1.39267e-39 2.3446e-39 1.39267e-39 
49.4177 36.6252 2.40539e-39 1.6118e-39 2.40539e-39 1.6118e-39 2.40539e-39 1.6118e-39 
49.4177 40.4713 2.48505e-39 1.88954e-39 2.48505e-39 1.88954e-39 2.48505e-39 1.88954e-39 
49.4177 44.7214 2.60085e-39 2.25636e-39 2.60085e-39 2.25636e-39 2.60085e-39 2.25636e-39 
49.4177 49.4177 0 0 0 0 0 0 
49.4177 54.6073 0 0 0 0 0 0 
49.4177 60.3418 0 0 0 0 0 0 
49.4177 66.6785 0 0 0 0 0 0 
49.4177 73.6806 0 0 0 0 0 0 
49.4177 81.4181 0 0 0 0 0 0 
49.4177 89.9681 0 0 0 0 0 0 
49.4177 99.416 0 0 0 0 0 0 
49.4177 109.856 0 0 0 0 0 0 
49.4177 121.392 0 0 0 0 0 0 
49.4177 134.14 0 0 0 0 0 0 
49.4177 148.227 0 0 0 0 0 0 
49.4177 163.793 0 0 0 0 0 0 
49.4177 180.993 0 0 0 0 0 0 
49.4177 200 0 0 0 0 0 0 
54.6073 10 2.08816e-39 5.26657e-40 2.08816e-39 5.26657e-40 2.08816e-39 5.26657e-40 
54.6073 11.0501 2.09324e-39 5.41292e-40 2.09324e-39 5.41292e-40 2.09324e-39 5.41292e-40 
54.6073 12.2106 2.09929e-39 5.59258e-40 2.09929e-39 5.59258e-40 2.09929e-39 5.59258e-40 
54.6073 13.4928 2.1065e-39 5.81311e-40 2.1065e-39 5.81311e-40 2.1065e-39 5.81311e-40 
54.6073 14.9098 2.11511e-39 6.08376e-40 2.11511e-39 6.08376e-40 2.11511e-39 6.08376e-40 
54.6073 16.4755 2.12543e-39 6.4159e-40 2.12543e-39 6.4159e-40 2.12543e-39 6.4159e-40 
54.6073 18.2056 2.1378e-39 6.82352e-40 2.1378e-39 6.82352e-40 2.1378e-39 6.82352e-40 
54.6073 20.1175 2.15267e-39 7.32382e-40 2.15267e-39 7.32382e-40 2.15267e-39 7.32382e-40 
54.6073 22.2301 2.17057e-39 7.93809e-40 2.17057e-39 7.93809e-40 2.17057e-39 7.93809e-40 
54.6073 24.5646 2.19218e-39 8.69266e-40 2.19218e-39 8.69266e-40 2.19218e-39 8.69266e-40 
54.6073 27.1442 2.21832e-39 9.62037e-40 2.21832e-39 9.62037e-40 2.21832e-39 9.62037e-40 
54.6073 29.9947 2.25009e-39 1.07625e-39 2.25009e-39 1.07625e-39 2.25009e-39 1.07625e-39 
54.6073 33.1445 2.28895e-39 1.21719e-39 2.28895e-39 1.21719e-39 2.28895e-39 1.21719e-39 
54.6073 36.6252 2.33698e-39 1.39179e-39 2.33698e-39 1.39179e-39 2.33698e-39 1.39179e-39 
54.6073 40.4713 2.39747e-39 1.60965e-39 2.39747e-39 1.60965e-39 2.39747e-39 1.60965e-39 
54.6073 44.7214 2.47665e-39 1.8856e-39 2.47665e-39 1.8856e-39 2.47665e-39 1.8856e-39 
54.6073 49.4177 2.59249e-39 2.25078e-39 2.59249e-39 2.25078e-39 2.59249e-39 2.25078e-39 
54.6073 54.6073 0 0 0 0 0 0 
54.6073 60.3418 0 0 0 0 0 0 
54.6073 66.6785 0 0 0 0 0 0 
54.6073 73.6806 0 0 0 0 0 0 
54.6073 81.4181 0 0 0 0 0 0 
54.6073 89.9681 0 0 0 0 0 0 
54.6073 99.416 0 0 0 0 0 0 
54.6073 109.856 0 0 0 0 0 0 
54.6073 121.392 0 0 0 0 0 0 
54.6073 134.14 0 0 0 0 0 0 
54.6073 148.227 0 0 0 0 0 0 
54.6073 163.793 0 0 0 0 0 0 
54.6073 180.993 0 0 0 0 0 0 
54.6073 200 0 0 0 0 0 0 
60.3418 10 2.0768e-39 5.17876e-40 2.0768e-39 5.17876e-40 2.0768e-39 5.17876e-40 
60.3418 11.0501 2.08109e-39 5.29769e-40 2.08109e-39 5.29769e-40 2.08109e-39 5.29769e-40 
60.3418 12.2106 2.08617e-39 5.44354e-40 2.08617e-39 5.44354e-40 2.08617e-39 5.44354e-40 
60.3418 13.4928 2.09223e-39 5.62258e-40 2.09223e-39 5.62258e-40 2.09223e-39 5.62258e-40 
60.3418 14.9098 2.09945e-39 5.84232e-40 2.09945e-39 5.84232e-40 2.09945e-39 5.84232e-40 
60.3418 16.4755 2.10808e-39 6.11198e-40 2.10808e-39 6.11198e-40 2.10808e-39 6.11198e-40 
60.3418 18.2056 2.1184e-39 6.44287e-40 2.1184e-39 6.44287e-40 2.1184e-39 6.44287e-40 
60.3418 20.1175 2.13079e-39 6.84892e-40 2.13079e-39 6.84892e-40 2.13079e-39 6.84892e-40 
60.3418 22.2301 2.14566e-39 7.3473e-40 2.14566e-39 7.3473e-40 2.14566e-39 7.3473e-40 
60.3418 24.5646 2.16357e-39 7.95916e-40 2.16357e-39 7.95916e-40 2.16357e-39 7.95916e-40 
60.3418 27.1442 2.18519e-39 8.71071e-40 2.18519e-39 8.71071e-40 2.18519e-39 8.71071e-40 
60.3418 29.9947 2.21133e-39 9.63455e-40 2.21133e-39 9.63455e-40 2.21133e-39 9.63455e-40 
60.3418 33.1445 2.24307e-39 1.07716e-39 2.24307e-39 1.07716e-39 2.24307e-39 1.07716e-39 
60.3418 36.6252 2.28183e-39 1.21741e-39 2.28183e-39 1.21741e-39 2.28183e-39 1.21741e-39 
60.3418 40.4713 2.32965e-39 1.39107e-39 2.32965e-39 1.39107e-39 2.32965e-39 1.39107e-39 
60.3418 44.7214 2.3898e-39 1.60764e-39 2.3898e-39 1.60764e-39 2.3898e-39 1.60764e-39 
60.3418 49.4177 2.4684e-39 1.88177e-39 2.4684e-39 1.88177e-39 2.4684e-39 1.88177e-39 
60.3418 54.6073 2.58391e-39 2.24493e-39 2.58391e-39 2.24493e-39 2.58391e-39 2.24493e-39 
60.3418 60.3418 0 0 0 0 0 0 
60.3418 66.6785 0 0 0 0 0 0 
60.3418 73.6806 0 0 0 0 0 0 
60.3418 81.4181 0 0 0 0 0 0 
60.3418 89.9681 0 0 0 0 0 0 
60.3418 99.416 0 0 0 0 0 0 
60.3418 109.856 0 0 0 0 0 0 
60.3418 121.392 0 0 0 0 0 0 
60.3418 134.14 0 0 0 0 0 0 
60.3418 148.227 0 0 0 0 0 0 
60.3418 163.793 0 0 0 0 0 0 
60.3418 180.993 0 0 0 0 0 0 
60.3418 200 0 0 0 0 0 0 
66.6785 10 2.06618e-39 5.11395e-40 2.06618e-39 5.11395e-40 2.06618e-39 5.11395e-40 
66.6785 11.0501 2.0698e-39 5.2103e-40 2.0698e-39 5.2103e-40 2.0698e-39 5.2103e-40 
66.6785 12.2106 2.07409e-39 5.32867e-40 2.07409e-39 5.32867e-40 2.07409e-39 5.32867e-40 
66.6785 13.4928 2.07918e-39 5.47402e-40 2.07918e-39 5.47402e-40 2.07918e-39 5.47402e-40 
66.6785 14.9098 2.08525e-39 5.65245e-40 2.08525e-39 5.65245e-40 2.08525e-39 5.65245e-40 
66.6785 16.4755 2.09249e-39 5.87144e-40 2.09249e-39 5.87144e-40 2.09249e-39 5.87144e-40 
66.6785 18.2056 2.10114e-39 6.14017e-40 2.10114e-39 6.14017e-40 2.10114e-39 6.14017e-40 
66.6785 20.1175 2.11148e-39 6.46992e-40 2.11148e-39 6.46992e-40 2.11148e-39 6.46992e-40 
66.6785 22.2301 2.12388e-39 6.87449e-40 2.12388e-39 6.87449e-40 2.12388e-39 6.87449e-40 
66.6785 24.5646 2.13878e-39 7.37101e-40 2.13878e-39 7.37101e-40 2.13878e-39 7.37101e-40 
66.6785 27.1442 2.15672e-39 7.98051e-40 2.15672e-39 7.98051e-40 2.15672e-39 7.98051e-40 
66.6785 29.9947 2.17835e-39 8.7291e-40 2.17835e-39 8.7291e-40 2.17835e-39 8.7291e-40 
66.6785 33.1445 2.20451e-39 9.64921e-40 2.20451e-39 9.64921e-40 2.20451e-39 9.64921e-40 
66.6785 36.6252 2.23625e-39 1.07814e-39 2.23625e-39 1.07814e-39 2.23625e-39 1.07814e-39 
66.6785 40.4713 2.27495e-39 1.21775e-39 2.27495e-39 1.21775e-39 2.27495e-39 1.21775e-39 
66.6785 44.7214 2.3226e-39 1.3905e-39 2.3226e-39 1.3905e-39 2.3226e-39 1.3905e-39 
66.6785 49.4177 2.38239e-39 1.6058e-39 2.38239e-39 1.6058e-39 2.38239e-39 1.6058e-39 
66.6785 54.6073 2.46037e-39 1.87813e-39 2.46037e-39 1.87813e-39 2.46037e-39 1.87813e-39 
66.6785 60.3418 2.57505e-39 2.23875e-39 2.57505e-39 2.23875e-39 2.57505e-39 2.23875e-39 
66.6785 66.6785 0 0 0 0 0 0 
66.6785 73.6806 0 0 0 0 0 0 
66.6785 81.4181 0 0 0 0 0 0 
66.6785 89.9681 0 0 0 0 0 0 
66.6785 99.416 0 0 0 0 0 0 
66.6785 109.856 0 0 0 0 0 0 
66.6785 121.392 0 0 0 0 0 0 
66.6785 134.14 0 0 0 0 0 0 
66.6785 148.227 0 0 0 0 0 0 
66.6785 163.793 0 0 0 0 0 0 
66.6785 180.993 0 0 0 0 0 0 
66.6785 200 0 0 0 0 0 0 
73.6806 10 2.05617e-39 5.06738e-40 2.05617e-39 5.06738e-40 2.05617e-39 5.06738e-40 
73.6806 11.0501 2.05923e-39 5.14551e-40 2.05923e-39 5.14551e-40 2.05923e-39 5.14551e-40 
73.6806 12.2106 2.06285e-39 5.24153e-40 2.06285e-39 5.24153e-40 2.06285e-39 5.24153e-40 
73.6806 13.4928 2.06715e-39 5.35943e-40 2.06715e-39 5.35943e-40 2.06715e-39 5.35943e-40 
73.6806 14.9098 2.07226e-39 5.50434e-40 2.07226e-39 5.50434e-40 2.07226e-39 5.50434e-40 
73.6806 16.4755 2.07834e-39 5.68218e-40 2.07834e-39 5.68218e-40 2.07834e-39 5.68218e-40 
73.6806 18.2056 2.08559e-39 5.90043e-40 2.08559e-39 5.90043e-40 2.08559e-39 5.90043e-40 
73.6806 20.1175 2.09426e-39 6.16825e-40 2.09426e-39 6.16825e-40 2.09426e-39 6.16825e-40 
73.6806 22.2301 2.10463e-39 6.49685e-40 2.10463e-39 6.49685e-40 2.10463e-39 6.49685e-40 
73.6806 24.5646 2.11707e-39 6.90005e-40 2.11707e-39 6.90005e-40 2.11707e-39 6.90005e-40 
73.6806 27.1442 2.13201e-39 7.3948e-40 2.13201e-39 7.3948e-40 2.13201e-39 7.3948e-40 
73.6806 29.9947 2.14998e-39 8.00208e-40 2.14998e-39 8.00208e-40 2.14998e-39 8.00208e-40 
73.6806 33.1445 2.17165e-39 8.74782e-40 2.17165e-39 8.74782e-40 2.17165e-39 8.74782e-40 
73.6806 36.6252 2.19784e-39 9.66428e-40 2.19784e-39 9.66428e-40 2.19784e-39 9.66428e-40 
73.6806 40.4713 2.22959e-39 1.07919e-39 2.22959e-39 1.07919e-39 2.22959e-39 1.07919e-39 
73.6806 44.7214 2.26828e-39 1.21818e-39 2.26828e-39 1.21818e-39 2.26828e-39 1.21818e-39 
73.6806 49.4177 2.31581e-39 1.39007e-39 2.31581e-39 1.39007e-39 2.31581e-39 1.39007e-39 
73.6806 54.6073 2.37526e-39 1.60412e-39 2.37526e-39 1.60412e-39 2.37526e-39 1.60412e-39 
73.6806 60.3418 2.45273e-39 1.8747e-39 2.45273e-39 1.8747e-39 2.45273e-39 1.8747e-39 
73.6806 66.6785 2.56605e-39 2.23239e-39 2.56605e-39 2.23239e-39 2.56605e-39 2.23239e-39 
73.6806 73.6806 0 0 0 0 0 0 
73.6806 81.4181 0 0 0 0 0 0 
73.6806 89.9681 0 0 0 0 0 0 
73.6806 99.416 0 0 0 0 0 0 
73.6806 109.856 0 0 0 0 0 0 
73.6806 121.392 0 0 0 0 0 0 
73.6806 134.14 0 0 0 0 0 0 
73.6806 148.227 0 0 0 0 0 0 
73.6806 163.793 0 0 0 0 0 0 
73.6806 180.993 0 0 0 0 0 0 
73.6806 200 0 0 0 0 0 0 
81.4181 10 2.04666e-39 5.03575e-40 2.04666e-39 5.03575e-40 2.04666e-39 5.03575e-40 
81.4181 11.0501 2.04932e-39 5.09908e-40 2.04932e-39 5.09908e-40 2.04932e-39 5.09908e-40 
81.4181 12.2106 2.05233e-39 5.17696e-40 2.05233e-39 5.17696e-40 2.05233e-39 5.17696e-40 
81.4181 13.4928 2.05596e-39 5.27269e-40 2.05596e-39 5.27269e-40 2.05596e-39 5.27269e-40 
81.4181 14.9098 2.06027e-39 5.39023e-40 2.06027e-39 5.39023e-40 2.06027e-39 5.39023e-40 
81.4181 16.4755 2.06539e-39 5.53459e-40 2.06539e-39 5.53459e-40 2.06539e-39 5.53459e-40 
81.4181 18.2056 2.07149e-39 5.7118e-40 2.07149e-39 5.7118e-40 2.07149e-39 5.7118e-40 
81.4181 20.1175 2.07876e-39 5.9293e-40 2.07876e-39 5.9293e-40 2.07876e-39 5.9293e-40 
81.4181 22.2301 2.08745e-39 6.1962e-40 2.08745e-39 6.1962e-40 2.08745e-39 6.1962e-40 
81.4181 24.5646 2.09785e-39 6.52369e-40 2.09785e-39 6.52369e-40 2.09785e-39 6.52369e-40 
81.4181 27.1442 2.11033e-39 6.9255e-40 2.11033e-39 6.9255e-40 2.11033e-39 6.9255e-40 
81.4181 29.9947 2.12531e-39 7.41856e-40 2.12531e-39 7.41856e-40 2.12531e-39 7.41856e-40 
81.4181 33.1445 2.14333e-39 8.02371e-40 2.14333e-39 8.02371e-40 2.14333e-39 8.02371e-40 
81.4181 36.6252 2.16506e-39 8.76675e-40 2.16506e-39 8.76675e-40 2.16506e-39 8.76675e-40 
81.4181 40.4713 2.1913e-39 9.67972e-40 2.1913e-39 9.67972e-40 2.1913e-39 9.67972e-40 
81.4181 44.7214 2.22309e-39 1.08028e-39 2.22309e-39 1.08028e-39 2.22309e-39 1.08028e-39 
81.4181 49.4177 2.26179e-39 1.21869e-39 2.26179e-39 1.21869e-39 2.26179e-39 1.21869e-39 
81.4181 54.6073 2.30925e-39 1.38978e-39 2.30925e-39 1.38978e-39 2.30925e-39 1.38978e-39 
81.4181 60.3418 2.36842e-39 1.60263e-39 2.36842e-39 1.60263e-39 2.36842e-39 1.60263e-39 
81.4181 66.6785 2.4453e-39 1.87145e-39 2.4453e-39 1.87145e-39 2.4453e-39 1.87145e-39 
81.4181 73.6806 2.55721e-39 2.22613e-39 2.55721e-39 2.22613e-39 2.55721e-39 2.22613e-39 
81.4181 81.4181 0 0 0 0 0 0 
81.4181 89.9681 0 0 0 0 0 0 
81.4181 99.416 0 0 0 0 0 0 
81.4181 109.856 0 0 0 0 0 0 
81.4181 121.392 0 0 0 0 0 0 
81.4181 134.14 0 0 0 0 0 0 
81.4181 148.227 0 0 0 0 0 0 
81.4181 163.793 0 0 0 0 0 0 
81.4181 180.993 0 0 0 0 0 0 
81.4181 200 0 0 0 0 0 0 
89.9681 10 2.03754e-39 5.01607e-40 2.03754e-39 5.01607e-40 2.03754e-39 5.01607e-40 
89.9681 11.0501 2.03975e-39 5.06739e-40 2.03975e-39 5.06739e-40 2.03975e-39 5.06739e-40 
89.9681 12.2106 2.04236e-39 5.13052e-40 2.04236e-39 5.13052e-40 2.04236e-39 5.13052e-40 
89.9681 13.4928 2.04543e-39 5.20816e-40 2.04543e-39 5.20816e-40 2.04543e-39 5.20816e-40 
89.9681 14.9098 2.04909e-39 5.30357e-40 2.04909e-39 5.30357e-40 2.04909e-39 5.30357e-40 
89.9681 16.4755 2.05342e-39 5.42076e-40 2.05342e-39 5.42076e-40 2.05342e-39 5.42076e-40 
89.9681 18.2056 2.05856e-39 5.56467e-40 2.05856e-39 5.56467e-40 2.05856e-39 5.56467e-40 
89.9681 20.1175 2.06468e-39 5.74132e-40 2.06468e-39 5.74132e-40 2.06468e-39 5.74132e-40 
89.9681 22.2301 2.07198e-39 5.9581e-40 2.07198e-39 5.9581e-40 2.07198e-39 5.9581e-40 
89.9681 24.5646 2.08069e-39 6.22409e-40 2.08069e-39 6.22409e-40 2.08069e-39 6.22409e-40 
89.9681 27.1442 2.09113e-39 6.55043e-40 2.09113e-39 6.55043e-40 2.09113e-39 6.55043e-40 
89.9681 29.9947 2.10365e-39 6.95085e-40 2.10365e-39 6.95085e-40 2.10365e-39 6.95085e-40 
89.9681 33.1445 2.11868e-39 7.44222e-40 2.11868e-39 7.44222e-40 2.11868e-39 7.44222e-40 
89.9681 36.6252 2.13677e-39 8.0453e-40 2.13677e-39 8.0453e-40 2.13677e-39 8.0453e-40 
89.9681 40.4713 2.15856e-39 8.78575e-40 2.15856e-39 8.78575e-40 2.15856e-39 8.78575e-40 
89.9681 44.7214 2.18487e-39 9.69543e-40 2.18487e-39 9.69543e-40 2.18487e-39 9.69543e-40 
89.9681 49.4177 2.21673e-39 1.08142e-39 2.21673e-39 1.08142e-39 2.21673e-39 1.08142e-39 
89.9681 54.6073 2.25551e-39 1.21925e-39 2.25551e-39 1.21925e-39 2.25551e-39 1.21925e-39 
89.9681 60.3418 2.30289e-39 1.38959e-39 2.30289e-39 1.38959e-39 2.30289e-39 1.38959e-39 
89.9681 66.6785 2.36185e-39 1.60131e-39 2.36185e-39 1.60131e-39 2.36185e-39 1.60131e-39 
89.9681 73.6806 2.43812e-39 1.86838e-39 2.43812e-39 1.86838e-39 2.43812e-39 1.86838e-39 
89.9681 81.4181 2.54887e-39 2.22032e-39 2.54887e-39 2.22032e-39 2.54887e-39 2.22032e-39 
89.9681 89.9681 0 0 0 0 0 0 
89.9681 99.416 0 0 0 0 0 0 
89.9681 109.856 0 0 0 0 0 0 
89.9681 121.392 0 0 0 0 0 0 
89.9681 134.14 0 0 0 0 0 0 
89.9681 148.227 0 0 0 0 0 0 
89.9681 163.793 0 0 0 0 0 0 
89.9681 180.993 0 0 0 0 0 0 
89.9681 200 0 0 0 0 0 0 
99.416 10 2.02874e-39 5.00612e-40 2.02874e-39 5.00612e-40 2.02874e-39 5.00612e-40 
99.416 11.0501 2.03063e-39 5.04767e-40 2.03063e-39 5.04767e-40 2.03063e-39 5.04767e-40 
99.416 12.2106 2.03286e-39 5.09882e-40 2.03286e-39 5.09882e-40 2.03286e-39 5.09882e-40 
99.416 13.4928 2.03547e-39 5.16176e-40 2.03547e-39 5.16176e-40 2.03547e-39 5.16176e-40 
99.416 14.9098 2.03857e-39 5.23914e-40 2.03857e-39 5.23914e-40 2.03857e-39 5.23914e-40 
99.416 16.4755 2.04223e-39 5.33424e-40 2.04223e-39 5.33424e-40 2.04223e-39 5.33424e-40 
99.416 18.2056 2.04658e-39 5.45106e-40 2.04658e-39 5.45106e-40 2.04658e-39 5.45106e-40 
99.416 20.1175 2.05174e-39 5.5945e-40 2.05174e-39 5.5945e-40 2.05174e-39 5.5945e-40 
99.416 22.2301 2.05787e-39 5.77058e-40 2.05787e-39 5.77058e-40 2.05787e-39 5.77058e-40 
99.416 24.5646 2.06521e-39 5.98667e-40 2.06521e-39 5.98667e-40 2.06521e-39 5.98667e-40 
99.416 27.1442 2.07397e-39 6.2518e-40 2.07397e-39 6.2518e-40 2.07397e-39 6.2518e-40 
99.416 29.9947 2.08446e-39 6.5771e-40 2.08446e-39 6.5771e-40 2.08446e-39 6.5771e-40 
99.416 33.1445 2.09702e-39 6.97618e-40 2.09702e-39 6.97618e-40 2.09702e-39 6.97618e-40 
99.416 36.6252 2.11211e-39 7.46583e-40 2.11211e-39 7.46583e-40 2.11211e-39 7.46583e-40 
99.416 40.4713 2.13026e-39 8.06676e-40 2.13026e-39 8.06676e-40 2.13026e-39 8.06676e-40 
99.416 44.7214 2.15213e-39 8.80471e-40 2.15213e-39 8.80471e-40 2.15213e-39 8.80471e-40 
99.416 49.4177 2.17853e-39 9.71122e-40 2.17853e-39 9.71122e-40 2.17853e-39 9.71122e-40 
99.416 54.6073 2.21047e-39 1.08259e-39 2.21047e-39 1.08259e-39 2.21047e-39 1.08259e-39 
99.416 60.3418 2.24926e-39 1.21988e-39 2.24926e-39 1.21988e-39 2.24926e-39 1.21988e-39 
99.416 66.6785 2.29671e-39 1.38948e-39 2.29671e-39 1.38948e-39 2.29671e-39 1.38948e-39 
99.416 73.6806 2.35553e-39 1.60016e-39 2.35553e-39 1.60016e-39 2.35553e-39 1.60016e-39 
99.416 81.4181 2.43121e-39 1.8655e-39 2.43121e-39 1.8655e-39 2.43121e-39 1.8655e-39 
99.416 89.9681 2.54074e-39 2.21469e-39 2.54074e-39 2.21469e-39 2.54074e-39 2.21469e-39 
99.416 99.416 0 0 0 0 0 0 
99.416 109.856 0 0 0 0 0 0 
99.416 121.392 0 0 0 0 0 0 
99.416 134.14 0 0 0 0 0 0 
99.416 148.227 0 0 0 0 0 0 
99.416 163.793 0 0 0 0 0 0 
99.416 180.993 0 0 0 0 0 0 
99.416 200 0 0 0 0 0 0 
109.856 10 2.02018e-39 5.00389e-40 2.02018e-39 5.00389e-40 2.02018e-39 5.00389e-40 
109.856 11.0501 2.0218e-39 5.03752e-40 2.0218e-39 5.03752e-40 2.0218e-39 5.03752e-40 
109.856 12.2106 2.02371e-39 5.07895e-40 2.02371e-39 5.07895e-40 2.02371e-39 5.07895e-40 
109.856 13.4928 2.02594e-39 5.12996e-40 2.02594e-39 5.12996e-40 2.02594e-39 5.12996e-40 
109.856 14.9098 2.02858e-39 5.19271e-40 2.02858e-39 5.19271e-40 2.02858e-39 5.19271e-40 
109.856 16.4755 2.03169e-39 5.26987e-40 2.03169e-39 5.26987e-40 2.03169e-39 5.26987e-40 
109.856 18.2056 2.03537e-39 5.36468e-40 2.03537e-39 5.36468e-40 2.03537e-39 5.36468e-40 
109.856 20.1175 2.03974e-39 5.48114e-40 2.03974e-39 5.48114e-40 2.03974e-39 5.48114e-40 
109.856 22.2301 2.04492e-39 5.62413e-40 2.04492e-39 5.62413e-40 2.04492e-39 5.62413e-40 
109.856 24.5646 2.05109e-39 5.79964e-40 2.05109e-39 5.79964e-40 2.05109e-39 5.79964e-40 
109.856 27.1442 2.05846e-39 6.01501e-40 2.05846e-39 6.01501e-40 2.05846e-39 6.01501e-40 
109.856 29.9947 2.06726e-39 6.27928e-40 2.06726e-39 6.27928e-40 2.06726e-39 6.27928e-40 
109.856 33.1445 2.07778e-39 6.60352e-40 2.07778e-39 6.60352e-40 2.07778e-39 6.60352e-40 
109.856 36.6252 2.09042e-39 7.0013e-40 2.09042e-39 7.0013e-40 2.09042e-39 7.0013e-40 
109.856 40.4713 2.10558e-39 7.48936e-40 2.10558e-39 7.48936e-40 2.10558e-39 7.48936e-40 
109.856 44.7214 2.1238e-39 8.08831e-40 2.1238e-39 8.08831e-40 2.1238e-39 8.08831e-40 
109.856 49.4177 2.14575e-39 8.82363e-40 2.14575e-39 8.82363e-40 2.14575e-39 8.82363e-40 
109.856 54.6073 2.17225e-39 9.72699e-40 2.17225e-39 9.72699e-40 2.17225e-39 9.72699e-40 
109.856 60.3418 2.2043e-39 1.08378e-39 2.2043e-39 1.08378e-39 2.2043e-39 1.08378e-39 
109.856 66.6785 2.2432e-39 1.22055e-39 2.2432e-39 1.22055e-39 2.2432e-39 1.22055e-39 
109.856 73.6806 2.29068e-39 1.38945e-39 2.29068e-39 1.38945e-39 2.29068e-39 1.38945e-39 
109.856 81.4181 2.34943e-39 1.59914e-39 2.34943e-39 1.59914e-39 2.34943e-39 1.59914e-39 
109.856 89.9681 2.42459e-39 1.86284e-39 2.42459e-39 1.86284e-39 2.42459e-39 1.86284e-39 
109.856 99.416 2.53287e-39 2.20927e-39 2.53287e-39 2.20927e-39 2.53287e-39 2.20927e-39 
109.856 109.856 0 0 0 0 0 0 
109.856 121.392 0 0 0 0 0 0 
109.856 134.14 0 0 0 0 0 0 
109.856 148.227 0 0 0 0 0 0 
109.856 163.793 0 0 0 0 0 0 
109.856 180.993 0 0 0 0 0 0 
109.856 200 0 0 0 0 0 0 
121.392 10 2.01179e-39 5.00774e-40 2.01179e-39 5.00774e-40 2.01179e-39 5.00774e-40 
121.392 11.0501 2.01319e-39 5.03495e-40 2.01319e-39 5.03495e-40 2.01319e-39 5.03495e-40 
121.392 12.2106 2.01482e-39 5.0685e-40 2.01482e-39 5.0685e-40 2.01482e-39 5.0685e-40 
121.392 13.4928 2.01674e-39 5.10983e-40 2.01674e-39 5.10983e-40 2.01674e-39 5.10983e-40 
121.392 14.9098 2.01899e-39 5.1607e-40 2.01899e-39 5.1607e-40 2.01899e-39 5.1607e-40 
121.392 16.4755 2.02165e-39 5.22329e-40 2.02165e-39 5.22329e-40 2.02165e-39 5.22329e-40 
121.392 18.2056 2.02478e-39 5.30023e-40 2.02478e-39 5.30023e-40 2.02478e-39 5.30023e-40 
121.392 20.1175 2.02848e-39 5.39476e-40 2.02848e-39 5.39476e-40 2.02848e-39 5.39476e-40 
121.392 22.2301 2.03287e-39 5.51089e-40 2.03287e-39 5.51089e-40 2.03287e-39 5.51089e-40 
121.392 24.5646 2.03809e-39 5.65344e-40 2.03809e-39 5.65344e-40 2.03809e-39 5.65344e-40 
121.392 27.1442 2.0443e-39 5.82842e-40 2.0443e-39 5.82842e-40 2.0443e-39 5.82842e-40 
121.392 29.9947 2.05171e-39 6.04313e-40 2.05171e-39 6.04313e-40 2.05171e-39 6.04313e-40 
121.392 33.1445 2.06056e-39 6.30656e-40 2.06056e-39 6.30656e-40 2.06056e-39 6.30656e-40 
121.392 36.6252 2.07115e-39 6.62973e-40 2.07115e-39 6.62973e-40 2.07115e-39 6.62973e-40 
121.392 40.4713 2.08383e-39 7.02621e-40 2.08383e-39 7.02621e-40 2.08383e-39 7.02621e-40 
121.392 44.7214 2.09905e-39 7.51269e-40 2.09905e-39 7.51269e-40 2.09905e-39 7.51269e-40 
121.392 49.4177 2.11738e-39 8.10967e-40 2.11738e-39 8.10967e-40 2.11738e-39 8.10967e-40 
121.392 54.6073 2.13943e-39 8.84255e-40 2.13943e-39 8.84255e-40 2.13943e-39 8.84255e-40 
121.392 60.3418 2.16603e-39 9.74275e-40 2.16603e-39 9.74275e-40 2.16603e-39 9.74275e-40 
121.392 66.6785 2.1982e-39 1.08497e-39 2.1982e-39 1.08497e-39 2.1982e-39 1.08497e-39 
121.392 73.6806 2.23723e-39 1.22126e-39 2.23723e-39 1.22126e-39 2.23723e-39 1.22126e-39 
121.392 81.4181 2.2848e-39 1.38949e-39 2.2848e-39 1.38949e-39 2.2848e-39 1.38949e-39 
121.392 89.9681 2.34351e-39 1.59823e-39 2.34351e-39 1.59823e-39 2.34351e-39 1.59823e-39 
121.392 99.416 2.41827e-39 1.86039e-39 2.41827e-39 1.86039e-39 2.41827e-39 1.86039e-39 
121.392 109.856 2.52522e-39 2.20402e-39 2.52522e-39 2.20402e-39 2.52522e-39 2.20402e-39 
121.392 121.392 0 0 0 0 0 0 
121.392 134.14 0 0 0 0 0 0 
121.392 148.227 0 0 0 0 0 0 
121.392 163.793 0 0 0 0 0 0 
121.392 180.993 0 0 0 0 0 0 
121.392 200 0 0 0 0 0 0 
134.14 10 2.00351e-39 5.01643e-40 2.00351e-39 5.01643e-40 2.00351e-39 5.01643e-40 
134.14 11.0501 2.00472e-39 5.03842e-40 2.00472e-39 5.03842e-40 2.00472e-39 5.03842e-40 
134.14 12.2106 2.00613e-39 5.06556e-40 2.00613e-39 5.06556e-40 2.00613e-39 5.06556e-40 
134.14 13.4928 2.00778e-39 5.09903e-40 2.00778e-39 5.09903e-40 2.00778e-39 5.09903e-40 
134.14 14.9098 2.00971e-39 5.14025e-40 2.00971e-39 5.14025e-40 2.00971e-39 5.14025e-40 
134.14 16.4755 2.01198e-39 5.191e-40 2.01198e-39 5.191e-40 2.01198e-39 5.191e-40 
134.14 18.2056 2.01466e-39 5.25341e-40 2.01466e-39 5.25341e-40 2.01466e-39 5.25341e-40 
134.14 20.1175 2.01781e-39 5.33015e-40 2.01781e-39 5.33015e-40 2.01781e-39 5.33015e-40 
134.14 22.2301 2.02154e-39 5.42443e-40 2.02154e-39 5.42443e-40 2.02154e-39 5.42443e-40 
134.14 24.5646 2.02597e-39 5.54021e-40 2.02597e-39 5.54021e-40 2.02597e-39 5.54021e-40 
134.14 27.1442 2.03122e-39 5.68236e-40 2.03122e-39 5.68236e-40 2.03122e-39 5.68236e-40 
134.14 29.9947 2.03748e-39 5.85682e-40 2.03748e-39 5.85682e-40 2.03748e-39 5.85682e-40 
134.14 33.1445 2.04493e-39 6.07089e-40 2.04493e-39 6.07089e-40 2.04493e-39 6.07089e-40 
134.14 36.6252 2.05383e-39 6.33351e-40 2.05383e-39 6.33351e-40 2.05383e-39 6.33351e-40 
134.14 40.4713 2.06449e-39 6.65569e-40 2.06449e-39 6.65569e-40 2.06449e-39 6.65569e-40 
134.14 44.7214 2.07725e-39 7.05091e-40 2.07725e-39 7.05091e-40 2.07725e-39 7.05091e-40 
134.14 49.4177 2.09256e-39 7.5358e-40 2.09256e-39 7.5358e-40 2.09256e-39 7.5358e-40 
134.14 54.6073 2.11097e-39 8.13082e-40 2.11097e-39 8.13082e-40 2.11097e-39 8.13082e-40 
134.14 60.3418 2.13313e-39 8.86132e-40 2.13313e-39 8.86132e-40 2.13313e-39 8.86132e-40 
134.14 66.6785 2.15986e-39 9.75855e-40 2.15986e-39 9.75855e-40 2.15986e-39 9.75855e-40 
134.14 73.6806 2.19216e-39 1.08616e-39 2.19216e-39 1.08616e-39 2.19216e-39 1.08616e-39 
134.14 81.4181 2.23132e-39 1.22197e-39 2.23132e-39 1.22197e-39 2.23132e-39 1.22197e-39 
134.14 89.9681 2.27903e-39 1.38958e-39 2.27903e-39 1.38958e-39 2.27903e-39 1.38958e-39 
134.14 99.416 2.33776e-39 1.59741e-39 2.33776e-39 1.59741e-39 2.33776e-39 1.59741e-39 
134.14 109.856 2.41221e-39 1.85814e-39 2.41221e-39 1.85814e-39 2.41221e-39 1.85814e-39 
134.14 121.392 2.51786e-39 2.19902e-39 2.51786e-39 2.19902e-39 2.51786e-39 2.19902e-39 
134.14 134.14 0 0 0 0 0 0 
134.14 148.227 0 0 0 0 0 0 
134.14 163.793 0 0 0 0 0 0 
134.14 180.993 0 0 0 0 0 0 
134.14 200 0 0 0 0 0 0 
148.227 10 1.9953e-39 5.02894e-40 1.9953e-39 5.02894e-40 1.9953e-39 5.02894e-40 
148.227 11.0501 1.99635e-39 5.0467e-40 1.99635e-39 5.0467e-40 1.99635e-39 5.0467e-40 
148.227 12.2106 1.99757e-39 5.06864e-40 1.99757e-39 5.06864e-40 1.99757e-39 5.06864e-40 
148.227 13.4928 1.99899e-39 5.09571e-40 1.99899e-39 5.09571e-40 1.99899e-39 5.09571e-40 
148.227 14.9098 2.00065e-39 5.1291e-40 2.00065e-39 5.1291e-40 2.00065e-39 5.1291e-40 
148.227 16.4755 2.0026e-39 5.17022e-40 2.0026e-39 5.17022e-40 2.0026e-39 5.17022e-40 
148.227 18.2056 2.00489e-39 5.22083e-40 2.00489e-39 5.22083e-40 2.00489e-39 5.22083e-40 
148.227 20.1175 2.00759e-39 5.28308e-40 2.00759e-39 5.28308e-40 2.00759e-39 5.28308e-40 
148.227 22.2301 2.01077e-39 5.3596e-40 2.01077e-39 5.3596e-40 2.01077e-39 5.3596e-40 
148.227 24.5646 2.01453e-39 5.45361e-40 2.01453e-39 5.45361e-40 2.01453e-39 5.45361e-40 
148.227 27.1442 2.01899e-39 5.56907e-40 2.01899e-39 5.56907e-40 2.01899e-39 5.56907e-40 
148.227 29.9947 2.02429e-39 5.7108e-40 2.02429e-39 5.7108e-40 2.02429e-39 5.7108e-40 
148.227 33.1445 2.03059e-39 5.88475e-40 2.03059e-39 5.88475e-40 2.03059e-39 5.88475e-40 
148.227 36.6252 2.0381e-39 6.09819e-40 2.0381e-39 6.09819e-40 2.0381e-39 6.09819e-40 
148.227 40.4713 2.04707e-39 6.36004e-40 2.04707e-39 6.36004e-40 2.04707e-39 6.36004e-40 
148.227 44.7214 2.05779e-39 6.68125e-40 2.05779e-39 6.68125e-40 2.05779e-39 6.68125e-40 
148.227 49.4177 2.07063e-39 7.07526e-40 2.07063e-39 7.07526e-40 2.07063e-39 7.07526e-40 
148.227 54.6073 2.08604e-39 7.55864e-40 2.08604e-39 7.55864e-40 2.08604e-39 7.55864e-40 
148.227 60.3418 2.10456e-39 8.15178e-40 2.10456e-39 8.15178e-40 2.10456e-39 8.15178e-40 
148.227 66.6785 2.12684e-39 8.87988e-40 2.12684e-39 8.87988e-40 2.12684e-39 8.87988e-40 
148.227 73.6806 2.15371e-39 9.77417e-40 2.15371e-39 9.77417e-40 2.15371e-39 9.77417e-40 
148.227 81.4181 2.18617e-39 1.08736e-39 2.18617e-39 1.08736e-39 2.18617e-39 1.08736e-39 
148.227 89.9681 2.22548e-39 1.22269e-39 2.22548e-39 1.22269e-39 2.22548e-39 1.22269e-39 
148.227 99.416 2.27334e-39 1.3897e-39 2.27334e-39 1.3897e-39 2.27334e-39 1.3897e-39 
148.227 109.856 2.33215e-39 1.59668e-39 2.33215e-39 1.59668e-39 2.33215e-39 1.59668e-39 
148.227 121.392 2.40638e-39 1.85606e-39 2.40638e-39 1.85606e-39 2.40638e-39 1.85606e-39 
148.227 134.14 2.51078e-39 2.19426e-39 2.51078e-39 2.19426e-39 2.51078e-39 2.19426e-39 
148.227 148.227 0 0 0 0 0 0 
148.227 163.793 0 0 0 0 0 0 
148.227 180.993 0 0 0 0 0 0 
148.227 200 0 0 0 0 0 0 
163.793 10 1.98714e-39 5.04443e-40 1.98714e-39 5.04443e-40 1.98714e-39 5.04443e-40 
163.793 11.0501 1.98805e-39 5.05876e-40 1.98805e-39 5.05876e-40 1.98805e-39 5.05876e-40 
163.793 12.2106 1.98907e-39 5.07649e-40 1.98907e-39 5.07649e-40 1.98907e-39 5.07649e-40 
163.793 13.4928 1.9903e-39 5.09838e-40 1.9903e-39 5.09838e-40 1.9903e-39 5.09838e-40 
163.793 14.9098 1.99174e-39 5.1254e-40 1.99174e-39 5.1254e-40 1.99174e-39 5.1254e-40 
163.793 16.4755 1.99342e-39 5.1587e-40 1.99342e-39 5.1587e-40 1.99342e-39 5.1587e-40 
163.793 18.2056 1.99539e-39 5.19972e-40 1.99539e-39 5.19972e-40 1.99539e-39 5.19972e-40 
163.793 20.1175 1.9977e-39 5.25019e-40 1.9977e-39 5.25019e-40 1.9977e-39 5.25019e-40 
163.793 22.2301 2.00043e-39 5.31227e-40 2.00043e-39 5.31227e-40 2.00043e-39 5.31227e-40 
163.793 24.5646 2.00364e-39 5.38858e-40 2.00364e-39 5.38858e-40 2.00364e-39 5.38858e-40 
163.793 27.1442 2.00744e-39 5.48232e-40 2.00744e-39 5.48232e-40 2.00744e-39 5.48232e-40 
163.793 29.9947 2.01194e-39 5.59744e-40 2.01194e-39 5.59744e-40 2.01194e-39 5.59744e-40 
163.793 33.1445 2.01727e-39 5.73876e-40 2.01727e-39 5.73876e-40 2.01727e-39 5.73876e-40 
163.793 36.6252 2.02363e-39 5.9122e-40 2.02363e-39 5.9122e-40 2.02363e-39 5.9122e-40 
163.793 40.4713 2.0312e-39 6.12501e-40 2.0312e-39 6.12501e-40 2.0312e-39 6.12501e-40 
163.793 44.7214 2.04023e-39 6.38608e-40 2.04023e-39 6.38608e-40 2.04023e-39 6.38608e-40 
163.793 49.4177 2.05104e-39 6.70632e-40 2.05104e-39 6.70632e-40 2.05104e-39 6.70632e-40 
163.793 54.6073 2.06398e-39 7.09916e-40 2.06398e-39 7.09916e-40 2.06398e-39 7.09916e-40 
163.793 60.3418 2.07949e-39 7.58109e-40 2.07949e-39 7.58109e-40 2.07949e-39 7.58109e-40 
163.793 66.6785 2.09813e-39 8.17241e-40 2.09813e-39 8.17241e-40 2.09813e-39 8.17241e-40 
163.793 73.6806 2.12055e-39 8.89822e-40 2.12055e-39 8.89822e-40 2.12055e-39 8.89822e-40 
163.793 81.4181 2.14757e-39 9.78958e-40 2.14757e-39 9.78958e-40 2.14757e-39 9.78958e-40 
163.793 89.9681 2.18019e-39 1.08859e-39 2.18019e-39 1.08859e-39 2.18019e-39 1.08859e-39 
163.793 99.416 2.21969e-39 1.22342e-39 2.21969e-39 1.22342e-39 2.21969e-39 1.22342e-39 
163.793 109.856 2.26773e-39 1.38983e-39 2.26773e-39 1.38983e-39 2.26773e-39 1.38983e-39 
163.793 121.392 2.32667e-39 1.59602e-39 2.32667e-39 1.59602e-39 2.32667e-39 1.59602e-39 
163.793 134.14 2.40077e-39 1.85414e-39 2.40077e-39 1.85414e-39 2.40077e-39 1.85414e-39 
163.793 148.227 2.50396e-39 2.18972e-39 2.50396e-39 2.18972e-39 2.50396e-39 2.18972e-39 
163.793 163.793 0 0 0 0 0 0 
163.793 180.993 0 0 0 0 0 0 
163.793 200 0 0 0 0 0 0 
180.993 10 1.97885e-39 5.06218e-40 1.97885e-39 5.06218e-40 1.97885e-39 5.06218e-40 
180.993 11.0501 1.97965e-39 5.07373e-40 1.97965e-39 5.07373e-40 1.97965e-39 5.07373e-40 
180.993 12.2106 1.98058e-39 5.08804e-40 1.98058e-39 5.08804e-40 1.98058e-39 5.08804e-40 
180.993 13.4928 1.98165e-39 5.10574e-40 1.98165e-39 5.10574e-40 1.98165e-39 5.10574e-40 
180.993 14.9098 1.9829e-39 5.12759e-40 1.9829e-39 5.12759e-40 1.9829e-39 5.12759e-40 
180.993 16.4755 1.98436e-39 5.15455e-40 1.98436e-39 5.15455e-40 1.98436e-39 5.15455e-40 
180.993 18.2056 1.98606e-39 5.18778e-40 1.98606e-39 5.18778e-40 1.98606e-39 5.18778e-40 
180.993 20.1175 1.98806e-39 5.2287e-40 1.98806e-39 5.2287e-40 1.98806e-39 5.2287e-40 
180.993 22.2301 1.99039e-39 5.27904e-40 1.99039e-39 5.27904e-40 1.99039e-39 5.27904e-40 
180.993 24.5646 1.99315e-39 5.34096e-40 1.99315e-39 5.34096e-40 1.99315e-39 5.34096e-40 
180.993 27.1442 1.99644e-39 5.41705e-40 1.99644e-39 5.41705e-40 1.99644e-39 5.41705e-40 
180.993 29.9947 2.00023e-39 5.51054e-40 2.00023e-39 5.51054e-40 2.00023e-39 5.51054e-40 
180.993 33.1445 2.00477e-39 5.62534e-40 2.00477e-39 5.62534e-40 2.00477e-39 5.62534e-40 
180.993 36.6252 2.01016e-39 5.76624e-40 2.01016e-39 5.76624e-40 2.01016e-39 5.76624e-40 
180.993 40.4713 2.01657e-39 5.93916e-40 2.01657e-39 5.93916e-40 2.01657e-39 5.93916e-40 
180.993 44.7214 2.02421e-39 6.15124e-40 2.02421e-39 6.15124e-40 2.02421e-39 6.15124e-40 
180.993 49.4177 2.03332e-39 6.4116e-40 2.03332e-39 6.4116e-40 2.03332e-39 6.4116e-40 
180.993 54.6073 2.04421e-39 6.73088e-40 2.04421e-39 6.73088e-40 2.04421e-39 6.73088e-40 
180.993 60.3418 2.05725e-39 7.12255e-40 2.05725e-39 7.12255e-40 2.05725e-39 7.12255e-40 
180.993 66.6785 2.07289e-39 7.60302e-40 2.07289e-39 7.60302e-40 2.07289e-39 7.60302e-40 
180.993 73.6806 2.09165e-39 8.19257e-40 2.09165e-39 8.19257e-40 2.09165e-39 8.19257e-40 
180.993 81.4181 2.11423e-39 8.91618e-40 2.11423e-39 8.91618e-40 2.11423e-39 8.91618e-40 
180.993 89.9681 2.14142e-39 9.80482e-40 2.14142e-39 9.80482e-40 2.14142e-39 9.80482e-40 
180.993 99.416 2.17423e-39 1.0897e-39 2.17423e-39 1.0897e-39 2.17423e-39 1.0897e-39 
180.993 109.856 2.21401e-39 1.22415e-39 2.21401e-39 1.22415e-39 2.21401e-39 1.22415e-39 
180.993 121.392 2.26217e-39 1.38998e-39 2.26217e-39 1.38998e-39 2.26217e-39 1.38998e-39 
180.993 134.14 2.32129e-39 1.59542e-39 2.32129e-39 1.59542e-39 2.32129e-39 1.59542e-39 
180.993 148.227 2.39533e-39 1.85234e-39 2.39533e-39 1.85234e-39 2.39533e-39 1.85234e-39 
180.993 163.793 2.49739e-39 2.18539e-39 2.49739e-39 2.18539e-39 2.49739e-39 2.18539e-39 
180.993 180.993 0 0 0 0 0 0 
180.993 200 0 0 0 0 0 0 
200 10 1.97052e-39 5.08156e-40 1.97052e-39 5.08156e-40 1.97052e-39 5.08156e-40 
200 11.0501 1.97123e-39 5.09084e-40 1.97123e-39 5.09084e-40 1.97123e-39 5.09084e-40 
200 12.2106 1.97204e-39 5.10241e-40 1.97204e-39 5.10241e-40 1.97204e-39 5.10241e-40 
200 13.4928 1.97298e-39 5.1167e-40 1.97298e-39 5.1167e-40 1.97298e-39 5.1167e-40 
200 14.9098 1.97407e-39 5.13437e-40 1.97407e-39 5.13437e-40 1.97407e-39 5.13437e-40 
200 16.4755 1.97535e-39 5.15618e-40 1.97535e-39 5.15618e-40 1.97535e-39 5.15618e-40 
200 18.2056 1.97682e-39 5.18309e-40 1.97682e-39 5.18309e-40 1.97682e-39 5.18309e-40 
200 20.1175 1.97855e-39 5.21625e-40 1.97855e-39 5.21625e-40 1.97855e-39 5.21625e-40 
200 22.2301 1.98058e-39 5.25708e-40 1.98058e-39 5.25708e-40 1.98058e-39 5.25708e-40 
200 24.5646 1.98295e-39 5.3073e-40 1.98295e-39 5.3073e-40 1.98295e-39 5.3073e-40 
200 27.1442 1.98572e-39 5.36906e-40 1.98572e-39 5.36906e-40 1.98572e-39 5.36906e-40 
200 29.9947 1.98901e-39 5.44497e-40 1.98901e-39 5.44497e-40 1.98901e-39 5.44497e-40 
200 33.1445 1.99289e-39 5.53819e-40 1.99289e-39 5.53819e-40 1.99289e-39 5.53819e-40 
200 36.6252 1.99748e-39 5.65266e-40 1.99748e-39 5.65266e-40 1.99748e-39 5.65266e-40 
200 40.4713 2.00292e-39 5.79315e-40 2.00292e-39 5.79315e-40 2.00292e-39 5.79315e-40 
200 44.7214 2.00944e-39 5.96557e-40 2.00944e-39 5.96557e-40 2.00944e-39 5.96557e-40 
200 49.4177 2.0171e-39 6.17711e-40 2.0171e-39 6.17711e-40 2.0171e-39 6.17711e-40 
200 54.6073 2.0263e-39 6.43661e-40 2.0263e-39 6.43661e-40 2.0263e-39 6.43661e-40 
200 60.3418 2.03728e-39 6.75491e-40 2.03728e-39 6.75491e-40 2.03728e-39 6.75491e-40 
200 66.6785 2.05043e-39 7.14538e-40 2.05043e-39 7.14538e-40 2.05043e-39 7.14538e-40 
200 73.6806 2.06619e-39 7.6244e-40 2.06619e-39 7.6244e-40 2.06619e-39 7.6244e-40 
200 81.4181 2.08511e-39 8.21219e-40 2.08511e-39 8.21219e-40 2.08511e-39 8.21219e-40 
200 89.9681 2.10785e-39 8.93364e-40 2.10785e-39 8.93364e-40 2.10785e-39 8.93364e-40 
200 99.416 2.13523e-39 9.81961e-40 2.13523e-39 9.81961e-40 2.13523e-39 9.81961e-40 
200 109.856 2.16826e-39 1.09085e-39 2.16826e-39 1.09085e-39 2.16826e-39 1.09085e-39 
200 121.392 2.20819e-39 1.22485e-39 2.20819e-39 1.22485e-39 2.20819e-39 1.22485e-39 
200 134.14 2.25667e-39 1.39014e-39 2.25667e-39 1.39014e-39 2.25667e-39 1.39014e-39 
200 148.227 2.31598e-39 1.59483e-39 2.31598e-39 1.59483e-39 2.31598e-39 1.59483e-39 
200 163.793 2.39005e-39 1.85064e-39 2.39005e-39 1.85064e-39 2.39005e-39 1.85064e-39 
200 180.993 2.49112e-39 2.18131e-39 2.49112e-39 2.18131e-39 2.49112e-39 2.18131e-39 
200 200 0 0 0 0 0 0 
