1 1 0 0 0 0 0 0 
1 1.25893 0 0 0 0 0 0 
1 1.58489 0 0 0 0 0 0 
1 1.99526 0 0 0 0 0 0 
1 2.51189 0 0 0 0 0 0 
1 3.16228 0 0 0 0 0 0 
1 3.98107 0 0 0 0 0 0 
1 5.01187 0 0 0 0 0 0 
1 6.30957 0 0 0 0 0 0 
1 7.94328 0 0 0 0 0 0 
1 10 0 0 0 0 0 0 
1.25893 1 1.04625e-38 6.77376e-39 1.04625e-38 6.77376e-39 0 0 
1.25893 1.25893 0 0 0 0 0 0 
1.25893 1.58489 0 0 0 0 0 0 
1.25893 1.99526 0 0 0 0 0 0 
1.25893 2.51189 0 0 0 0 0 0 
1.25893 3.16228 0 0 0 0 0 0 
1.25893 3.98107 0 0 0 0 0 0 
1.25893 5.01187 0 0 0 0 0 0 
1.25893 6.30957 0 0 0 0 0 0 
1.25893 7.94328 0 0 0 0 0 0 
1.25893 10 0 0 0 0 0 0 
1.58489 1 8.2421e-39 3.51907e-39 8.2421e-39 3.51907e-39 0 0 
1.58489 1.25893 9.55436e-39 6.19083e-39 9.55436e-39 6.19083e-39 0 0 
1.58489 1.58489 0 0 0 0 0 0 
1.58489 1.99526 0 0 0 0 0 0 
1.58489 2.51189 0 0 0 0 0 0 
1.58489 3.16228 0 0 0 0 0 0 
1.58489 3.98107 0 0 0 0 0 0 
1.58489 5.01187 0 0 0 0 0 0 
1.58489 6.30957 0 0 0 0 0 0 
1.58489 7.94328 0 0 0 0 0 0 
1.58489 10 0 0 0 0 0 0 
1.99526 1 7.73319e-39 2.28226e-39 7.73319e-39 2.28226e-39 0 0 
1.99526 1.25893 7.99479e-39 3.44363e-39 7.99479e-39 3.44363e-39 0 0 
1.99526 1.58489 8.91844e-39 5.78657e-39 8.91844e-39 5.78657e-39 0 0 
1.99526 1.99526 0 0 0 0 0 0 
1.99526 2.51189 0 0 0 0 0 0 
1.99526 3.16228 0 0 0 0 0 0 
1.99526 3.98107 0 0 0 0 0 0 
1.99526 5.01187 0 0 0 0 0 0 
1.99526 6.30957 0 0 0 0 0 0 
1.99526 7.94328 0 0 0 0 0 0 
1.99526 10 0 0 0 0 0 0 
2.51189 1 7.53199e-39 1.64983e-39 7.53199e-39 1.64983e-39 0 0 
2.51189 1.25893 7.62224e-39 2.29876e-39 7.62224e-39 2.29876e-39 0 0 
2.51189 1.58489 7.82397e-39 3.40656e-39 7.82397e-39 3.40656e-39 0 0 
2.51189 1.99526 8.48061e-39 5.51476e-39 8.48061e-39 5.51476e-39 0 0 
2.51189 2.51189 0 0 0 0 0 0 
2.51189 3.16228 0 0 0 0 0 0 
2.51189 3.98107 0 0 0 0 0 0 
2.51189 5.01187 0 0 0 0 0 0 
2.51189 6.30957 0 0 0 0 0 0 
2.51189 7.94328 0 0 0 0 0 0 
2.51189 10 0 0 0 0 0 0 
3.16228 1 7.43173e-39 1.34106e-39 7.43173e-39 1.34106e-39 0 0 
3.16228 1.25893 7.48602e-39 1.7247e-39 7.48602e-39 1.7247e-39 0 0 
3.16228 1.58489 7.56281e-39 2.34749e-39 7.56281e-39 2.34749e-39 0 0 
3.16228 1.99526 7.70415e-39 3.39608e-39 7.70415e-39 3.39608e-39 0 0 
3.16228 2.51189 8.18357e-39 5.33957e-39 8.18357e-39 5.33957e-39 0 0 
3.16228 3.16228 0 0 0 0 0 0 
3.16228 3.98107 0 0 0 0 0 0 
3.16228 5.01187 0 0 0 0 0 0 
3.16228 6.30957 0 0 0 0 0 0 
3.16228 7.94328 0 0 0 0 0 0 
3.16228 10 0 0 0 0 0 0 
3.98107 1 7.33455e-39 1.16978e-39 7.33455e-39 1.16978e-39 0 0 
3.98107 1.25893 7.3797e-39 1.41121e-39 7.3797e-39 1.41121e-39 0 0 
3.98107 1.58489 7.44165e-39 1.7986e-39 7.44165e-39 1.7986e-39 0 0 
3.98107 1.99526 7.52316e-39 2.41642e-39 7.52316e-39 2.41642e-39 0 0 
3.98107 2.51189 7.63391e-39 3.41668e-39 7.63391e-39 3.41668e-39 1.12354e-44 4.47745e-45 
3.98107 3.16228 7.9807e-39 5.23019e-39 7.9807e-39 5.23019e-39 9.98588e-41 6.30484e-41 
3.98107 3.98107 0 0 0 0 0 0 
3.98107 5.01187 0 0 0 0 0 0 
3.98107 6.30957 0 0 0 0 0 0 
3.98107 7.94328 0 0 0 0 0 0 
3.98107 10 0 0 0 0 0 0 
5.01187 1 7.23381e-39 1.07253e-39 7.23381e-39 1.07253e-39 0 0 
5.01187 1.25893 7.26928e-39 1.22379e-39 7.26928e-39 1.22379e-39 0 0 
5.01187 1.58489 7.31861e-39 1.4666e-39 7.31861e-39 1.4666e-39 0 0 
5.01187 1.99526 7.3875e-39 1.85606e-39 7.3875e-39 1.85606e-39 0 0 
5.01187 2.51189 7.48352e-39 2.48092e-39 7.48352e-39 2.48092e-39 2.17161e-42 5.52208e-43 
5.01187 3.16228 7.60417e-39 3.47244e-39 7.60417e-39 3.47244e-39 2.48822e-40 9.9592e-41 
5.01187 3.98107 7.84203e-39 5.16589e-39 7.84203e-39 5.16589e-39 1.14682e-39 7.24973e-40 
5.01187 5.01187 0 0 0 0 0 0 
5.01187 6.30957 0 0 0 0 0 0 
5.01187 7.94328 0 0 0 0 0 0 
5.01187 10 0 0 0 0 0 0 
6.30957 1 7.13202e-39 1.01866e-39 7.13202e-39 1.01866e-39 0 0 
6.30957 1.25893 7.1585e-39 1.11273e-39 7.1585e-39 1.11273e-39 0 0 
6.30957 1.58489 7.19577e-39 1.26448e-39 7.19577e-39 1.26448e-39 0 0 
6.30957 1.99526 7.24921e-39 1.50882e-39 7.24921e-39 1.50882e-39 0 0 
6.30957 2.51189 7.32561e-39 1.90105e-39 7.32561e-39 1.90105e-39 5.86855e-42 9.57845e-43 
6.30957 3.16228 7.43208e-39 2.52777e-39 7.43208e-39 2.52777e-39 2.89504e-40 7.4211e-41 
6.30957 3.98107 7.5751e-39 3.52865e-39 7.5751e-39 3.52865e-39 1.1795e-39 4.77046e-40 
6.30957 5.01187 7.75061e-39 5.13588e-39 7.75061e-39 5.13588e-39 2.66282e-39 1.69644e-39 
6.30957 6.30957 0 0 0 0 0 0 
6.30957 7.94328 0 0 0 0 0 0 
6.30957 10 0 0 0 0 0 0 
7.94328 1 7.03511e-39 9.94436e-40 7.03511e-39 9.94436e-40 0 0 
7.94328 1.25893 7.05443e-39 1.05268e-39 7.05443e-39 1.05268e-39 0 0 
7.94328 1.58489 7.08146e-39 1.14671e-39 7.08146e-39 1.14671e-39 0 0 
7.94328 1.99526 7.1199e-39 1.29807e-39 7.1199e-39 1.29807e-39 0 0 
7.94328 2.51189 7.1748e-39 1.54134e-39 7.1748e-39 1.54134e-39 8.76646e-42 9.24923e-43 
7.94328 3.16228 7.25464e-39 1.93242e-39 7.25464e-39 1.93242e-39 2.96744e-40 4.91187e-41 
7.94328 3.98107 7.37182e-39 2.56191e-39 7.37182e-39 2.56191e-39 1.12105e-39 2.92976e-40 
7.94328 5.01187 7.53446e-39 3.56833e-39 7.53446e-39 3.56833e-39 2.35731e-39 9.7142e-40 
7.94328 6.30957 7.72091e-39 5.15852e-39 7.72091e-39 5.15852e-39 3.97581e-39 2.56149e-39 
7.94328 7.94328 0 0 0 0 0 0 
7.94328 10 0 0 0 0 0 0 
10 1 6.94673e-39 9.91296e-40 6.94673e-39 9.91296e-40 0 0 
10 1.25893 6.96011e-39 1.02657e-39 6.96011e-39 1.02657e-39 0 0 
10 1.58489 6.97858e-39 1.08385e-39 6.97858e-39 1.08385e-39 0 0 
10 1.99526 7.00494e-39 1.17649e-39 7.00494e-39 1.17649e-39 0 0 
10 2.51189 7.04298e-39 1.32638e-39 7.04298e-39 1.32638e-39 1.06107e-41 7.33414e-43 
10 3.16228 7.09884e-39 1.56802e-39 7.09884e-39 1.56802e-39 2.92125e-40 3.16432e-41 
10 3.98107 7.1811e-39 1.957e-39 7.1811e-39 1.957e-39 1.0587e-39 1.81064e-40 
10 5.01187 7.30264e-39 2.58306e-39 7.30264e-39 2.58306e-39 2.16123e-39 5.83183e-40 
10 6.30957 7.48344e-39 3.59418e-39 7.48344e-39 3.59418e-39 3.43634e-39 1.44999e-39 
10 7.94328 7.70733e-39 5.19835e-39 7.70733e-39 5.19835e-39 4.94954e-39 3.2267e-39 
10 10 0 0 0 0 0 0 
