10 2.43212e-38 1.17725e-38 2.43212e-38 1.17725e-38 2.43212e-38 1.17725e-38 
10.2329 2.48629e-38 1.2046e-38 2.48629e-38 1.2046e-38 2.48629e-38 1.2046e-38 
10.4713 2.54167e-38 1.23258e-38 2.54167e-38 1.23258e-38 2.54167e-38 1.23258e-38 
10.7152 2.59829e-38 1.26121e-38 2.59829e-38 1.26121e-38 2.59829e-38 1.26121e-38 
10.9648 2.65618e-38 1.2905e-38 2.65618e-38 1.2905e-38 2.65618e-38 1.2905e-38 
11.2202 2.71537e-38 1.32047e-38 2.71537e-38 1.32047e-38 2.71537e-38 1.32047e-38 
11.4815 2.77588e-38 1.35277e-38 2.77588e-38 1.35277e-38 2.77588e-38 1.35277e-38 
11.749 2.83774e-38 1.38251e-38 2.83774e-38 1.38251e-38 2.83774e-38 1.38251e-38 
12.0226 2.901e-38 1.41461e-38 2.901e-38 1.41461e-38 2.901e-38 1.41461e-38 
12.3027 2.96568e-38 1.44745e-38 2.96568e-38 1.44745e-38 2.96568e-38 1.44745e-38 
12.5893 3.0318e-38 1.48105e-38 3.0318e-38 1.48105e-38 3.0318e-38 1.48105e-38 
12.8825 3.0994e-38 1.51543e-38 3.0994e-38 1.51543e-38 3.0994e-38 1.51543e-38 
13.1826 3.16853e-38 1.55061e-38 3.16853e-38 1.55061e-38 3.16853e-38 1.55061e-38 
13.4896 3.2392e-38 1.5866e-38 3.2392e-38 1.5866e-38 3.2392e-38 1.5866e-38 
13.8038 3.31146e-38 1.62343e-38 3.31146e-38 1.62343e-38 3.31146e-38 1.62343e-38 
14.1254 3.38535e-38 1.66111e-38 3.38535e-38 1.66111e-38 3.38535e-38 1.66111e-38 
14.4544 3.46088e-38 1.69966e-38 3.46088e-38 1.69966e-38 3.46088e-38 1.69966e-38 
14.7911 3.53812e-38 1.73911e-38 3.53812e-38 1.73911e-38 3.53812e-38 1.73911e-38 
15.1356 3.61709e-38 1.77947e-38 3.61709e-38 1.77947e-38 3.61709e-38 1.77947e-38 
15.4882 3.69784e-38 1.82077e-38 3.69784e-38 1.82077e-38 3.69784e-38 1.82077e-38 
15.8489 3.78039e-38 1.86302e-38 3.78039e-38 1.86302e-38 3.78039e-38 1.86302e-38 
16.2181 3.8648e-38 1.90625e-38 3.8648e-38 1.90625e-38 3.8648e-38 1.90625e-38 
16.5959 3.95112e-38 1.95049e-38 3.95112e-38 1.95049e-38 3.95112e-38 1.95049e-38 
16.9824 4.03937e-38 1.99575e-38 4.03937e-38 1.99575e-38 4.03937e-38 1.99575e-38 
17.378 4.12961e-38 2.04207e-38 4.12961e-38 2.04207e-38 4.12961e-38 2.04207e-38 
17.7828 4.22187e-38 2.08946e-38 4.22187e-38 2.08946e-38 4.22187e-38 2.08946e-38 
18.197 4.31621e-38 2.13795e-38 4.31621e-38 2.13795e-38 4.31621e-38 2.13795e-38 
18.6209 4.41267e-38 2.18756e-38 4.41267e-38 2.18756e-38 4.41267e-38 2.18756e-38 
19.0546 4.5113e-38 2.23833e-38 4.5113e-38 2.23833e-38 4.5113e-38 2.23833e-38 
19.4984 4.61216e-38 2.29028e-38 4.61216e-38 2.29028e-38 4.61216e-38 2.29028e-38 
19.9526 4.71528e-38 2.34343e-38 4.71528e-38 2.34343e-38 4.71528e-38 2.34343e-38 
20.4174 4.82073e-38 2.39782e-38 4.82073e-38 2.39782e-38 4.82073e-38 2.39782e-38 
20.893 4.92855e-38 2.45348e-38 4.92855e-38 2.45348e-38 4.92855e-38 2.45348e-38 
21.3796 5.0388e-38 2.51042e-38 5.0388e-38 2.51042e-38 5.0388e-38 2.51042e-38 
21.8776 5.15153e-38 2.5687e-38 5.15153e-38 2.5687e-38 5.15153e-38 2.5687e-38 
22.3872 5.26681e-38 2.62832e-38 5.26681e-38 2.62832e-38 5.26681e-38 2.62832e-38 
22.9087 5.38468e-38 2.68933e-38 5.38468e-38 2.68933e-38 5.38468e-38 2.68933e-38 
23.4423 5.50521e-38 2.75177e-38 5.50521e-38 2.75177e-38 5.50521e-38 2.75177e-38 
23.9883 5.62846e-38 2.81566e-38 5.62846e-38 2.81566e-38 5.62846e-38 2.81566e-38 
24.5471 5.75449e-38 2.88103e-38 5.75449e-38 2.88103e-38 5.75449e-38 2.88103e-38 
25.1189 5.88336e-38 2.94793e-38 5.88336e-38 2.94793e-38 5.88336e-38 2.94793e-38 
25.704 6.01515e-38 3.01638e-38 6.01515e-38 3.01638e-38 6.01515e-38 3.01638e-38 
26.3027 6.14991e-38 3.08643e-38 6.14991e-38 3.08643e-38 6.14991e-38 3.08643e-38 
26.9153 6.28771e-38 3.15811e-38 6.28771e-38 3.15811e-38 6.28771e-38 3.15811e-38 
27.5423 6.42861e-38 3.23147e-38 6.42861e-38 3.23147e-38 6.42861e-38 3.23147e-38 
28.1838 6.57271e-38 3.30653e-38 6.57271e-38 3.30653e-38 6.57271e-38 3.30653e-38 
28.8403 6.72006e-38 3.38334e-38 6.72006e-38 3.38334e-38 6.72006e-38 3.38334e-38 
29.5121 6.87073e-38 3.46194e-38 6.87073e-38 3.46194e-38 6.87073e-38 3.46194e-38 
30.1995 7.02481e-38 3.54237e-38 7.02481e-38 3.54237e-38 7.02481e-38 3.54237e-38 
30.903 7.18237e-38 3.62469e-38 7.18237e-38 3.62469e-38 7.18237e-38 3.62469e-38 
31.6228 7.3435e-38 3.70892e-38 7.3435e-38 3.70892e-38 7.3435e-38 3.70892e-38 
32.3594 7.50826e-38 3.79512e-38 7.50826e-38 3.79512e-38 7.50826e-38 3.79512e-38 
33.1131 7.67675e-38 3.88332e-38 7.67675e-38 3.88332e-38 7.67675e-38 3.88332e-38 
33.8844 7.84905e-38 3.97359e-38 7.84905e-38 3.97359e-38 7.84905e-38 3.97359e-38 
34.6737 8.02524e-38 4.06597e-38 8.02524e-38 4.06597e-38 8.02524e-38 4.06597e-38 
35.4813 8.20543e-38 4.1605e-38 8.20543e-38 4.1605e-38 8.20543e-38 4.1605e-38 
36.3078 8.38963e-38 4.25724e-38 8.38963e-38 4.25724e-38 8.38963e-38 4.25724e-38 
37.1535 8.57811e-38 4.35623e-38 8.57811e-38 4.35623e-38 8.57811e-38 4.35623e-38 
38.0189 8.77079e-38 4.45754e-38 8.77079e-38 4.45754e-38 8.77079e-38 4.45754e-38 
38.9045 8.96784e-38 4.56122e-38 8.96784e-38 4.56122e-38 8.96784e-38 4.56122e-38 
39.8107 9.16936e-38 4.66732e-38 9.16936e-38 4.66732e-38 9.16936e-38 4.66732e-38 
40.738 9.37541e-38 4.77589e-38 9.37541e-38 4.77589e-38 9.37541e-38 4.77589e-38 
41.6869 9.58614e-38 4.88701e-38 9.58614e-38 4.88701e-38 9.58614e-38 4.88701e-38 
42.658 9.80164e-38 5.00072e-38 9.80164e-38 5.00072e-38 9.80164e-38 5.00072e-38 
43.6516 1.0022e-37 5.11709e-38 1.0022e-37 5.11709e-38 1.0022e-37 5.11709e-38 
44.6684 1.02474e-37 5.23618e-38 1.02474e-37 5.23618e-38 1.02474e-37 5.23618e-38 
45.7088 1.04779e-37 5.35805e-38 1.04779e-37 5.35805e-38 1.04779e-37 5.35805e-38 
46.7735 1.07136e-37 5.48279e-38 1.07136e-37 5.48279e-38 1.07136e-37 5.48279e-38 
47.863 1.09546e-37 5.61043e-38 1.09546e-37 5.61043e-38 1.09546e-37 5.61043e-38 
48.9779 1.12011e-37 5.74105e-38 1.12011e-37 5.74105e-38 1.12011e-37 5.74105e-38 
50.1187 1.14531e-37 5.87474e-38 1.14531e-37 5.87474e-38 1.14531e-37 5.87474e-38 
51.2861 1.17109e-37 6.01155e-38 1.17109e-37 6.01155e-38 1.17109e-37 6.01155e-38 
52.4807 1.19745e-37 6.15156e-38 1.19745e-37 6.15156e-38 1.19745e-37 6.15156e-38 
53.7032 1.22441e-37 6.29485e-38 1.22441e-37 6.29485e-38 1.22441e-37 6.29485e-38 
54.9541 1.25198e-37 6.44149e-38 1.25198e-37 6.44149e-38 1.25198e-37 6.44149e-38 
56.2341 1.28018e-37 6.59156e-38 1.28018e-37 6.59156e-38 1.28018e-37 6.59156e-38 
57.544 1.30901e-37 6.74513e-38 1.30901e-37 6.74513e-38 1.30901e-37 6.74513e-38 
58.8844 1.3385e-37 6.90233e-38 1.3385e-37 6.90233e-38 1.3385e-37 6.90233e-38 
60.256 1.36865e-37 7.06318e-38 1.36865e-37 7.06318e-38 1.36865e-37 7.06318e-38 
61.6595 1.3995e-37 7.22781e-38 1.3995e-37 7.22781e-38 1.3995e-37 7.22781e-38 
63.0957 1.43103e-37 7.39628e-38 1.43103e-37 7.39628e-38 1.43103e-37 7.39628e-38 
64.5654 1.46328e-37 7.56871e-38 1.46328e-37 7.56871e-38 1.46328e-37 7.56871e-38 
66.0693 1.49626e-37 7.74517e-38 1.49626e-37 7.74517e-38 1.49626e-37 7.74517e-38 
67.6083 1.52999e-37 7.92576e-38 1.52999e-37 7.92576e-38 1.52999e-37 7.92576e-38 
69.1831 1.56449e-37 8.11059e-38 1.56449e-37 8.11059e-38 1.56449e-37 8.11059e-38 
70.7946 1.59976e-37 8.29974e-38 1.59976e-37 8.29974e-38 1.59976e-37 8.29974e-38 
72.4436 1.63584e-37 8.49332e-38 1.63584e-37 8.49332e-38 1.63584e-37 8.49332e-38 
74.131 1.67273e-37 8.69144e-38 1.67273e-37 8.69144e-38 1.67273e-37 8.69144e-38 
75.8578 1.71046e-37 8.89419e-38 1.71046e-37 8.89419e-38 1.71046e-37 8.89419e-38 
77.6247 1.74904e-37 9.10171e-38 1.74904e-37 9.10171e-38 1.74904e-37 9.10171e-38 
79.4328 1.7885e-37 9.31407e-38 1.7885e-37 9.31407e-38 1.7885e-37 9.31407e-38 
81.2831 1.82885e-37 9.5314e-38 1.82885e-37 9.5314e-38 1.82885e-37 9.5314e-38 
83.1764 1.87012e-37 9.75384e-38 1.87012e-37 9.75384e-38 1.87012e-37 9.75384e-38 
85.1138 1.91232e-37 9.98144e-38 1.91232e-37 9.98144e-38 1.91232e-37 9.98144e-38 
87.0964 1.95548e-37 1.02145e-37 1.95548e-37 1.02145e-37 1.95548e-37 1.02145e-37 
89.1251 1.99962e-37 1.04529e-37 1.99962e-37 1.04529e-37 1.99962e-37 1.04529e-37 
91.2011 2.04476e-37 1.06969e-37 2.04476e-37 1.06969e-37 2.04476e-37 1.06969e-37 
93.3254 2.09091e-37 1.09467e-37 2.09091e-37 1.09467e-37 2.09091e-37 1.09467e-37 
95.4993 2.13812e-37 1.12022e-37 2.13812e-37 1.12022e-37 2.13812e-37 1.12022e-37 
97.7237 2.1864e-37 1.14638e-37 2.1864e-37 1.14638e-37 2.1864e-37 1.14638e-37 
100 2.23576e-37 1.17315e-37 2.23576e-37 1.17315e-37 2.23576e-37 1.17315e-37 
102.329 2.28625e-37 1.20055e-37 2.28625e-37 1.20055e-37 2.28625e-37 1.20055e-37 
104.713 2.33788e-37 1.22859e-37 2.33788e-37 1.22859e-37 2.33788e-37 1.22859e-37 
107.152 2.39068e-37 1.25729e-37 2.39068e-37 1.25729e-37 2.39068e-37 1.25729e-37 
109.648 2.44468e-37 1.28666e-37 2.44468e-37 1.28666e-37 2.44468e-37 1.28666e-37 
112.202 2.49989e-37 1.31671e-37 2.49989e-37 1.31671e-37 2.49989e-37 1.31671e-37 
114.815 2.55636e-37 1.34748e-37 2.55636e-37 1.34748e-37 2.55636e-37 1.34748e-37 
117.49 2.61411e-37 1.37896e-37 2.61411e-37 1.37896e-37 2.61411e-37 1.37896e-37 
120.226 2.67316e-37 1.41118e-37 2.67316e-37 1.41118e-37 2.67316e-37 1.41118e-37 
123.027 2.73356e-37 1.44415e-37 2.73356e-37 1.44415e-37 2.73356e-37 1.44415e-37 
125.893 2.79531e-37 1.4779e-37 2.79531e-37 1.4779e-37 2.79531e-37 1.4779e-37 
128.825 2.85847e-37 1.51243e-37 2.85847e-37 1.51243e-37 2.85847e-37 1.51243e-37 
131.826 2.92305e-37 1.54778e-37 2.92305e-37 1.54778e-37 2.92305e-37 1.54778e-37 
134.896 2.98909e-37 1.58395e-37 2.98909e-37 1.58395e-37 2.98909e-37 1.58395e-37 
138.038 3.05664e-37 1.62097e-37 3.05664e-37 1.62097e-37 3.05664e-37 1.62097e-37 
141.254 3.1257e-37 1.65886e-37 3.1257e-37 1.65886e-37 3.1257e-37 1.65886e-37 
144.544 3.19633e-37 1.69763e-37 3.19633e-37 1.69763e-37 3.19633e-37 1.69763e-37 
147.911 3.26855e-37 1.73731e-37 3.26855e-37 1.73731e-37 3.26855e-37 1.73731e-37 
151.356 3.34242e-37 1.77792e-37 3.34242e-37 1.77792e-37 3.34242e-37 1.77792e-37 
154.882 3.41795e-37 1.81948e-37 3.41795e-37 1.81948e-37 3.41795e-37 1.81948e-37 
158.489 3.49518e-37 1.86202e-37 3.49518e-37 1.86202e-37 3.49518e-37 1.86202e-37 
162.181 3.57416e-37 1.90555e-37 3.57416e-37 1.90555e-37 3.57416e-37 1.90555e-37 
165.959 3.65492e-37 1.95009e-37 3.65492e-37 1.95009e-37 3.65492e-37 1.95009e-37 
169.824 3.73751e-37 1.99568e-37 3.73751e-37 1.99568e-37 3.73751e-37 1.99568e-37 
173.78 3.82196e-37 2.04234e-37 3.82196e-37 2.04234e-37 3.82196e-37 2.04234e-37 
177.828 3.90833e-37 2.09009e-37 3.90833e-37 2.09009e-37 3.90833e-37 2.09009e-37 
181.97 3.99663e-37 2.13895e-37 3.99663e-37 2.13895e-37 3.99663e-37 2.13895e-37 
186.209 4.08693e-37 2.18896e-37 4.08693e-37 2.18896e-37 4.08693e-37 2.18896e-37 
190.546 4.17927e-37 2.24014e-37 4.17927e-37 2.24014e-37 4.17927e-37 2.24014e-37 
194.984 4.27369e-37 2.29251e-37 4.27369e-37 2.29251e-37 4.27369e-37 2.29251e-37 
199.526 4.37024e-37 2.34611e-37 4.37024e-37 2.34611e-37 4.37024e-37 2.34611e-37 
204.174 4.46897e-37 2.40096e-37 4.46897e-37 2.40096e-37 4.46897e-37 2.40096e-37 
208.93 4.56992e-37 2.45709e-37 4.56992e-37 2.45709e-37 4.56992e-37 2.45709e-37 
213.796 4.67314e-37 2.51453e-37 4.67314e-37 2.51453e-37 4.67314e-37 2.51453e-37 
218.776 4.77869e-37 2.57332e-37 4.77869e-37 2.57332e-37 4.77869e-37 2.57332e-37 
223.872 4.88662e-37 2.63348e-37 4.88662e-37 2.63348e-37 4.88662e-37 2.63348e-37 
229.087 4.99698e-37 2.69505e-37 4.99698e-37 2.69505e-37 4.99698e-37 2.69505e-37 
234.423 5.10981e-37 2.75805e-37 5.10981e-37 2.75805e-37 5.10981e-37 2.75805e-37 
239.883 5.22518e-37 2.82251e-37 5.22518e-37 2.82251e-37 5.22518e-37 2.82251e-37 
245.471 5.34315e-37 2.88849e-37 5.34315e-37 2.88849e-37 5.34315e-37 2.88849e-37 
251.189 5.46398e-37 2.95601e-37 5.46398e-37 2.95601e-37 5.46398e-37 2.95601e-37 
257.04 5.58712e-37 3.02511e-37 5.58712e-37 3.02511e-37 5.58712e-37 3.02511e-37 
263.027 5.71321e-37 3.09581e-37 5.71321e-37 3.09581e-37 5.71321e-37 3.09581e-37 
269.153 5.84215e-37 3.16847e-37 5.84215e-37 3.16847e-37 5.84215e-37 3.16847e-37 
275.423 5.97398e-37 3.2422e-37 5.97398e-37 3.2422e-37 5.97398e-37 3.2422e-37 
281.838 6.10876e-37 3.31797e-37 6.10876e-37 3.31797e-37 6.10876e-37 3.31797e-37 
288.403 6.24657e-37 3.3955e-37 6.24657e-37 3.3955e-37 6.24657e-37 3.3955e-37 
295.121 6.38747e-37 3.47484e-37 6.38747e-37 3.47484e-37 6.38747e-37 3.47484e-37 
301.995 6.53151e-37 3.55603e-37 6.53151e-37 3.55603e-37 6.53151e-37 3.55603e-37 
309.03 6.6788e-37 3.63911e-37 6.6788e-37 3.63911e-37 6.6788e-37 3.63911e-37 
316.228 6.82936e-37 3.72412e-37 6.82936e-37 3.72412e-37 6.82936e-37 3.72412e-37 
323.594 6.98331e-37 3.81111e-37 6.98331e-37 3.81111e-37 6.98331e-37 3.81111e-37 
331.131 7.14069e-37 3.90012e-37 7.14069e-37 3.90012e-37 7.14069e-37 3.90012e-37 
338.844 7.30159e-37 3.99121e-37 7.30159e-37 3.99121e-37 7.30159e-37 3.99121e-37 
346.737 7.46615e-37 4.08442e-37 7.46615e-37 4.08442e-37 7.46615e-37 4.08442e-37 
354.813 7.63427e-37 4.17979e-37 7.63427e-37 4.17979e-37 7.63427e-37 4.17979e-37 
363.078 7.80621e-37 4.27737e-37 7.80621e-37 4.27737e-37 7.80621e-37 4.27737e-37 
371.535 7.98198e-37 4.37723e-37 7.98198e-37 4.37723e-37 7.98198e-37 4.37723e-37 
380.189 8.16163e-37 4.47941e-37 8.16163e-37 4.47941e-37 8.16163e-37 4.47941e-37 
389.045 8.34531e-37 4.58395e-37 8.34531e-37 4.58395e-37 8.34531e-37 4.58395e-37 
398.107 8.53309e-37 4.69093e-37 8.53309e-37 4.69093e-37 8.53309e-37 4.69093e-37 
407.38 8.72503e-37 4.80038e-37 8.72503e-37 4.80038e-37 8.72503e-37 4.80038e-37 
416.869 8.92125e-37 4.91238e-37 8.92125e-37 4.91238e-37 8.92125e-37 4.91238e-37 
426.58 9.12182e-37 5.02698e-37 9.12182e-37 5.02698e-37 9.12182e-37 5.02698e-37 
436.516 9.32685e-37 5.14422e-37 9.32685e-37 5.14422e-37 9.32685e-37 5.14422e-37 
446.684 9.53642e-37 5.26419e-37 9.53642e-37 5.26419e-37 9.53642e-37 5.26419e-37 
457.088 9.75066e-37 5.38693e-37 9.75066e-37 5.38693e-37 9.75066e-37 5.38693e-37 
467.735 9.96963e-37 5.51251e-37 9.96963e-37 5.51251e-37 9.96963e-37 5.51251e-37 
478.63 1.01934e-36 5.64101e-37 1.01934e-36 5.64101e-37 1.01934e-36 5.64101e-37 
489.779 1.04222e-36 5.77247e-37 1.04222e-36 5.77247e-37 1.04222e-36 5.77247e-37 
501.187 1.06561e-36 5.90698e-37 1.06561e-36 5.90698e-37 1.06561e-36 5.90698e-37 
512.861 1.08951e-36 6.04459e-37 1.08951e-36 6.04459e-37 1.08951e-36 6.04459e-37 
524.807 1.11393e-36 6.18538e-37 1.11393e-36 6.18538e-37 1.11393e-36 6.18538e-37 
537.032 1.1389e-36 6.32941e-37 1.1389e-36 6.32941e-37 1.1389e-36 6.32941e-37 
549.541 1.16442e-36 6.47678e-37 1.16442e-36 6.47678e-37 1.16442e-36 6.47678e-37 
562.341 1.1905e-36 6.62754e-37 1.1905e-36 6.62754e-37 1.1905e-36 6.62754e-37 
575.44 1.21715e-36 6.78179e-37 1.21715e-36 6.78179e-37 1.21715e-36 6.78179e-37 
588.844 1.24439e-36 6.93958e-37 1.24439e-36 6.93958e-37 1.24439e-36 6.93958e-37 
602.56 1.27222e-36 7.101e-37 1.27222e-36 7.101e-37 1.27222e-36 7.101e-37 
616.595 1.30067e-36 7.26615e-37 1.30067e-36 7.26615e-37 1.30067e-36 7.26615e-37 
630.957 1.32974e-36 7.43509e-37 1.32974e-36 7.43509e-37 1.32974e-36 7.43509e-37 
645.654 1.35945e-36 7.60793e-37 1.35945e-36 7.60793e-37 1.35945e-36 7.60793e-37 
660.693 1.3898e-36 7.78471e-37 1.3898e-36 7.78471e-37 1.3898e-36 7.78471e-37 
676.083 1.42082e-36 7.9656e-37 1.42082e-36 7.9656e-37 1.42082e-36 7.9656e-37 
691.831 1.45252e-36 8.15058e-37 1.45252e-36 8.15058e-37 1.45252e-36 8.15058e-37 
707.946 1.48491e-36 8.33985e-37 1.48491e-36 8.33985e-37 1.48491e-36 8.33985e-37 
724.436 1.518e-36 8.53343e-37 1.518e-36 8.53343e-37 1.518e-36 8.53343e-37 
741.31 1.55182e-36 8.73146e-37 1.55182e-36 8.73146e-37 1.55182e-36 8.73146e-37 
758.578 1.58637e-36 8.93403e-37 1.58637e-36 8.93403e-37 1.58637e-36 8.93403e-37 
776.247 1.62167e-36 9.14122e-37 1.62167e-36 9.14122e-37 1.62167e-36 9.14122e-37 
794.328 1.65773e-36 9.35314e-37 1.65773e-36 9.35314e-37 1.65773e-36 9.35314e-37 
812.831 1.69458e-36 9.56992e-37 1.69458e-36 9.56992e-37 1.69458e-36 9.56992e-37 
831.764 1.73222e-36 9.79165e-37 1.73222e-36 9.79165e-37 1.73222e-36 9.79165e-37 
851.138 1.77068e-36 1.00184e-36 1.77068e-36 1.00184e-36 1.77068e-36 1.00184e-36 
870.964 1.80997e-36 1.02504e-36 1.80997e-36 1.02504e-36 1.80997e-36 1.02504e-36 
891.251 1.8501e-36 1.04876e-36 1.8501e-36 1.04876e-36 1.8501e-36 1.04876e-36 
912.011 1.89109e-36 1.07303e-36 1.89109e-36 1.07303e-36 1.89109e-36 1.07303e-36 
933.254 1.93297e-36 1.09784e-36 1.93297e-36 1.09784e-36 1.93297e-36 1.09784e-36 
954.993 1.97575e-36 1.12322e-36 1.97575e-36 1.12322e-36 1.97575e-36 1.12322e-36 
977.237 2.01944e-36 1.14918e-36 2.01944e-36 1.14918e-36 2.01944e-36 1.14918e-36 
1000 2.06407e-36 1.17572e-36 2.06407e-36 1.17572e-36 2.06407e-36 1.17572e-36 
