100 9.01423e-37 2.45394e-37 9.01423e-37 2.45394e-37 7.0528e-37 1.70558e-37 
117.49 1.05223e-36 2.90081e-37 1.05223e-36 2.90081e-37 8.46643e-37 2.08817e-37 
138.038 1.22829e-36 3.42886e-37 1.22829e-36 3.42886e-37 1.01302e-36 2.54776e-37 
162.181 1.43375e-36 4.05272e-37 1.43375e-36 4.05272e-37 1.20857e-36 3.09873e-37 
190.546 1.67348e-36 4.78971e-37 1.67348e-36 4.78971e-37 1.43809e-36 3.75805e-37 
223.872 1.95308e-36 5.66013e-37 1.95308e-36 5.66013e-37 1.70716e-36 4.54572e-37 
263.027 2.27903e-36 6.68792e-37 2.27903e-36 6.68792e-37 2.02223e-36 5.4853e-37 
309.03 2.6588e-36 7.90118e-37 2.6588e-36 7.90118e-37 2.39073e-36 6.60453e-37 
363.078 3.10099e-36 9.33287e-37 3.10099e-36 9.33287e-37 2.82122e-36 7.93598e-37 
426.58 3.61546e-36 1.10217e-36 3.61546e-36 1.10217e-36 3.32352e-36 9.51787e-37 
501.187 4.21347e-36 1.30128e-36 4.21347e-36 1.30128e-36 3.90884e-36 1.1395e-36 
588.844 4.9078e-36 1.5359e-36 4.9078e-36 1.5359e-36 4.58998e-36 1.36197e-36 
691.831 5.71301e-36 1.81219e-36 5.71301e-36 1.81219e-36 5.38136e-36 1.62531e-36 
812.831 6.64543e-36 2.13731e-36 6.64543e-36 2.13731e-36 6.29934e-36 1.93666e-36 
954.993 7.72338e-36 2.51958e-36 7.72338e-36 2.51958e-36 7.36223e-36 2.30426e-36 
1122.02 8.96733e-36 2.96861e-36 8.96733e-36 2.96861e-36 8.59038e-36 2.7377e-36 
1318.26 1.03998e-35 3.49553e-36 1.03998e-35 3.49553e-36 1.00064e-35 3.24804e-36 
1548.82 1.20455e-35 4.11307e-36 1.20455e-35 4.11307e-36 1.16349e-35 3.84801e-36 
1819.7 1.39316e-35 4.83592e-36 1.39316e-35 4.83592e-36 1.35028e-35 4.5522e-36 
2137.96 1.60868e-35 5.68078e-36 1.60868e-35 5.68078e-36 1.56391e-35 5.37729e-36 
2511.89 1.85421e-35 6.66662e-36 1.85421e-35 6.66662e-36 1.80747e-35 6.34223e-36 
2951.21 2.13302e-35 7.81496e-36 2.13302e-35 7.81496e-36 2.08422e-35 7.46847e-36 
3467.37 2.44852e-35 9.15e-36 2.44852e-35 9.15e-36 2.39755e-35 8.78014e-36 
4073.8 2.8042e-35 1.06988e-35 2.8042e-35 1.06988e-35 2.75098e-35 1.03043e-35 
4786.3 3.20367e-35 1.24915e-35 3.20367e-35 1.24915e-35 3.14809e-35 1.20712e-35 
5623.41 3.65054e-35 1.45616e-35 3.65054e-35 1.45616e-35 3.59249e-35 1.41139e-35 
6606.93 4.14842e-35 1.69458e-35 4.14842e-35 1.69458e-35 4.08779e-35 1.64694e-35 
7762.47 4.70092e-35 1.96843e-35 4.70092e-35 1.96843e-35 4.63759e-35 1.91777e-35 
9120.11 5.31158e-35 2.28208e-35 5.31158e-35 2.28208e-35 5.24542e-35 2.22826e-35 
10715.2 5.9839e-35 2.64025e-35 5.9839e-35 2.64025e-35 5.91479e-35 2.58311e-35 
12589.3 6.72134e-35 3.04802e-35 6.72134e-35 3.04802e-35 6.64913e-35 2.9874e-35 
14791.1 7.52733e-35 3.51081e-35 7.52733e-35 3.51081e-35 7.45188e-35 3.44655e-35 
17378 8.40537e-35 4.03438e-35 8.40537e-35 4.03438e-35 8.32651e-35 3.96631e-35 
20417.4 9.35892e-35 4.62484e-35 9.35892e-35 4.62484e-35 9.27653e-35 4.55277e-35 
23988.3 1.03917e-34 5.28858e-35 1.03917e-34 5.28858e-35 1.03056e-34 5.21235e-35 
28183.8 1.15076e-34 6.03234e-35 1.15076e-34 6.03234e-35 1.14176e-34 5.95176e-35 
33113.1 1.27107e-34 6.86316e-35 1.27107e-34 6.86316e-35 1.26166e-34 6.77805e-35 
38904.5 1.40055e-34 7.78839e-35 1.40055e-34 7.78839e-35 1.39071e-34 7.69853e-35 
45708.8 1.5397e-34 8.81567e-35 1.5397e-34 8.81567e-35 1.5294e-34 8.72087e-35 
53703.2 1.68904e-34 9.95295e-35 1.68904e-34 9.95295e-35 1.67827e-34 9.853e-35 
63095.7 1.84918e-34 1.12085e-34 1.84918e-34 1.12085e-34 1.83791e-34 1.11032e-34 
74131 2.02077e-34 1.2591e-34 2.02077e-34 1.2591e-34 2.00899e-34 1.248e-34 
87096.4 2.20454e-34 1.41092e-34 2.20454e-34 1.41092e-34 2.1922e-34 1.39925e-34 
102329 2.40126e-34 1.57727e-34 2.40126e-34 1.57727e-34 2.38835e-34 1.56498e-34 
120226 2.6118e-34 1.7591e-34 2.6118e-34 1.7591e-34 2.5983e-34 1.74618e-34 
141254 2.83709e-34 1.95745e-34 2.83709e-34 1.95745e-34 2.82296e-34 1.94386e-34 
165959 3.07816e-34 2.17336e-34 3.07816e-34 2.17336e-34 3.06338e-34 2.15908e-34 
194984 3.33608e-34 2.40796e-34 3.33608e-34 2.40796e-34 3.32062e-34 2.39297e-34 
229087 3.61204e-34 2.66242e-34 3.61204e-34 2.66242e-34 3.59586e-34 2.64669e-34 
269153 3.9073e-34 2.93798e-34 3.9073e-34 2.93798e-34 3.89037e-34 2.92146e-34 
316228 4.22318e-34 3.23592e-34 4.22318e-34 3.23592e-34 4.20546e-34 3.2186e-34 
371535 4.56111e-34 3.55761e-34 4.56111e-34 3.55761e-34 4.54258e-34 3.53945e-34 
436516 4.92261e-34 3.90451e-34 4.92261e-34 3.90451e-34 4.90322e-34 3.88546e-34 
512861 5.30928e-34 4.27811e-34 5.30928e-34 4.27811e-34 5.28901e-34 4.25816e-34 
602560 5.72281e-34 4.68004e-34 5.72281e-34 4.68004e-34 5.7016e-34 4.65914e-34 
707946 6.16497e-34 5.11197e-34 6.16497e-34 5.11197e-34 6.1428e-34 5.09008e-34 
831764 6.63766e-34 5.57569e-34 6.63766e-34 5.57569e-34 6.61449e-34 5.55278e-34 
977237 7.14285e-34 6.07308e-34 7.14285e-34 6.07308e-34 7.11862e-34 6.0491e-34 
1.14815e+06 7.68263e-34 6.60613e-34 7.68263e-34 6.60613e-34 7.65731e-34 6.58103e-34 
1.34896e+06 8.25915e-34 7.1769e-34 8.25915e-34 7.1769e-34 8.2327e-34 7.15066e-34 
1.58489e+06 8.87473e-34 7.78764e-34 8.87473e-34 7.78764e-34 8.84711e-34 7.7602e-34 
1.86209e+06 9.53179e-34 8.44062e-34 9.53179e-34 8.44062e-34 9.50292e-34 8.41194e-34 
2.18776e+06 1.02328e-33 9.1383e-34 1.02328e-33 9.1383e-34 1.02027e-33 9.10833e-34 
2.5704e+06 1.09805e-33 9.88326e-34 1.09805e-33 9.88326e-34 1.0949e-33 9.85194e-34 
3.01995e+06 1.17775e-33 1.06781e-33 1.17775e-33 1.06781e-33 1.17447e-33 1.06454e-33 
3.54813e+06 1.26269e-33 1.15258e-33 1.26269e-33 1.15258e-33 1.25926e-33 1.14917e-33 
4.16869e+06 1.35316e-33 1.24293e-33 1.35316e-33 1.24293e-33 1.34957e-33 1.23936e-33 
4.89779e+06 1.44947e-33 1.33916e-33 1.44947e-33 1.33916e-33 1.44574e-33 1.33544e-33 
5.7544e+06 1.55197e-33 1.44161e-33 1.55197e-33 1.44161e-33 1.54807e-33 1.43773e-33 
6.76083e+06 1.661e-33 1.55062e-33 1.661e-33 1.55062e-33 1.65694e-33 1.54656e-33 
7.94328e+06 1.77693e-33 1.66654e-33 1.77693e-33 1.66654e-33 1.77269e-33 1.66231e-33 
9.33254e+06 1.90013e-33 1.78977e-33 1.90013e-33 1.78977e-33 1.89571e-33 1.78535e-33 
1.09648e+07 2.03101e-33 1.92068e-33 2.03101e-33 1.92068e-33 2.02639e-33 1.91607e-33 
1.28825e+07 2.16997e-33 2.0597e-33 2.16997e-33 2.0597e-33 2.16515e-33 2.05489e-33 
1.51356e+07 2.31746e-33 2.20725e-33 2.31746e-33 2.20725e-33 2.31244e-33 2.20223e-33 
1.77828e+07 2.47394e-33 2.36379e-33 2.47394e-33 2.36379e-33 2.46869e-33 2.35856e-33 
2.0893e+07 2.63986e-33 2.5298e-33 2.63986e-33 2.5298e-33 2.63439e-33 2.52434e-33 
2.45471e+07 2.81574e-33 2.70577e-33 2.81574e-33 2.70577e-33 2.81004e-33 2.70008e-33 
2.88403e+07 3.0021e-33 2.89222e-33 3.0021e-33 2.89222e-33 2.99615e-33 2.88628e-33 
3.38844e+07 3.19947e-33 3.08969e-33 3.19947e-33 3.08969e-33 3.19327e-33 3.08349e-33 
3.98107e+07 3.40843e-33 3.29876e-33 3.40843e-33 3.29876e-33 3.40196e-33 3.29228e-33 
4.67735e+07 3.62956e-33 3.51998e-33 3.62956e-33 3.51998e-33 3.62281e-33 3.51324e-33 
5.49541e+07 3.8635e-33 3.75402e-33 3.8635e-33 3.75402e-33 3.85645e-33 3.74699e-33 
6.45654e+07 4.11088e-33 4.00152e-33 4.11088e-33 4.00152e-33 4.10352e-33 3.99417e-33 
7.58578e+07 4.37238e-33 4.26314e-33 4.37238e-33 4.26314e-33 4.3647e-33 4.25547e-33 
8.91251e+07 4.64872e-33 4.53959e-33 4.64872e-33 4.53959e-33 4.6407e-33 4.53158e-33 
1.04713e+08 4.94062e-33 4.83163e-33 4.94062e-33 4.83163e-33 4.93225e-33 4.82326e-33 
1.23027e+08 5.24888e-33 5.14002e-33 5.24888e-33 5.14002e-33 5.24012e-33 5.13126e-33 
1.44544e+08 5.57427e-33 5.46555e-33 5.57427e-33 5.46555e-33 5.56512e-33 5.45642e-33 
1.69824e+08 5.91766e-33 5.80909e-33 5.91766e-33 5.80909e-33 5.9081e-33 5.79955e-33 
1.99526e+08 6.27992e-33 6.17152e-33 6.27992e-33 6.17152e-33 6.26993e-33 6.16154e-33 
2.34423e+08 6.66197e-33 6.55376e-33 6.66197e-33 6.55376e-33 6.65153e-33 6.54333e-33 
2.75423e+08 7.0648e-33 6.95678e-33 7.0648e-33 6.95678e-33 7.05386e-33 6.94586e-33 
3.23594e+08 7.48938e-33 7.38159e-33 7.48938e-33 7.38159e-33 7.47794e-33 7.37016e-33 
3.80189e+08 7.93679e-33 7.82924e-33 7.93679e-33 7.82924e-33 7.92483e-33 7.81729e-33 
4.46684e+08 8.40812e-33 8.30083e-33 8.40812e-33 8.30083e-33 8.39559e-33 8.28833e-33 
5.24807e+08 8.90452e-33 8.79754e-33 8.90452e-33 8.79754e-33 8.8914e-33 8.78444e-33 
6.16595e+08 9.4272e-33 9.32057e-33 9.4272e-33 9.32057e-33 9.41345e-33 9.30684e-33 
7.24436e+08 9.97742e-33 9.87118e-33 9.97742e-33 9.87118e-33 9.96302e-33 9.8568e-33 
8.51138e+08 1.05565e-32 1.04507e-32 1.05565e-32 1.04507e-32 1.05414e-32 1.04356e-32 
1e+09 1.11659e-32 1.10605e-32 1.11659e-32 1.10605e-32 1.115e-32 1.10447e-32 
