0.999999999999999 2.60254333498166e-39 1.15218541463265e-39 2.60254333498166e-39 1.15218541463265e-39 2.60254333498166e-39 1.15218541463265e-39 
1.04240400702156 2.7042500872453e-39 1.20333042346304e-39 2.7042500872453e-39 1.20333042346304e-39 2.7042500872453e-39 1.20333042346304e-39 
1.08660611385459 2.80993439546723e-39 1.25644834080168e-39 2.80993439546723e-39 1.25644834080168e-39 2.80993439546723e-39 1.25644834080168e-39 
1.13268256713615 2.9197824682101e-39 1.31158326808598e-39 2.9197824682101e-39 1.31158326808598e-39 2.9197824682101e-39 1.31158326808598e-39 
1.18071284666619 3.03396705408573e-39 1.36886933521947e-39 3.03396705408573e-39 1.36886933521947e-39 3.03396705408573e-39 1.36886933521947e-39 
1.23077980250666 3.15267785984047e-39 1.42840421687186e-39 3.15267785984047e-39 1.42840421687186e-39 3.15267785984047e-39 1.42840421687186e-39 
1.28296979789414 3.27610226929208e-39 1.4902455220795e-39 3.27610226929208e-39 1.4902455220795e-39 3.27610226929208e-39 1.4902455220795e-39 
1.33737285821249 3.40447247875574e-39 1.55454881459983e-39 3.40447247875574e-39 1.55454881459983e-39 3.40447247875574e-39 1.55454881459983e-39 
1.39408282628257 3.53799853140737e-39 1.62142651919708e-39 3.53799853140737e-39 1.62142651919708e-39 3.53799853140737e-39 1.62142651919708e-39 
1.45319752423688 3.67696965760077e-39 1.69102619421591e-39 3.67696965760077e-39 1.69102619421591e-39 3.67696965760077e-39 1.69102619421591e-39 
1.51481892225833 3.82161021317796e-39 1.76348296352181e-39 3.82161021317796e-39 1.76348296352181e-39 3.82161021317796e-39 1.76348296352181e-39 
1.57905331447416 3.97221149861132e-39 1.83894604140191e-39 3.97221149861132e-39 1.83894604140191e-39 3.97221149861132e-39 1.83894604140191e-39 
1.64601150230853 4.12899507879019e-39 1.9175546015046e-39 4.12899507879019e-39 1.9175546015046e-39 4.12899507879019e-39 1.9175546015046e-39 
1.71580898560999 4.29223171725944e-39 1.99947239632348e-39 4.29223171725944e-39 1.99947239632348e-39 4.29223171725944e-39 1.99947239632348e-39 
1.78856616188344 4.462173859314e-39 2.08484702328265e-39 4.462173859314e-39 2.08484702328265e-39 4.462173859314e-39 2.08484702328265e-39 
1.86440853397046 4.63912510979447e-39 2.17384656682051e-39 4.63912510979447e-39 2.17384656682051e-39 4.63912510979447e-39 2.17384656682051e-39 
1.943466926536 4.82332838475595e-39 2.26663726738248e-39 4.82332838475595e-39 2.26663726738248e-39 4.82332838475595e-39 2.26663726738248e-39 
2.02587771173499 5.0151259845975e-39 2.36338236041246e-39 5.0151259845975e-39 2.36338236041246e-39 5.0151259845975e-39 2.36338236041246e-39 
2.11178304444821 5.21481432166681e-39 2.46425667601479e-39 5.21481432166681e-39 2.46425667601479e-39 5.21481432166681e-39 2.46425667601479e-39 
2.201331107493 5.4227662641471e-39 2.56945576587125e-39 5.4227662641471e-39 2.56945576587125e-39 5.4227662641471e-39 2.56945576587125e-39 
2.2946763672319 5.63928656215417e-39 2.67918363909139e-39 5.63928656215417e-39 2.67918363909139e-39 5.63928656215417e-39 2.67918363909139e-39 
2.3919798400202 5.86477728306421e-39 2.79357685648869e-39 5.86477728306421e-39 2.79357685648869e-39 5.86477728306421e-39 2.79357685648869e-39 
2.49340936995184 6.09953796965619e-39 2.91288419247193e-39 6.09953796965619e-39 2.91288419247193e-39 6.09953796965619e-39 2.91288419247193e-39 
2.59913991838289 6.34390833867881e-39 3.0373516494827e-39 6.34390833867881e-39 3.0373516494827e-39 6.34390833867881e-39 3.0373516494827e-39 
2.709353865732 6.59838123591558e-39 3.16701556343803e-39 6.59838123591558e-39 3.16701556343803e-39 6.59838123591558e-39 3.16701556343803e-39 
2.82424132607838 6.86331002853203e-39 3.302275492126e-39 6.86331002853203e-39 3.302275492126e-39 6.86331002853203e-39 3.302275492126e-39 
2.94400047509997 7.13915660196882e-39 3.44329418787516e-39 7.13915660196882e-39 3.44329418787516e-39 7.13915660196882e-39 3.44329418787516e-39 
3.06883789191758 7.42630607080602e-39 3.59033639447828e-39 7.42630607080602e-39 3.59033639447828e-39 7.42630607080602e-39 3.59033639447828e-39 
3.19896891543447 7.7252508961926e-39 3.7436581333047e-39 7.7252508961926e-39 3.7436581333047e-39 7.7252508961926e-39 3.7436581333047e-39 
3.33461801578629 8.0364903777404e-39 3.90350956813951e-39 8.0364903777404e-39 3.90350956813951e-39 8.0364903777404e-39 3.90350956813951e-39 
3.4760191815419 8.36050378896233e-39 4.07018198963192e-39 8.36050378896233e-39 4.07018198963192e-39 8.36050378896233e-39 4.07018198963192e-39 
3.62341632332306 8.69777951907514e-39 4.24390446890424e-39 8.69777951907514e-39 4.24390446890424e-39 8.69777951907514e-39 4.24390446890424e-39 
3.77706369453927 9.04893420236831e-39 4.4250431613782e-39 9.04893420236831e-39 4.4250431613782e-39 9.04893420236831e-39 4.4250431613782e-39 
3.93722632996338 9.41437388399957e-39 4.61386608653583e-39 9.41437388399957e-39 4.61386608653583e-39 9.41437388399957e-39 4.61386608653583e-39 
4.1041805029046 9.79483579276534e-39 4.8106652950925e-39 9.79483579276534e-39 4.8106652950925e-39 9.79483579276534e-39 4.8106652950925e-39 
4.2782142017675 1.01907881009645e-38 5.01578892158506e-39 1.01907881009645e-38 5.01578892158506e-39 1.01907881009645e-38 5.01578892158506e-39 
4.45962762681897 1.06029133931125e-38 5.22959030903404e-39 1.06029133931125e-38 5.22959030903404e-39 1.06029133931125e-38 5.22959030903404e-39 
4.64873370802012 1.1031879373431e-38 5.45239877890283e-39 1.1031879373431e-38 5.45239877890283e-39 1.1031879373431e-38 5.45239877890283e-39 
4.84585864481635 1.14783607542278e-38 5.68460773761748e-39 1.14783607542278e-38 5.68460773761748e-39 1.14783607542278e-38 5.68460773761748e-39 
5.05134246881661 1.19430321292757e-38 5.92663555542698e-39 1.19430321292757e-38 5.92663555542698e-39 1.19430321292757e-38 5.92663555542698e-39 
5.26553963033259 1.2426685014727e-38 6.17883287012121e-39 1.2426685014727e-38 6.17883287012121e-39 1.2426685014727e-38 6.17883287012121e-39 
5.48881960978949 1.29300226346362e-38 6.44166612790211e-39 1.29300226346362e-38 6.44166612790211e-39 1.29300226346362e-38 6.44166612790211e-39 
5.72156755506306 1.3453934034423e-38 6.715583575534e-39 1.3453934034423e-38 6.715583575534e-39 1.3453934034423e-38 6.715583575534e-39 
5.96418494584226 1.39991898349082e-38 7.00104394163183e-39 1.39991898349082e-38 7.00104394163183e-39 1.39991898349082e-38 7.00104394163183e-39 
6.21709028616361 1.45666821263247e-38 7.29849760636832e-39 1.45666821263247e-38 7.29849760636832e-39 1.45666821263247e-38 7.29849760636832e-39 
6.48071982631174 1.51572348710151e-38 7.60846380461039e-39 1.51572348710151e-38 7.60846380461039e-39 1.51572348710151e-38 7.60846380461039e-39 
6.7555283153314 1.577186704193e-38 7.93143353001925e-39 1.577186704193e-38 7.93143353001925e-39 1.577186704193e-38 7.93143353001925e-39 
7.04198978544903 1.6411534877173e-38 8.2679889738465e-39 1.6411534877173e-38 8.2679889738465e-39 1.6411534877173e-38 8.2679889738465e-39 
7.34059836975694 1.70772091575348e-38 8.61865981207576e-39 1.70772091575348e-38 8.61865981207576e-39 1.70772091575348e-38 8.61865981207576e-39 
7.65186915457053 1.77700719296701e-38 8.98408340235065e-39 1.77700719296701e-38 8.98408340235065e-39 1.77700719296701e-38 8.98408340235065e-39 
7.97633906792896 1.84911836104264e-38 9.36485901745075e-39 1.84911836104264e-38 9.36485901745075e-39 1.84911836104264e-38 9.36485901745075e-39 
8.31456780577173 1.92416083742485e-38 9.76164081522377e-39 1.92416083742485e-38 9.76164081522377e-39 1.92416083742485e-38 9.76164081522377e-39 
8.66713879738888 2.00227302787923e-38 1.01751309285554e-38 2.00227302787923e-38 1.01751309285554e-38 2.00227302787923e-38 1.01751309285554e-38 
9.03466021181015 2.08356837816343e-38 1.06060735346629e-38 2.08356837816343e-38 1.06060735346629e-38 2.08356837816343e-38 1.06060735346629e-38 
9.41776600686912 2.16818229455972e-38 1.10550611507373e-38 2.16818229455972e-38 1.10550611507373e-38 2.16818229455972e-38 1.10550611507373e-38 
9.81711702275177 2.25625257698648e-38 1.15230125574286e-38 2.25625257698648e-38 1.15230125574286e-38 2.25625257698648e-38 1.15230125574286e-38 
10.233402121916 2.34791990986856e-38 1.20106843622973e-38 2.34791990986856e-38 1.20106843622973e-38 2.34791990986856e-38 1.20106843622973e-38 
10.6673393773481 2.44332159123064e-38 1.25188580165684e-38 2.44332159123064e-38 1.25188580165684e-38 2.44332159123064e-38 1.25188580165684e-38 
11.1196773112065 2.54262472418802e-38 1.30484423988468e-38 2.54262472418802e-38 1.30484423988468e-38 2.54262472418802e-38 1.30484423988468e-38 
11.5911961859883 2.64598677497676e-38 1.36003189039134e-38 2.64598677497676e-38 1.36003189039134e-38 2.64598677497676e-38 1.36003189039134e-38 
12.0827093504472 2.75356639652906e-38 1.41755461277861e-38 2.75356639652906e-38 1.41755461277861e-38 2.75356639652906e-38 1.41755461277861e-38 
12.595064642583 2.86555183156226e-38 1.47749514738037e-38 2.86555183156226e-38 1.47749514738037e-38 2.86555183156226e-38 1.47749514738037e-38 
13.129145852124 2.98211701237263e-38 1.53996552470292e-38 2.98211701237263e-38 1.53996552470292e-38 2.98211701237263e-38 1.53996552470292e-38 
13.6858742450245 3.10344823822365e-38 1.60506966068526e-38 3.10344823822365e-38 1.60506966068526e-38 3.10344823822365e-38 1.60506966068526e-38 
14.2662101526067 3.22974357222729e-38 1.67292460862578e-38 3.22974357222729e-38 1.67292460862578e-38 3.22974357222729e-38 1.67292460862578e-38 
14.8711546280888 3.36121217340059e-38 1.74364038198724e-38 3.36121217340059e-38 1.74364038198724e-38 3.36121217340059e-38 1.74364038198724e-38 
15.5017511733569 3.49806134499824e-38 1.81734217088964e-38 3.49806134499824e-38 1.81734217088964e-38 3.49806134499824e-38 1.81734217088964e-38 
16.1590875389583 3.64052616253808e-38 1.89415980789231e-38 3.64052616253808e-38 1.89415980789231e-38 3.64052616253808e-38 1.89415980789231e-38 
16.8442976004223 3.78881556987515e-38 1.97422150424964e-38 3.78881556987515e-38 1.97422150424964e-38 3.78881556987515e-38 1.97422150424964e-38 
17.5585633141437 3.94319405944286e-38 2.05766193013948e-38 3.94319405944286e-38 2.05766193013948e-38 3.94319405944286e-38 2.05766193013948e-38 
18.3031167562051 4.10389479663493e-38 2.14463486555974e-38 4.10389479663493e-38 2.14463486555974e-38 4.10389479663493e-38 2.14463486555974e-38 
19.0792422476516 4.27118888915562e-38 2.2352824765672e-38 4.27118888915562e-38 2.2352824765672e-38 4.27118888915562e-38 2.2352824765672e-38 
19.888278569887 4.44535312218607e-38 2.32976491522297e-38 4.44535312218607e-38 2.32976491522297e-38 4.44535312218607e-38 2.32976491522297e-38 
20.7316212740111 4.62667123512668e-38 2.42825154052258e-38 4.62667123512668e-38 2.42825154052258e-38 4.62667123512668e-38 2.42825154052258e-38 
21.6107250880825 4.8154286460891e-38 2.53089937966655e-38 4.8154286460891e-38 2.53089937966655e-38 4.8154286460891e-38 2.53089937966655e-38 
22.5271064264585 5.01195199049054e-38 2.63789962185788e-38 5.01195199049054e-38 2.63789962185788e-38 5.01195199049054e-38 2.63789962185788e-38 
23.4823460055414 5.21655145597257e-38 2.74943426035777e-38 5.21655145597257e-38 2.74943426035777e-38 5.21655145597257e-38 2.74943426035777e-38 
24.4780915704429 5.42956464012097e-38 2.86569034364314e-38 5.42956464012097e-38 2.86569034364314e-38 5.42956464012097e-38 2.86569034364314e-38 
25.5160607372703 5.65134068527835e-38 2.98688437252086e-38 5.65134068527835e-38 2.98688437252086e-38 5.65134068527835e-38 2.98688437252086e-38 
26.5980439559359 5.88224687355419e-38 3.11320983195593e-38 5.88224687355419e-38 3.11320983195593e-38 5.88224687355419e-38 3.11320983195593e-38 
27.7259075986031 6.12265905530634e-38 3.24490133163775e-38 6.12265905530634e-38 3.24490133163775e-38 6.12265905530634e-38 3.24490133163775e-38 
28.9015971790933 6.37297238071517e-38 3.38218560254258e-38 6.37297238071517e-38 3.38218560254258e-38 6.37297238071517e-38 3.38218560254258e-38 
30.1271407088097 6.63359361952756e-38 3.52529135188286e-38 6.63359361952756e-38 3.52529135188286e-38 6.63359361952756e-38 3.52529135188286e-38 
31.4046521949655 6.90496008569541e-38 3.67447697077024e-38 6.90496008569541e-38 3.67447697077024e-38 6.90496008569541e-38 3.67447697077024e-38 
32.7363352871503 7.1875556581383e-38 3.82999893371697e-38 7.1875556581383e-38 3.82999893371697e-38 7.1875556581383e-38 3.82999893371697e-38 
34.1244870785266 7.48167935451776e-38 3.9921362351818e-38 7.48167935451776e-38 3.9921362351818e-38 7.48167935451776e-38 3.9921362351818e-38 
35.5715020682115 7.7880338712502e-38 4.16111566382773e-38 7.7880338712502e-38 4.16111566382773e-38 7.7880338712502e-38 4.16111566382773e-38 
37.0798762916792 8.10700469187572e-38 4.33737331949325e-38 8.10700469187572e-38 4.33737331949325e-38 8.10700469187572e-38 4.33737331949325e-38 
38.65221162631 8.43911915636949e-38 4.52109096853666e-38 8.43911915636949e-38 4.52109096853666e-38 8.43911915636949e-38 4.52109096853666e-38 
40.2912202795107 8.78495498241171e-38 4.71261667124215e-38 8.78495498241171e-38 4.71261667124215e-38 8.78495498241171e-38 4.71261667124215e-38 
41.9997294671501 9.14505804705167e-38 4.91228624622553e-38 9.14505804705167e-38 4.91228624622553e-38 9.14505804705167e-38 4.91228624622553e-38 
43.7806862903786 9.52003550687547e-38 5.12046684976858e-38 9.52003550687547e-38 5.12046684976858e-38 9.52003550687547e-38 5.12046684976858e-38 
45.6371628192443 9.91048827499104e-38 5.3375019052135e-38 9.91048827499104e-38 5.3375019052135e-38 9.91048827499104e-38 5.3375019052135e-38 
47.5723613918754 1.0317063742933e-37 5.56378988849748e-38 1.0317063742933e-37 5.56378988849748e-38 1.0317063742933e-37 5.56378988849748e-38 
49.5896201383685 1.07404505055232e-37 5.79970621460605e-38 1.07404505055232e-37 5.79970621460605e-38 1.07404505055232e-37 5.79970621460605e-38 
51.6924187389122 1.11812960380834e-37 6.04566516810049e-38 1.11812960380834e-37 6.04566516810049e-38 1.11812960380834e-37 6.04566516810049e-38 
53.8843844260782 1.16403750115088e-37 6.30211679197631e-38 1.16403750115088e-37 6.30211679197631e-38 1.16403750115088e-37 6.30211679197631e-38 
56.1692982416338 1.21184051496291e-37 6.56947950911447e-38 1.21184051496291e-37 6.56947950911447e-38 1.21184051496291e-37 6.56947950911447e-38 
58.5511015586679 1.26162130112673e-37 6.84823806294689e-38 1.26162130112673e-37 6.84823806294689e-38 1.26162130112673e-37 6.84823806294689e-38 
61.0339028802815 1.31345711720967e-37 7.13888303655769e-38 1.31345711720967e-37 7.13888303655769e-38 1.31345711720967e-37 7.13888303655769e-38 
63.6219849265699 1.36743713648914e-37 7.44191896816341e-38 1.36743713648914e-37 7.44191896816341e-38 1.36743713648914e-37 7.44191896816341e-38 
66.3198120221215 1.4236451272547e-37 7.75787084740857e-38 1.4236451272547e-37 7.75787084740857e-38 1.4236451272547e-37 7.75787084740857e-38 
69.1320377967758 1.48217904726829e-37 8.08730318013321e-38 1.48217904726829e-37 8.08730318013321e-38 1.48217904726829e-37 8.08730318013321e-38 
72.0635132129247 1.54313146595928e-37 8.43078494462679e-38 1.54313146595928e-37 8.43078494462679e-38 1.54313146595928e-37 8.43078494462679e-38 
75.1192949332036 1.60660298964637e-37 8.78890818456674e-38 1.60660298964637e-37 8.78890818456674e-38 1.60660298964637e-37 8.78890818456674e-38 
78.3046540430055 1.67270221897694e-37 9.16231427122006e-38 1.67270221897694e-37 9.16231427122006e-38 1.67270221897694e-37 9.16231427122006e-38 
81.6250851428656 1.74152384085804e-37 9.55163236407984e-38 1.74152384085804e-37 9.55163236407984e-38 1.74152384085804e-37 9.55163236407984e-38 
85.0863158263987 1.81319477417248e-37 9.95756081118963e-38 1.81319477417248e-37 9.95756081118963e-38 1.81319477417248e-37 9.95756081118963e-38 
88.6943165601396 1.8878346441228e-37 1.03808109712049e-37 1.8878346441228e-37 1.03808109712049e-37 1.8878346441228e-37 1.03808109712049e-37 
92.4553109823279 1.96555206958306e-37 1.08221035691141e-37 1.96555206958306e-37 1.08221035691141e-37 1.96555206958306e-37 1.08221035691141e-37 
96.3757866384026 2.0464780256725e-37 1.12822253459207e-37 2.0464780256725e-37 1.12822253459207e-37 2.0464780256725e-37 1.12822253459207e-37 
100.462506171725 2.13075011283161e-37 1.17619912638928e-37 2.13075011283161e-37 1.17619912638928e-37 2.13075011283161e-37 1.17619912638928e-37 
104.722518988834 2.21850801640364e-37 1.22622157228227e-37 2.21850801640364e-37 1.22622157228227e-37 2.21850801640364e-37 1.22622157228227e-37 
109.163173419352 2.30988912370737e-37 1.27837729414959e-37 2.30988912370737e-37 1.27837729414959e-37 2.30988912370737e-37 1.27837729414959e-37 
113.792129391521 2.40504500582348e-37 1.33275757964759e-37 2.40504500582348e-37 1.33275757964759e-37 2.40504500582348e-37 1.33275757964759e-37 
118.617371645237 2.50412839738293e-37 1.38945533498087e-37 2.50412839738293e-37 1.38945533498087e-37 2.50412839738293e-37 1.38945533498087e-37 
123.64722350536 2.60730473981033e-37 1.44857338153289e-37 2.60730473981033e-37 1.44857338153289e-37 2.60730473981033e-37 1.44857338153289e-37 
128.890361239078 2.71473923385602e-37 1.51021160973528e-37 2.71473923385602e-37 1.51021160973528e-37 2.71473923385602e-37 1.51021160973528e-37 
134.35582902207 2.82660712172285e-37 1.57447748094486e-37 2.82660712172285e-37 1.57447748094486e-37 2.82660712172285e-37 1.57447748094486e-37 
140.053054539309 2.9430945773559e-37 1.64148354903964e-37 2.9430945773559e-37 1.64148354903964e-37 2.9430945773559e-37 1.64148354903964e-37 
145.991865247384 3.06438495885931e-37 1.71134453247439e-37 3.06438495885931e-37 1.71134453247439e-37 3.06438495885931e-37 1.71134453247439e-37 
152.182505326424 3.19067160451914e-37 1.78418315837959e-37 3.19067160451914e-37 1.78418315837959e-37 3.19067160451914e-37 1.78418315837959e-37 
158.635653350844 3.32217774468381e-37 1.86012817547597e-37 3.32217774468381e-37 1.86012817547597e-37 3.32217774468381e-37 1.86012817547597e-37 
165.362440709402 3.45909767355932e-37 1.93930453117255e-37 3.45909767355932e-37 1.93930453117255e-37 3.45909767355932e-37 1.93930453117255e-37 
172.374470806345 3.60165718611606e-37 2.02185609532803e-37 3.60165718611606e-37 2.02185609532803e-37 3.60165718611606e-37 2.02185609532803e-37 
179.683839076755 3.75009055772303e-37 2.1079233298409e-37 3.75009055772303e-37 2.1079233298409e-37 3.75009055772303e-37 2.1079233298409e-37 
187.303153850625 3.9046245086719e-37 2.19765125564985e-37 3.9046245086719e-37 2.19765125564985e-37 3.9046245086719e-37 2.19765125564985e-37 
195.245558101667 4.06552752282119e-37 2.29120087580709e-37 4.06552752282119e-37 2.29120087580709e-37 4.06552752282119e-37 2.29120087580709e-37 
203.524752118337 4.23304111025751e-37 2.38873263447791e-37 4.23304111025751e-37 2.38873263447791e-37 4.23304111025751e-37 2.38873263447791e-37 
212.155017136224 4.40744284955644e-37 2.49041176055386e-37 4.40744284955644e-37 2.49041176055386e-37 4.40744284955644e-37 2.49041176055386e-37 
221.151239972527 4.58901329276367e-37 2.59641436401245e-37 4.58901329276367e-37 2.59641436401245e-37 4.58901329276367e-37 2.59641436401245e-37 
230.528938705147 4.77803875569341e-37 2.70692731311561e-37 4.77803875569341e-37 2.70692731311561e-37 4.77803875569341e-37 2.70692731311561e-37 
240.304289440672 4.97481636594931e-37 2.82212544048994e-37 4.97481636594931e-37 2.82212544048994e-37 4.97481636594931e-37 2.82212544048994e-37 
250.494154217424 5.17967709773743e-37 2.94223283871746e-37 5.17967709773743e-37 2.94223283871746e-37 5.17967709773743e-37 2.94223283871746e-37 
261.116110091719 5.39293047582197e-37 3.06743447784036e-37 5.39293047582197e-37 3.06743447784036e-37 5.39293047582197e-37 3.06743447784036e-37 
272.188479457489 5.61491879270181e-37 3.1979508572563e-37 5.61491879270181e-37 3.1979508572563e-37 5.61491879270181e-37 3.1979508572563e-37 
283.730361651591 5.84599379636759e-37 3.33400951277212e-37 5.84599379636759e-37 3.33400951277212e-37 5.84599379636759e-37 3.33400951277212e-37 
295.761665899294 6.08652532998485e-37 3.47583564411076e-37 6.08652532998485e-37 3.47583564411076e-37 6.08652532998485e-37 3.47583564411076e-37 
308.303145656795 6.33688925692096e-37 3.6236770130494e-37 6.33688925692096e-37 3.6236770130494e-37 6.33688925692096e-37 3.6236770130494e-37 
321.376434409993 6.5974669306584e-37 3.77778026293974e-37 6.5974669306584e-37 3.77778026293974e-37 6.5974669306584e-37 3.77778026293974e-37 
335.004082991277 6.86868539588486e-37 3.93840933608603e-37 6.86868539588486e-37 3.93840933608603e-37 6.86868539588486e-37 3.93840933608603e-37 
349.209598478689 7.15096620985498e-37 4.10584244737201e-37 7.15096620985498e-37 4.10584244737201e-37 7.15096620985498e-37 4.10584244737201e-37 
364.017484744574 7.44474721230635e-37 4.2803505655067e-37 7.44474721230635e-37 4.2803505655067e-37 7.44474721230635e-37 4.2803505655067e-37 
379.453284723652 7.75047031055017e-37 4.46225016923365e-37 7.75047031055017e-37 4.46225016923365e-37 7.75047031055017e-37 4.46225016923365e-37 
395.543624473426 8.06862589102153e-37 4.65182420208963e-37 8.06862589102153e-37 4.65182420208963e-37 8.06862589102153e-37 4.65182420208963e-37 
412.316259102929 8.39970857616798e-37 4.84940910645234e-37 8.39970857616798e-37 4.84940910645234e-37 8.39970857616798e-37 4.84940910645234e-37 
429.800120649031 8.74422371900466e-37 5.05533302097346e-37 8.74422371900466e-37 5.05533302097346e-37 8.74422371900466e-37 5.05533302097346e-37 
448.025367982898 9.10269314123584e-37 5.2699388775378e-37 9.10269314123584e-37 5.2699388775378e-37 9.10269314123584e-37 5.2699388775378e-37 
467.02343883268 9.4756579951773e-37 5.49359060894967e-37 9.4756579951773e-37 5.49359060894967e-37 9.4756579951773e-37 5.49359060894967e-37 
486.827104012172 9.86371516092351e-37 5.72665345086636e-37 9.86371516092351e-37 5.72665345086636e-37 9.86371516092351e-37 5.72665345086636e-37 
507.470523948988 1.0267432357522e-36 5.96952146819357e-37 1.0267432357522e-36 5.96952146819357e-37 1.0267432357522e-36 5.96952146819357e-37 
528.989307609753 1.06873448261186e-36 6.22259692038787e-37 1.06873448261186e-36 6.22259692038787e-37 1.06873448261186e-36 6.22259692038787e-37 
551.420573923965 1.11242428428079e-36 6.48632166152958e-37 1.11242428428079e-36 6.48632166152958e-37 1.11242428428079e-36 6.48632166152958e-37 
574.803015812467 1.15786677320037e-36 6.76108796901893e-37 1.15786677320037e-36 6.76108796901893e-37 1.15786677320037e-36 6.76108796901893e-37 
599.17696693099 1.20513266064775e-36 7.04737093796086e-37 1.20513266064775e-36 7.04737093796086e-37 1.20513266064775e-36 7.04737093796086e-37 
624.584471243887 1.25429032699845e-36 7.34565297425454e-37 1.25429032699845e-36 7.34565297425454e-37 1.25429032699845e-36 7.34565297425454e-37 
651.069355548067 1.30541677263451e-36 7.65641237841613e-37 1.30541677263451e-36 7.65641237841613e-37 1.30541677263451e-36 7.65641237841613e-37 
678.677305072247 1.35858385316252e-36 7.98015162848484e-37 1.35858385316252e-36 7.98015162848484e-37 1.35858385316252e-36 7.98015162848484e-37 
707.455942281901 1.41387158577534e-36 8.31742405059046e-37 1.41387158577534e-36 8.31742405059046e-37 1.41387158577534e-36 8.31742405059046e-37 
737.454909025864 1.47135301241331e-36 8.66872810391884e-37 1.47135301241331e-36 8.66872810391884e-37 1.47135301241331e-36 8.66872810391884e-37 
768.725952166278 1.5311175832337e-36 9.03468907282159e-37 1.5311175832337e-36 9.03468907282159e-37 1.5311175832337e-36 9.03468907282159e-37 
801.323012839589 1.5932510523894e-36 9.41585418520476e-37 1.5932510523894e-36 9.41585418520476e-37 1.5932510523894e-36 9.41585418520476e-37 
835.302319502573 1.6578388622377e-36 9.81285838521286e-37 1.6578388622377e-36 9.81285838521286e-37 1.6578388622377e-36 9.81285838521286e-37 
870.722484923882 1.72498218242315e-36 1.02263431483085e-36 1.72498218242315e-36 1.02263431483085e-36 1.72498218242315e-36 1.02263431483085e-36 
907.644607288421 1.79475045590637e-36 1.06569412863782e-36 1.79475045590637e-36 1.06569412863782e-36 1.79475045590637e-36 1.06569412863782e-36 
946.132375588956 1.86726435610965e-36 1.11053435438501e-36 1.86726435610965e-36 1.11053435438501e-36 1.86726435610965e-36 1.11053435438501e-36 
986.252179486751 1.94262361503957e-36 1.15722781347084e-36 1.94262361503957e-36 1.15722781347084e-36 1.94262361503957e-36 1.15722781347084e-36 
1028.07322383073 2.02092350836709e-36 1.2058478503666e-36 2.02092350836709e-36 1.2058478503666e-36 2.02092350836709e-36 1.2058478503666e-36 
1071.66764803272 2.10227183625004e-36 1.25646768268934e-36 2.10227183625004e-36 1.25646768268934e-36 2.10227183625004e-36 1.25646768268934e-36 
1117.11065050468 2.18677797782757e-36 1.30916948465377e-36 2.18677797782757e-36 1.30916948465377e-36 2.18677797782757e-36 1.30916948465377e-36 
1164.48061837253 2.27457002315567e-36 1.36403537392936e-36 2.27457002315567e-36 1.36403537392936e-36 2.27457002315567e-36 1.36403537392936e-36 
1213.85926269047 2.36574613443421e-36 1.42114832747193e-36 2.36574613443421e-36 1.42114832747193e-36 2.36574613443421e-36 1.42114832747193e-36 
1265.33175938877 2.4604363130421e-36 1.48059280615881e-36 2.4604363130421e-36 1.48059280615881e-36 2.4604363130421e-36 1.48059280615881e-36 
1318.98689619849 2.5587580970846e-36 1.54246857644251e-36 2.5587580970846e-36 1.54246857644251e-36 2.5587580970846e-36 1.54246857644251e-36 
1374.91722580623 2.66084507420173e-36 1.60686228973238e-36 2.66084507420173e-36 1.60686228973238e-36 2.66084507420173e-36 1.60686228973238e-36 
1433.21922550338 2.76682799703616e-36 1.67387565803286e-36 2.76682799703616e-36 1.67387565803286e-36 2.76682799703616e-36 1.67387565803286e-36 
1493.99346360505 2.87683799344952e-36 1.7436034298806e-36 2.87683799344952e-36 1.7436034298806e-36 2.87683799344952e-36 1.7436034298806e-36 
1557.34477292592 2.99101609587927e-36 1.81615549182536e-36 2.99101609587927e-36 1.81615549182536e-36 2.99101609587927e-36 1.81615549182536e-36 
1623.38243161205 3.10950061809718e-36 1.89163376353662e-36 3.10950061809718e-36 1.89163376353662e-36 3.10950061809718e-36 1.89163376353662e-36 
1692.2203516408 3.23244534222958e-36 1.97016039228368e-36 3.23244534222958e-36 1.97016039228368e-36 3.23244534222958e-36 1.97016039228368e-36 
1763.9772753138 3.35999093860581e-36 2.05183867252476e-36 3.35999093860581e-36 2.05183867252476e-36 3.35999093860581e-36 2.05183867252476e-36 
1838.77698008207 3.49229807199091e-36 2.13679420538053e-36 3.49229807199091e-36 2.13679420538053e-36 3.49229807199091e-36 2.13679420538053e-36 
1916.74849205654 3.62952072966834e-36 2.2251506682459e-36 3.62952072966834e-36 2.2251506682459e-36 3.62952072966834e-36 2.2251506682459e-36 
1998.02630857227 3.77182095845499e-36 2.3170275462352e-36 3.77182095845499e-36 2.3170275462352e-36 3.77182095845499e-36 2.3170275462352e-36 
2082.75063019022 3.91936058766102e-36 2.41256070067987e-36 3.91936058766102e-36 2.41256070067987e-36 3.91936058766102e-36 2.41256070067987e-36 
2171.06760253695 4.07231016906519e-36 2.51188546115748e-36 4.07231016906519e-36 2.51188546115748e-36 4.07231016906519e-36 2.51188546115748e-36 
2263.1295683992 4.23084727079401e-36 2.61513910413628e-36 4.23084727079401e-36 2.61513910413628e-36 4.23084727079401e-36 2.61513910413628e-36 
2359.09533050829 4.39515240085507e-36 2.72246519843267e-36 4.39515240085507e-36 2.72246519843267e-36 4.39515240085507e-36 2.72246519843267e-36 
2459.13042546769 4.5653767034569e-36 2.83401088936267e-36 4.5653767034569e-36 2.83401088936267e-36 4.5653767034569e-36 2.83401088936267e-36 
2563.40740929614 4.74172573594866e-36 2.94993570333967e-36 4.74172573594866e-36 2.94993570333967e-36 4.74172573594866e-36 2.94993570333967e-36 
2672.10615507904 4.92438487861019e-36 3.07038994515369e-36 4.92438487861019e-36 3.07038994515369e-36 4.92438487861019e-36 3.07038994515369e-36 
2785.41416324136 5.11355907111716e-36 3.19553767809577e-36 5.11355907111716e-36 3.19553767809577e-36 5.11355907111716e-36 3.19553767809577e-36 
2903.52688497738 5.30942604717527e-36 3.32554370367392e-36 5.30942604717527e-36 3.32554370367392e-36 5.30942604717527e-36 3.32554370367392e-36 
3026.64805939524 5.51222129972835e-36 3.46057971156648e-36 5.51222129972835e-36 3.46057971156648e-36 5.51222129972835e-36 3.46057971156648e-36 
3154.99006495762 5.72208757299579e-36 3.60082128808553e-36 5.72208757299579e-36 3.60082128808553e-36 5.72208757299579e-36 3.60082128808553e-36 
3288.77428582502 5.93927272731551e-36 3.7464555595821e-36 5.93927272731551e-36 3.7464555595821e-36 5.93927272731551e-36 3.7464555595821e-36 
3428.23149373345 6.16397086991767e-36 3.89765943563527e-36 6.16397086991767e-36 3.89765943563527e-36 6.16397086991767e-36 3.89765943563527e-36 
3573.60224606525 6.39639022571649e-36 4.05463125174509e-36 6.39639022571649e-36 4.05463125174509e-36 6.39639022571649e-36 4.05463125174509e-36 
3725.13730079964 6.63678159158644e-36 4.21756588379196e-36 6.63678159158644e-36 4.21756588379196e-36 6.63678159158644e-36 4.21756588379196e-36 
3883.09804905901 6.88532972090545e-36 4.38666613264904e-36 6.88532972090545e-36 4.38666613264904e-36 6.88532972090545e-36 4.38666613264904e-36 
4047.7569659967 7.14226329177947e-36 4.56213503406741e-36 7.14226329177947e-36 4.56213503406741e-36 7.14226329177947e-36 4.56213503406741e-36 
4219.39808080437 7.40781672205028e-36 4.74418974039855e-36 7.40781672205028e-36 4.74418974039855e-36 7.40781672205028e-36 4.74418974039855e-36 
4398.31746664954 7.68221436245618e-36 4.93303989343074e-36 7.68221436245618e-36 4.93303989343074e-36 7.68221436245618e-36 4.93303989343074e-36 
4584.82375138838 7.96569507830749e-36 5.12891801203934e-36 7.96569507830749e-36 5.12891801203934e-36 7.96569507830749e-36 5.12891801203934e-36 
4779.23864993485 8.25849215178497e-36 5.33206357832774e-36 8.25849215178497e-36 5.33206357832774e-36 8.25849215178497e-36 5.33206357832774e-36 
4981.89751920438 8.56084772748982e-36 5.54266729616123e-36 8.56084772748982e-36 5.54266729616123e-36 8.56084772748982e-36 5.54266729616123e-36 
5193.14993658939 8.87300097975463e-36 5.76101631730808e-36 8.87300097975463e-36 5.76101631730808e-36 8.87300097975463e-36 5.76101631730808e-36 
5413.36030296452 9.19518719035162e-36 5.9873389403304e-36 9.19518719035162e-36 5.9873389403304e-36 9.19518719035162e-36 5.9873389403304e-36 
5642.90847126164 9.52766043213951e-36 6.22188110302527e-36 9.52766043213951e-36 6.22188110302527e-36 9.52766043213951e-36 6.22188110302527e-36 
5882.19040169901 9.8706756484974e-36 6.46490494730121e-36 9.8706756484974e-36 6.46490494730121e-36 9.8706756484974e-36 6.46490494730121e-36 
6131.61884479478 1.02244686178742e-35 6.71666867991147e-36 1.02244686178742e-35 6.71666867991147e-36 1.02244686178742e-35 6.71666867991147e-36 
6391.62405334296 1.05892904401513e-35 6.97744344324709e-36 1.05892904401513e-35 6.97744344324709e-36 1.05892904401513e-35 6.97744344324709e-36 
6662.65452458006 1.09654247272608e-35 7.24750541182792e-36 1.09654247272608e-35 7.24750541182792e-36 1.09654247272608e-35 7.24750541182792e-36 
6945.17777382256 1.13531129148991e-35 7.52712246417961e-36 1.13531129148991e-35 7.52712246417961e-36 1.13531129148991e-35 7.52712246417961e-36 
7239.68114090968 1.17525997860476e-35 7.81658778056068e-36 1.17525997860476e-35 7.81658778056068e-36 1.17525997860476e-35 7.81658778056068e-36 
7546.67263084264 1.216416558302e-35 8.11620853353263e-36 1.216416558302e-35 8.11620853353263e-36 1.216416558302e-35 8.11620853353263e-36 
7866.68179007027 1.25880695915958e-35 8.42623374948887e-36 1.25880695915958e-35 8.42623374948887e-36 1.25880695915958e-35 8.42623374948887e-36 
8200.26061993276 1.30245834895632e-35 8.74701272219523e-36 1.30245834895632e-35 8.74701272219523e-36 1.30245834895632e-35 8.74701272219523e-36 
8547.98452883898 1.34739802996998e-35 9.07883497760376e-36 1.34739802996998e-35 9.07883497760376e-36 1.34739802996998e-35 9.07883497760376e-36 
8910.45332482001 1.39365135424872e-35 9.42200638087147e-36 1.39365135424872e-35 9.42200638087147e-36 1.39365135424872e-35 9.42200638087147e-36 
9288.29225017093 1.44124441635334e-35 9.77686356289988e-36 1.44124441635334e-35 9.77686356289988e-36 1.44124441635334e-35 9.77686356289988e-36 
9682.15305996544 1.49020370554042e-35 1.0143712295522e-35 1.49020370554042e-35 1.0143712295522e-35 1.49020370554042e-35 1.0143712295522e-35 
10092.715146304 1.54056008818859e-35 1.05228889190176e-35 1.54056008818859e-35 1.05228889190176e-35 1.54056008818859e-35 1.05228889190176e-35 
10520.6867102344 1.59234201137383e-35 1.09147335178366e-35 1.59234201137383e-35 1.09147335178366e-35 1.59234201137383e-35 1.09147335178366e-35 
10966.8059833668 1.64557287746953e-35 1.13195726662258e-35 1.64557287746953e-35 1.13195726662258e-35 1.64557287746953e-35 1.13195726662258e-35 
11431.8425012895 1.70028483503774e-35 1.17377711800492e-35 1.70028483503774e-35 1.17377711800492e-35 1.70028483503774e-35 1.17377711800492e-35 
11916.5984309835 1.75650064044857e-35 1.21696555707546e-35 1.75650064044857e-35 1.21696555707546e-35 1.75650064044857e-35 1.21696555707546e-35 
12421.909954524 1.81424797648185e-35 1.26156242035363e-35 1.81424797648185e-35 1.26156242035363e-35 1.81424797648185e-35 1.26156242035363e-35 
12948.6487114568 1.87356394559989e-35 1.30760044259655e-35 1.87356394559989e-35 1.30760044259655e-35 1.87356394559989e-35 1.30760044259655e-35 
13497.723302337 1.93447426181397e-35 1.35511376433037e-35 1.93447426181397e-35 1.35511376433037e-35 1.93447426181397e-35 1.35511376433037e-35 
14070.0808560244 1.9969998195196e-35 1.40414588693695e-35 1.9969998195196e-35 1.40414588693695e-35 1.9969998195196e-35 1.40414588693695e-35 
14666.7086634371 2.06117705496475e-35 1.45473154026993e-35 2.06117705496475e-35 1.45473154026993e-35 2.06117705496475e-35 1.45473154026993e-35 
15288.6358805846 2.12703464229911e-35 1.50690804317478e-35 2.12703464229911e-35 1.50690804317478e-35 2.12703464229911e-35 1.50690804317478e-35 
15936.9353038149 2.19459947537544e-35 1.56071554970747e-35 2.19459947537544e-35 1.56071554970747e-35 2.19459947537544e-35 1.56071554970747e-35 
16612.7252203399 2.2639012350972e-35 1.6161919466729e-35 2.2639012350972e-35 1.6161919466729e-35 2.2639012350972e-35 1.6161919466729e-35 
17317.1713372304 2.33496524300251e-35 1.67337824762865e-35 2.33496524300251e-35 1.67337824762865e-35 2.33496524300251e-35 1.67337824762865e-35 
18051.4887922078 2.40782750880706e-35 1.73231673286766e-35 2.40782750880706e-35 1.73231673286766e-35 2.40782750880706e-35 1.73231673286766e-35 
18816.9442497021 2.48251640951857e-35 1.79303974342185e-35 2.48251640951857e-35 1.79303974342185e-35 2.48251640951857e-35 1.79303974342185e-35 
19614.8580857907 2.55906512545397e-35 1.85559823742183e-35 2.55906512545397e-35 1.85559823742183e-35 2.55906512545397e-35 1.85559823742183e-35 
20446.6066657874 2.63750502906736e-35 1.92001881559551e-35 2.63750502906736e-35 1.92001881559551e-35 2.63750502906736e-35 1.92001881559551e-35 
21313.6247184104 2.71786062330846e-35 1.98637450137885e-35 2.71786062330846e-35 1.98637450137885e-35 2.71786062330846e-35 1.98637450137885e-35 
22217.4078106247 2.80017000102219e-35 2.0546818083549e-35 2.80017000102219e-35 2.0546818083549e-35 2.80017000102219e-35 2.0546818083549e-35 
23159.5149274272 2.88445945138958e-35 2.12498749704682e-35 2.88445945138958e-35 2.12498749704682e-35 2.88445945138958e-35 2.12498749704682e-35 
24141.5711610257 2.97076533776607e-35 2.19733795204379e-35 2.97076533776607e-35 2.19733795204379e-35 2.97076533776607e-35 2.19733795204379e-35 
25165.2705140492 3.05911988146659e-35 2.27177589071916e-35 3.05911988146659e-35 2.27177589071916e-35 3.05911988146659e-35 2.27177589071916e-35 
26232.3788216263 3.1495423107611e-35 2.3483526411223e-35 3.1495423107611e-35 2.3483526411223e-35 3.1495423107611e-35 2.3483526411223e-35 
27344.7367973706 3.24209670815291e-35 2.42709816768799e-35 3.24209670815291e-35 2.42709816768799e-35 3.24209670815291e-35 2.42709816768799e-35 
28504.2632085289 3.33678010810285e-35 2.50807027878806e-35 3.33678010810285e-35 2.50807027878806e-35 3.33678010810285e-35 2.50807027878806e-35 
29712.9581857677 3.43365457933582e-35 2.59131637911815e-35 3.43365457933582e-35 2.59131637911815e-35 3.43365457933582e-35 2.59131637911815e-35 
30972.9066733081 3.53274152185846e-35 2.67687181609449e-35 3.53274152185846e-35 2.67687181609449e-35 3.53274152185846e-35 2.67687181609449e-35 
32286.2820253611 3.63408052897225e-35 2.76479263325132e-35 3.63408052897225e-35 2.76479263325132e-35 3.63408052897225e-35 2.76479263325132e-35 
33655.3497550644 3.73770085790432e-35 2.85512412253967e-35 3.73770085790432e-35 2.85512412253967e-35 3.73770085790432e-35 2.85512412253967e-35 
35082.4714423911 3.84365558518729e-35 2.9479036709019e-35 3.84365558518729e-35 2.9479036709019e-35 3.84365558518729e-35 2.9479036709019e-35 
36570.1088077678 3.95196554966127e-35 3.04320689342602e-35 3.95196554966127e-35 3.04320689342602e-35 3.95196554966127e-35 3.04320689342602e-35 
38120.8279584314 4.0626724641118e-35 3.14105786814828e-35 4.0626724641118e-35 3.14105786814828e-35 4.0626724641118e-35 3.14105786814828e-35 
39737.3038148483 4.17582107517134e-35 3.24150323254318e-35 4.17582107517134e-35 3.24150323254318e-35 4.17582107517134e-35 3.24150323254318e-35 
41422.3247248308 4.29143614937825e-35 3.34460703803083e-35 4.29143614937825e-35 3.34460703803083e-35 4.29143614937825e-35 3.34460703803083e-35 
43178.7972733117 4.40956423117947e-35 3.45041758878058e-35 4.40956423117947e-35 3.45041758878058e-35 4.40956423117947e-35 3.45041758878058e-35 
45009.7512960715 4.53025292648823e-35 3.55897521907642e-35 4.53025292648823e-35 3.55897521907642e-35 4.53025292648823e-35 3.55897521907642e-35 
46918.3451060686 4.65353243947112e-35 3.67033853362872e-35 4.65353243947112e-35 3.67033853362872e-35 4.65353243947112e-35 3.67033853362872e-35 
48907.8709413861 4.77945512758038e-35 3.78456375117153e-35 4.77945512758038e-35 3.78456375117153e-35 4.77945512758038e-35 3.78456375117153e-35 
50981.760644194 4.90805557073005e-35 3.90169613560354e-35 4.90805557073005e-35 3.90169613560354e-35 4.90805557073005e-35 3.90169613560354e-35 
53143.5915805217 5.03937906624922e-35 4.02178305462663e-35 5.03937906624922e-35 4.02178305462663e-35 5.03937906624922e-35 4.02178305462663e-35 
55397.0928110528 5.17347024537583e-35 4.14490574006489e-35 5.17347024537583e-35 4.14490574006489e-35 5.17347024537583e-35 4.14490574006489e-35 
57746.1515235865 5.31037859876345e-35 4.27106922862006e-35 5.31037859876345e-35 4.27106922862006e-35 5.31037859876345e-35 4.27106922862006e-35 
60194.8197382605 5.45014985057521e-35 4.40037056042013e-35 5.45014985057521e-35 4.40037056042013e-35 5.45014985057521e-35 4.40037056042013e-35 
62747.3212971029 5.59281221943523e-35 4.5328617806915e-35 5.59281221943523e-35 4.5328617806915e-35 5.59281221943523e-35 4.5328617806915e-35 
65408.0591499691 5.7384295127804e-35 4.66854403995728e-35 5.7384295127804e-35 4.66854403995728e-35 5.7384295127804e-35 4.66854403995728e-35 
68181.6229494307 5.88706421628475e-35 4.80754589754747e-35 5.88706421628475e-35 4.80754589754747e-35 5.88706421628475e-35 4.80754589754747e-35 
71072.7969677194 6.03874662605124e-35 4.94989578456786e-35 6.03874662605124e-35 4.94989578456786e-35 6.03874662605124e-35 4.94989578456786e-35 
74086.5683493802 6.19352961701782e-35 5.09564336044265e-35 6.19352961701782e-35 5.09564336044265e-35 6.19352961701782e-35 5.09564336044265e-35 
77228.1357138703 6.35146776635824e-35 5.24485258888128e-35 6.35146776635824e-35 5.24485258888128e-35 6.35146776635824e-35 5.24485258888128e-35 
80502.9181229429 6.51261419699066e-35 5.39758122387683e-35 6.51261419699066e-35 5.39758122387683e-35 6.51261419699066e-35 5.39758122387683e-35 
83916.5644282839 6.67701587836604e-35 5.55388422939556e-35 6.67701587836604e-35 5.55388422939556e-35 6.67701587836604e-35 5.55388422939556e-35 
87474.9630155257 6.84476983624038e-35 5.7138317421843e-35 6.84476983624038e-35 5.7138317421843e-35 6.84476983624038e-35 5.7138317421843e-35 
91184.2519614464 7.01585576231659e-35 5.87746412105747e-35 7.01585576231659e-35 5.87746412105747e-35 7.01585576231659e-35 5.87746412105747e-35 
95050.8296218749 7.19039818638183e-35 6.04488542984498e-35 7.19039818638183e-35 6.04488542984498e-35 7.19039818638183e-35 6.04488542984498e-35 
99081.3656685656 7.36843101078936e-35 6.21611625039159e-35 7.36843101078936e-35 6.21611625039159e-35 7.36843101078936e-35 6.21611625039159e-35 
103282.812594081 7.55001429322345e-35 6.39123304754581e-35 7.55001429322345e-35 6.39123304754581e-35 7.55001429322345e-35 6.39123304754581e-35 
107662.417704526 7.73519893735413e-35 6.57029744805992e-35 7.73519893735413e-35 6.57029744805992e-35 7.73519893735413e-35 6.57029744805992e-35 
112227.735620827 7.9240630676038e-35 6.7533872781075e-35 7.9240630676038e-35 6.7533872781075e-35 7.9240630676038e-35 6.7533872781075e-35 
116986.641310105 8.11665012871223e-35 6.94053926467486e-35 8.11665012871223e-35 6.94053926467486e-35 8.11665012871223e-35 6.94053926467486e-35 
121947.343669647 8.31304748132663e-35 7.13184712162236e-35 8.31304748132663e-35 7.13184712162236e-35 8.31304748132663e-35 7.13184712162236e-35 
127118.399686875 8.51331012594262e-35 7.32736333273149e-35 8.51331012594262e-35 7.32736333273149e-35 8.51331012594262e-35 7.32736333273149e-35 
132508.729199766 8.71750724611862e-35 7.52716508978552e-35 8.71750724611862e-35 7.52716508978552e-35 8.71750724611862e-35 7.52716508978552e-35 
138127.630283171 8.92570895505769e-35 7.73131727323653e-35 8.92570895505769e-35 7.73131727323653e-35 8.92570895505769e-35 7.73131727323653e-35 
143984.795287569 9.13798553697682e-35 7.93989223808245e-35 9.13798553697682e-35 7.93989223808245e-35 9.13798553697682e-35 7.93989223808245e-35 
150090.32755794 9.35439023884201e-35 8.15294590127711e-35 9.35439023884201e-35 8.15294590127711e-35 9.35439023884201e-35 8.15294590127711e-35 
156454.758861575 9.57501734657338e-35 8.37055865863858e-35 9.57501734657338e-35 8.37055865863858e-35 9.57501734657338e-35 8.37055865863858e-35 
163089.067554897 9.79993721006205e-35 8.59281536548615e-35 9.79993721006205e-35 8.59281536548615e-35 9.79993721006205e-35 8.59281536548615e-35 
170004.697520634 1.00292320174966e-34 8.81978872581112e-35 1.00292320174966e-34 8.81978872581112e-35 1.00292320174966e-34 8.81978872581112e-35 
177213.577907996 1.02629327178548e-34 9.05152016574918e-35 1.02629327178548e-34 9.05152016574918e-35 1.02629327178548e-34 9.05152016574918e-35 
184728.143709922 1.05011848968737e-34 9.2881118276623e-35 1.05011848968737e-34 9.2881118276623e-35 1.05011848968737e-34 9.2881118276623e-35 
192561.357212876 1.07440082109181e-34 9.52965294073551e-35 1.07440082109181e-34 9.52965294073551e-35 1.07440082109181e-34 9.52965294073551e-35 
200726.730356211 1.09915157878212e-34 9.7761976020539e-35 1.09915157878212e-34 9.7761976020539e-35 1.09915157878212e-34 9.7761976020539e-35 
209238.34803965 1.12437848731141e-34 1.00278546986286e-34 1.12437848731141e-34 1.00278546986286e-34 1.12437848731141e-34 1.00278546986286e-34 
218110.892419102 1.1500896827482e-34 1.02846524604776e-34 1.1500896827482e-34 1.02846524604776e-34 1.1500896827482e-34 1.02846524604776e-34 
227359.66823272 1.1762923950374e-34 1.05467028081013e-34 1.1762923950374e-34 1.05467028081013e-34 1.1762923950374e-34 1.05467028081013e-34 
237000.629200878 1.20299800341634e-34 1.08141079562409e-34 1.20299800341634e-34 1.08141079562409e-34 1.20299800341634e-34 1.08141079562409e-34 
247050.405545626 1.23021377465013e-34 1.10869232241309e-34 1.23021377465013e-34 1.10869232241309e-34 1.23021377465013e-34 1.10869232241309e-34 
257526.332677061 1.25794664859832e-34 1.13652427985414e-34 1.25794664859832e-34 1.13652427985414e-34 1.25794664859832e-34 1.13652427985414e-34 
268446.481096134 1.28620884395279e-34 1.16491531337503e-34 1.28620884395279e-34 1.16491531337503e-34 1.28620884395279e-34 1.16491531337503e-34 
279829.687565447 1.31500769265271e-34 1.19387642804428e-34 1.31500769265271e-34 1.19387642804428e-34 1.31500769265271e-34 1.19387642804428e-34 
291695.587601812 1.34435245504336e-34 1.22340832979775e-34 1.34435245504336e-34 1.22340832979775e-34 1.34435245504336e-34 1.22340832979775e-34 
304064.649346636 1.37425457449905e-34 1.2535302940321e-34 1.37425457449905e-34 1.2535302940321e-34 1.37425457449905e-34 1.2535302940321e-34 
316958.208872537 1.40472237038314e-34 1.28424563792255e-34 1.40472237038314e-34 1.28424563792255e-34 1.40472237038314e-34 1.28424563792255e-34 
330398.506987108 1.43576715790372e-34 1.31556603490075e-34 1.43576715790372e-34 1.31556603490075e-34 1.43576715790372e-34 1.31556603490075e-34 
344408.727597301 1.46739440786351e-34 1.34749834651223e-34 1.46739440786351e-34 1.34749834651223e-34 1.46739440786351e-34 1.34749834651223e-34 
359013.037700622 1.49961688084757e-34 1.38005559669185e-34 1.49961688084757e-34 1.38005559669185e-34 1.49961688084757e-34 1.38005559669185e-34 
374236.629072109 1.53244577055506e-34 1.4132422227068e-34 1.53244577055506e-34 1.4132422227068e-34 1.53244577055506e-34 1.4132422227068e-34 
390105.761719006 1.56589204779284e-34 1.44707333732527e-34 1.56589204779284e-34 1.44707333732527e-34 1.56589204779284e-34 1.44707333732527e-34 
406647.809178088 1.59996465585372e-34 1.48155686926972e-34 1.59996465585372e-34 1.48155686926972e-34 1.59996465585372e-34 1.48155686926972e-34 
423891.305733776 1.63467496354073e-34 1.51670285876282e-34 1.63467496354073e-34 1.51670285876282e-34 1.63467496354073e-34 1.51670285876282e-34 
441865.995638488 1.67003502488969e-34 1.55252322260977e-34 1.67003502488969e-34 1.55252322260977e-34 1.67003502488969e-34 1.55252322260977e-34 
460602.884420129 1.70604954473613e-34 1.58902083555176e-34 1.70604954473613e-34 1.58902083555176e-34 1.70604954473613e-34 1.58902083555176e-34 
480134.292365229 1.74274122600905e-34 1.62622019710152e-34 1.74274122600905e-34 1.62622019710152e-34 1.74274122600905e-34 1.62622019710152e-34 
500493.910269974 1.78011262770289e-34 1.66412147567639e-34 1.78011262770289e-34 1.66412147567639e-34 1.78011262770289e-34 1.66412147567639e-34 
521716.857555307 1.81817783320185e-34 1.70274038633204e-34 1.81817783320185e-34 1.70274038633204e-34 1.81817783320185e-34 1.70274038633204e-34 
543839.742846347 1.85695006099742e-34 1.74208388990758e-34 1.85695006099742e-34 1.74208388990758e-34 1.85695006099742e-34 1.74208388990758e-34 
566900.727120604 1.89643601642186e-34 1.78216279384761e-34 1.89643601642186e-34 1.78216279384761e-34 1.89643601642186e-34 1.78216279384761e-34 
590939.589533951 1.93665428101714e-34 1.82299548621238e-34 1.93665428101714e-34 1.82299548621238e-34 1.93665428101714e-34 1.82299548621238e-34 
615997.796037864 1.97761262649814e-34 1.86458663149794e-34 1.97761262649814e-34 1.86458663149794e-34 1.97761262649814e-34 1.86458663149794e-34 
642118.570906317 2.01932631748193e-34 1.90695149193788e-34 2.01932631748193e-34 1.90695149193788e-34 2.01932631748193e-34 1.90695149193788e-34 
669346.9712957 2.06180643332901e-34 1.95010439312242e-34 2.06180643332901e-34 1.95010439312242e-34 2.06180643332901e-34 1.95010439312242e-34 
697729.96496638 2.10506653036128e-34 1.99404793023033e-34 2.10506653036128e-34 1.99404793023033e-34 2.10506653036128e-34 1.99404793023033e-34 
727316.511299964 2.14911843316079e-34 2.0388038360365e-34 2.14911843316079e-34 2.0388038360365e-34 2.14911843316079e-34 2.0388038360365e-34 
758157.645752021 2.19397603827316e-34 2.08438147679694e-34 2.19397603827316e-34 2.08438147679694e-34 2.19397603827316e-34 2.08438147679694e-34 
790306.567885936 2.23965487541262e-34 2.13079509718738e-34 2.23965487541262e-34 2.13079509718738e-34 2.23965487541262e-34 2.13079509718738e-34 
823818.733139753 2.28615722316373e-34 2.1780502399875e-34 2.28615722316373e-34 2.1780502399875e-34 2.28615722316373e-34 2.1780502399875e-34 
858751.9484843 2.33351318421476e-34 2.22616878520902e-34 2.33351318421476e-34 2.22616878520902e-34 2.33351318421476e-34 2.22616878520902e-34 
895166.472137603 2.38173011202473e-34 2.27516218621313e-34 2.38173011202473e-34 2.27516218621313e-34 2.38173011202473e-34 2.27516218621313e-34 
933125.117507587 2.43081979664741e-34 2.32504270597547e-34 2.43081979664741e-34 2.32504270597547e-34 2.43081979664741e-34 2.32504270597547e-34 
972693.361542369 2.48079908404731e-34 2.3758250069153e-34 2.48079908404731e-34 2.3758250069153e-34 2.48079908404731e-34 2.3758250069153e-34 
1013939.45767503 2.53167606095873e-34 2.42751613927088e-34 2.53167606095873e-34 2.42751613927088e-34 2.53167606095873e-34 2.42751613927088e-34 
1056934.55355772 2.58347688716632e-34 2.48014265862392e-34 2.58347688716632e-34 2.48014265862392e-34 2.58347688716632e-34 2.48014265862392e-34 
1101752.8137881 2.63620238698689e-34 2.53370783578501e-34 2.63620238698689e-34 2.53370783578501e-34 2.63620238698689e-34 2.53370783578501e-34 
1148471.54783999 2.68987800470142e-34 2.58822694272816e-34 2.68987800470142e-34 2.58822694272816e-34 2.68987800470142e-34 2.58822694272816e-34 
1197171.34341866 2.74451829537173e-34 2.64372021624849e-34 2.74451829537173e-34 2.64372021624849e-34 2.74451829537173e-34 2.64372021624849e-34 
1247936.20547099 2.80013256054938e-34 2.70020104706599e-34 2.80013256054938e-34 2.70020104706599e-34 2.80013256054938e-34 2.70020104706599e-34 
1300853.70109023 2.85674237717858e-34 2.75768320275726e-34 2.85674237717858e-34 2.75768320275726e-34 2.85674237717858e-34 2.75768320275726e-34 
1356015.11056528 2.91435751918511e-34 2.81617979376458e-34 2.91435751918511e-34 2.81617979376458e-34 2.91435751918511e-34 2.81617979376458e-34 
1413515.58483502 2.97300601679175e-34 2.87571033602981e-34 2.97300601679175e-34 2.87571033602981e-34 2.97300601679175e-34 2.87571033602981e-34 
1473454.30961945 3.03268470689816e-34 2.93628763652508e-34 3.03268470689816e-34 2.93628763652508e-34 3.03268470689816e-34 2.93628763652508e-34 
1535934.67651049 3.09342833732149e-34 2.99793119608703e-34 3.09342833732149e-34 2.99793119608703e-34 3.09342833732149e-34 2.99793119608703e-34 
1601064.46131789 3.15524520547019e-34 3.0606536399156e-34 3.15524520547019e-34 3.0606536399156e-34 3.15524520547019e-34 3.0606536399156e-34 
1668956.00997758 3.21815212265814e-34 3.12447009629719e-34 3.21815212265814e-34 3.12447009629719e-34 3.21815212265814e-34 3.12447009629719e-34 
1739726.43234334 3.28216112709072e-34 3.18939497294766e-34 3.28216112709072e-34 3.18939497294766e-34 3.28216112709072e-34 3.18939497294766e-34 
1813497.80419601 3.34730849491589e-34 3.25546285149415e-34 3.34730849491589e-34 3.25546285149415e-34 3.34730849491589e-34 3.25546285149415e-34 
1890397.37781871 3.41359331225666e-34 3.32266900421618e-34 3.41359331225666e-34 3.32266900421618e-34 3.41359331225666e-34 3.32266900421618e-34 
1970557.80150127 3.48103750495354e-34 3.39103971623527e-34 3.48103750495354e-34 3.39103971623527e-34 3.48103750495354e-34 3.39103971623527e-34 
2054117.34835251 3.54965942114496e-34 3.46059381361875e-34 3.54965942114496e-34 3.46059381361875e-34 3.54965942114496e-34 3.46059381361875e-34 
2141220.15481515 3.61948009850636e-34 3.53134107669565e-34 3.61948009850636e-34 3.53134107669565e-34 3.61948009850636e-34 3.53134107669565e-34 
2232016.46929463 3.69051765413159e-34 3.60331164328165e-34 3.69051765413159e-34 3.60331164328165e-34 3.69051765413159e-34 3.60331164328165e-34 
2326662.91133083 3.76278533404586e-34 3.676513922902e-34 3.76278533404586e-34 3.676513922902e-34 3.76278533404586e-34 3.676513922902e-34 
2425322.74175969 3.83630891642264e-34 3.7509727130084e-34 3.83630891642264e-34 3.7509727130084e-34 3.83630891642264e-34 3.7509727130084e-34 
2528166.14433081 3.91110388886764e-34 3.82670353810597e-34 3.91110388886764e-34 3.82670353810597e-34 3.91110388886764e-34 3.82670353810597e-34 
2635370.51926667 3.98718693809302e-34 3.90372166017115e-34 3.98718693809302e-34 3.90372166017115e-34 3.98718693809302e-34 3.90372166017115e-34 
2747120.78927006 4.06458477370473e-34 3.98205551199576e-34 4.06458477370473e-34 3.98205551199576e-34 4.06458477370473e-34 3.98205551199576e-34 
2863609.71850733 4.14330603296925e-34 4.06171244755407e-34 4.14330603296925e-34 4.06171244755407e-34 4.14330603296925e-34 4.06171244755407e-34 
2985038.24511791 4.22338910036154e-34 4.1427298998007e-34 4.22338910036154e-34 4.1427298998007e-34 4.22338910036154e-34 4.1427298998007e-34 
3111615.8278235 4.30483184533694e-34 4.22510506184122e-34 4.30483184533694e-34 4.22510506184122e-34 4.30483184533694e-34 4.22510506184122e-34 
3243560.80723491 4.38766899378763e-34 4.30887446078352e-34 4.38766899378763e-34 4.30887446078352e-34 4.38766899378763e-34 4.30887446078352e-34 
3381100.78247974 4.47192177886648e-34 4.39405701099256e-34 4.47192177886648e-34 4.39405701099256e-34 4.47192177886648e-34 4.39405701099256e-34 
3524473.0038006 4.5576062467888e-34 4.48066848929517e-34 4.5576062467888e-34 4.48066848929517e-34 4.5576062467888e-34 4.48066848929517e-34 
3673924.78180104 4.64474534978627e-34 4.56873370156726e-34 4.64474534978627e-34 4.56873370156726e-34 4.64474534978627e-34 4.56873370156726e-34 
3829713.9140452 4.7333597845114e-34 4.65827149357864e-34 4.7333597845114e-34 4.65827149357864e-34 4.7333597845114e-34 4.65827149357864e-34 
3992109.12974693 4.82347218195947e-34 4.74930109438939e-34 4.82347218195947e-34 4.74930109438939e-34 4.82347218195947e-34 4.74930109438939e-34 
4161390.55331553 4.91510743081453e-34 4.84185238918245e-34 4.91510743081453e-34 4.84185238918245e-34 4.91510743081453e-34 4.84185238918245e-34 
4337850.18755776 5.00828289257654e-34 4.93594051283256e-34 5.00828289257654e-34 4.93594051283256e-34 5.00828289257654e-34 4.93594051283256e-34 
4521792.41736942 5.10302588649091e-34 5.03159105626294e-34 5.10302588649091e-34 5.03159105626294e-34 5.10302588649091e-34 5.03159105626294e-34 
4713534.53478557 5.19935557163545e-34 5.12882403151041e-34 5.19935557163545e-34 5.12882403151041e-34 5.19935557163545e-34 5.12882403151041e-34 
4913407.28629496 5.29729693813614e-34 5.22766727916828e-34 5.29729693813614e-34 5.22766727916828e-34 5.29729693813614e-34 5.22766727916828e-34 
5121755.44336277 5.39687297021289e-34 5.32813650897758e-34 5.39687297021289e-34 5.32813650897758e-34 5.39687297021289e-34 5.32813650897758e-34 
5338938.39714582 5.49811423505879e-34 5.4302702831041e-34 5.49811423505879e-34 5.4302702831041e-34 5.49811423505879e-34 5.4302702831041e-34 
5565330.77842604 5.60101948597683e-34 5.53406090735882e-34 5.60101948597683e-34 5.53406090735882e-34 5.60101948597683e-34 5.53406090735882e-34 
5801323.1038317 5.70564685359576e-34 5.63956955733728e-34 5.70564685359576e-34 5.63956955733728e-34 5.70564685359576e-34 5.63956955733728e-34 
6047322.4494609 5.81201271969897e-34 5.74680976348984e-34 5.81201271969897e-34 5.74680976348984e-34 5.81201271969897e-34 5.74680976348984e-34 
6303753.15306945 5.92011344515415e-34 5.85578018296039e-34 5.92011344515415e-34 5.85578018296039e-34 5.92011344515415e-34 5.85578018296039e-34 
6571057.54603436 6.03001586880492e-34 5.96654680910695e-34 6.03001586880492e-34 5.96654680910695e-34 6.03001586880492e-34 5.96654680910695e-34 
6849696.71635545 6.14171327832817e-34 6.0791037789576e-34 6.14171327832817e-34 6.0791037789576e-34 6.14171327832817e-34 6.0791037789576e-34 
7140151.30401131 6.25524195976184e-34 6.19348299476683e-34 6.25524195976184e-34 6.19348299476683e-34 6.25524195976184e-34 6.19348299476683e-34 
7442922.33004158 6.37064829300899e-34 6.30973511782467e-34 6.37064829300899e-34 6.30973511782467e-34 6.37064829300899e-34 6.30973511782467e-34 
7758532.06078555 6.48792305500869e-34 6.42785547046335e-34 6.48792305500869e-34 6.42785547046335e-34 6.48792305500869e-34 6.42785547046335e-34 
8087524.90876807 6.60711605461116e-34 6.54789526729962e-34 6.60711605461116e-34 6.54789526729962e-34 6.60711605461116e-34 6.54789526729962e-34 
8430468.37178648 6.72825725586383e-34 6.66984293258165e-34 6.72825725586383e-34 6.66984293258165e-34 6.72825725586383e-34 6.66984293258165e-34 
8787954.01181871 6.85136295893367e-34 6.79377018371326e-34 6.85136295893367e-34 6.79377018371326e-34 6.85136295893367e-34 6.79377018371326e-34 
9160598.47544098 6.97645396809137e-34 6.91967658060213e-34 6.97645396809137e-34 6.91967658060213e-34 6.97645396809137e-34 6.91967658060213e-34 
9549044.55751524 7.1035804395193e-34 7.04760625395439e-34 7.1035804395193e-34 7.04760625395439e-34 7.1035804395193e-34 7.04760625395439e-34 
9953962.30998126 7.23274838665755e-34 7.17757399292163e-34 7.23274838665755e-34 7.17757399292163e-34 7.23274838665755e-34 7.17757399292163e-34 
10376050.197666 7.36400106856046e-34 7.30961911344885e-34 7.36400106856046e-34 7.30961911344885e-34 7.36400106856046e-34 7.30961911344885e-34 
10816036.3031039 7.49735803238609e-34 7.44376356667344e-34 7.49735803238609e-34 7.44376356667344e-34 7.49735803238609e-34 7.44376356667344e-34 
11274679.5824461 7.63286327781809e-34 7.58004441264455e-34 7.63286327781809e-34 7.58004441264455e-34 7.63286327781809e-34 7.58004441264455e-34 
11752771.1746259 7.77053751238896e-34 7.71848951711362e-34 7.77053751238896e-34 7.71848951711362e-34 7.77053751238896e-34 7.71848951711362e-34 
12251135.7660375 7.91040574918605e-34 7.85912170251759e-34 7.91040574918605e-34 7.85912170251759e-34 7.91040574918605e-34 7.85912170251759e-34 
12770633.0130826 8.05249539327455e-34 8.00196674721426e-34 8.05249539327455e-34 8.00196674721426e-34 8.05249539327455e-34 8.00196674721426e-34 
13312159.025039 8.19686494408079e-34 8.14708493044508e-34 8.19686494408079e-34 8.14708493044508e-34 8.19686494408079e-34 8.14708493044508e-34 
13876647.9098089 8.34352128909021e-34 8.29448241704955e-34 8.34352128909021e-34 8.29448241704955e-34 8.34352128909021e-34 8.29448241704955e-34 
14465073.385212 8.49250149926121e-34 8.44419549992457e-34 8.49250149926121e-34 8.44419549992457e-34 8.49250149926121e-34 8.44419549992457e-34 
15078450.4586059 8.6438161234389e-34 8.59623705273968e-34 8.6438161234389e-34 8.59623705273968e-34 8.6438161234389e-34 8.59623705273968e-34 
15717837.1777268 8.79752471838416e-34 8.75066299966976e-34 8.79752471838416e-34 8.75066299966976e-34 8.79752471838416e-34 8.75066299966976e-34 
16384336.4557748 8.95367451092072e-34 8.90752244880719e-34 8.95367451092072e-34 8.90752244880719e-34 8.95367451092072e-34 8.90752244880719e-34 
17079097.973889 9.11227177053674e-34 9.06682320330056e-34 9.11227177053674e-34 9.06682320330056e-34 9.11227177053674e-34 9.06682320330056e-34 
17803320.1642956 9.27335521748745e-34 9.22860290355614e-34 9.27335521748745e-34 9.22860290355614e-34 9.27335521748745e-34 9.22860290355614e-34 
18558252.2775494 9.43694879118862e-34 9.39288356099222e-34 9.43694879118862e-34 9.39288356099222e-34 9.43694879118862e-34 9.39288356099222e-34 
19345196.5374344 9.60311699335991e-34 9.55973136201274e-34 9.60311699335991e-34 9.55973136201274e-34 9.60311699335991e-34 9.55973136201274e-34 
20165510.3872412 9.77185080655046e-34 9.72913692480858e-34 9.77185080655046e-34 9.72913692480858e-34 9.77185080655046e-34 9.72913692480858e-34 
21020608.831295 9.94323844728489e-34 9.90118708367079e-34 9.94323844728489e-34 9.90118708367079e-34 9.94323844728489e-34 9.90118708367079e-34 
21911966.8757746 1.01172535900262e-33 1.00758611458019e-33 1.01172535900262e-33 1.00758611458019e-33 1.01172535900262e-33 1.00758611458019e-33 
22841122.0730311 1.02939879293347e-33 1.02532438655223e-33 1.02939879293347e-33 1.02532438655223e-33 1.02939879293347e-33 1.02532438655223e-33 
23809677.1737961 1.04734501050344e-33 1.04333496102571e-33 1.04734501050344e-33 1.04333496102571e-33 1.04734501050344e-33 1.04333496102571e-33 
24819302.8918547 1.06556819022722e-33 1.06162129882495e-33 1.06556819022722e-33 1.06162129882495e-33 1.06556819022722e-33 1.06162129882495e-33 
25871740.785951 1.08407107939252e-33 1.08018758362927e-33 1.08407107939252e-33 1.08018758362927e-33 1.08407107939252e-33 1.08018758362927e-33 
26968806.2638984 1.10286063906589e-33 1.09903813526991e-33 1.10286063906589e-33 1.09903813526991e-33 1.10286063906589e-33 1.09903813526991e-33 
28112391.7140757 1.12193718378011e-33 1.11817552177849e-33 1.12193718378011e-33 1.11817552177849e-33 1.12193718378011e-33 1.11817552177849e-33 
29304469.7697121 1.14130649393718e-33 1.1376053436595e-33 1.14130649393718e-33 1.1376053436595e-33 1.14130649393718e-33 1.1376053436595e-33 
30547096.7115899 1.16097251455536e-33 1.15733083822138e-33 1.16097251455536e-33 1.15733083822138e-33 1.16097251455536e-33 1.15733083822138e-33 
31842416.0150363 1.18093544564779e-33 1.17735255275391e-33 1.18093544564779e-33 1.17735255275391e-33 1.18093544564779e-33 1.17735255275391e-33 
33192662.0473212 1.20120571133397e-33 1.19768080855958e-33 1.20120571133397e-33 1.19768080855958e-33 1.20120571133397e-33 1.19768080855958e-33 
34600163.92184 1.22178230347829e-33 1.21831836062406e-33 1.22178230347829e-33 1.21831836062406e-33 1.22178230347829e-33 1.21831836062406e-33 
36067349.5157286 1.24267513634539e-33 1.23926434926431e-33 1.24267513634539e-33 1.23926434926431e-33 1.24267513634539e-33 1.23926434926431e-33 
37596749.6578425 1.26387719936254e-33 1.26052186659268e-33 1.26387719936254e-33 1.26052186659268e-33 1.26387719936254e-33 1.26052186659268e-33 
39191002.4943213 1.28540274159995e-33 1.28210240636296e-33 1.28540274159995e-33 1.28210240636296e-33 1.28540274159995e-33 1.28210240636296e-33 
40852858.0392723 1.30725445008841e-33 1.30400833542776e-33 1.30725445008841e-33 1.30400833542776e-33 1.30725445008841e-33 1.30400833542776e-33 
42585182.9184203 1.32943286886435e-33 1.32624047288589e-33 1.32943286886435e-33 1.32624047288589e-33 1.32943286886435e-33 1.32624047288589e-33 
44390965.3139072 1.35194907414602e-33 1.34880937386559e-33 1.35194907414602e-33 1.34880937386559e-33 1.35194907414602e-33 1.34880937386559e-33 
46273320.1187718 1.37479773201307e-33 1.37171019429756e-33 1.37479773201307e-33 1.37171019429756e-33 1.37479773201307e-33 1.37171019429756e-33 
48235494.3099989 1.39798939175778e-33 1.39495324426687e-33 1.39798939175778e-33 1.39495324426687e-33 1.39798939175778e-33 1.39495324426687e-33 
50280872.5494083 1.42152907205657e-33 1.41854359099424e-33 1.42152907205657e-33 1.41854359099424e-33 1.42152907205657e-33 1.41854359099424e-33 
52412983.0220433 1.44541934477233e-33 1.44248137737776e-33 1.44541934477233e-33 1.44248137737776e-33 1.44541934477233e-33 1.44248137737776e-33 
54635503.5221307 1.46966528046904e-33 1.46677900353975e-33 1.46966528046904e-33 1.46677900353975e-33 1.46966528046904e-33 1.46677900353975e-33 
56952267.7971094 1.49427228620243e-33 1.49143456371492e-33 1.49427228620243e-33 1.49143456371492e-33 1.49427228620243e-33 1.49143456371492e-33 
59367272.1606715 1.51924385050965e-33 1.51645399659363e-33 1.51924385050965e-33 1.51645399659363e-33 1.51924385050965e-33 1.51645399659363e-33 
61884682.3862233 1.54458660819462e-33 1.54184451401705e-33 1.54458660819462e-33 1.54184451401705e-33 1.54458660819462e-33 1.54184451401705e-33 
64508840.8926554 1.57029981502688e-33 1.56760367307146e-33 1.57029981502688e-33 1.56760367307146e-33 1.57029981502688e-33 1.56760367307146e-33 
67244274.23482 1.59639585924534e-33 1.59374550495202e-33 1.59639585924534e-33 1.59374550495202e-33 1.59639585924534e-33 1.59374550495202e-33 
70095700.9116327 1.62287623877971e-33 1.62027105507299e-33 1.62287623877971e-33 1.62027105507299e-33 1.62287623877971e-33 1.62027105507299e-33 
73068039.5052705 1.64974521483654e-33 1.64718457419493e-33 1.64974521483654e-33 1.64718457419493e-33 1.64974521483654e-33 1.64718457419493e-33 
76166417.1655033 1.67700811267834e-33 1.67449131568617e-33 1.67700811267834e-33 1.67449131568617e-33 1.67700811267834e-33 1.67449131568617e-33 
79396178.453796 1.70467030406641e-33 1.70219690139902e-33 1.70467030406641e-33 1.70219690139902e-33 1.70467030406641e-33 1.70219690139902e-33 
82762894.5624355 1.73273920266661e-33 1.73030815245833e-33 1.73273920266661e-33 1.73030815245833e-33 1.73273920266661e-33 1.73030815245833e-33 
86272372.9245853 1.76121227955422e-33 1.7588231400195e-33 1.76121227955422e-33 1.7588231400195e-33 1.76121227955422e-33 1.7588231400195e-33 
89930667.2318457 1.79010638017103e-33 1.7877585670729e-33 1.79010638017103e-33 1.7877585670729e-33 1.79010638017103e-33 1.7877585670729e-33 
93744087.876598 1.81942120440168e-33 1.81711398526775e-33 1.81942120440168e-33 1.81711398526775e-33 1.81942120440168e-33 1.81711398526775e-33 
97719212.8371466 1.84915968756675e-33 1.84689307854558e-33 1.84915968756675e-33 1.84689307854558e-33 1.84915968756675e-33 1.84689307854558e-33 
101862899.024434 1.87932950368983e-33 1.87710174786608e-33 1.87932950368983e-33 1.87710174786608e-33 1.87932950368983e-33 1.87710174786608e-33 
106182294.109902 1.90993616408038e-33 1.90774721504991e-33 1.90993616408038e-33 1.90774721504991e-33 1.90993616408038e-33 1.90774721504991e-33 
110684848.854903 1.94098269294409e-33 1.93883189175294e-33 1.94098269294409e-33 1.93883189175294e-33 1.94098269294409e-33 1.93883189175294e-33 
115378329.962926 1.97248187196038e-33 1.97036874971412e-33 1.97248187196038e-33 1.97036874971412e-33 1.97248187196038e-33 1.97036874971412e-33 
120270833.47681 2.00443191018192e-33 2.00235580099824e-33 2.00443191018192e-33 2.00235580099824e-33 2.00443191018192e-33 2.00235580099824e-33 
125370798.744049 2.03684271419475e-33 2.03480305556211e-33 2.03684271419475e-33 2.03480305556211e-33 2.03684271419475e-33 2.03480305556211e-33 
130687022.974289 2.06971832372659e-33 2.06771456847148e-33 2.06971832372659e-33 2.06771456847148e-33 2.06971832372659e-33 2.06771456847148e-33 
136228676.414117 2.10306202035356e-33 2.10109356117914e-33 2.10306202035356e-33 2.10109356117914e-33 2.10306202035356e-33 2.10109356117914e-33 
142005318.165319 2.13688582934842e-33 2.13496347852095e-33 2.13688582934842e-33 2.13496347852095e-33 2.13688582934842e-33 2.13496347852095e-33 
148026912.673899 2.17119393638812e-33 2.16929433681576e-33 2.17119393638812e-33 2.16929433681576e-33 2.17119393638812e-33 2.16929433681576e-33 
154303846.918303 2.20599015186366e-33 2.20412481424162e-33 2.20599015186366e-33 2.20412481424162e-33 2.20599015186366e-33 2.20412481424162e-33 
160846948.326479 2.24127367530757e-33 2.23944111530353e-33 2.24127367530757e-33 2.23944111530353e-33 2.24127367530757e-33 2.23944111530353e-33 
167667503.452711 2.27706961893078e-33 2.27526918377782e-33 2.27706961893078e-33 2.27526918377782e-33 2.27706961893078e-33 2.27526918377782e-33 
174777277.446407 2.31337758458401e-33 2.31160926898909e-33 2.31337758458401e-33 2.31160926898909e-33 2.31337758458401e-33 2.31160926898909e-33 
182188534.346452 2.35019061563614e-33 2.34845377655047e-33 2.35019061563614e-33 2.34845377655047e-33 2.35019061563614e-33 2.34845377655047e-33 
189914058.236126 2.38753084723873e-33 2.38582437783465e-33 2.38753084723873e-33 2.38582437783465e-33 2.38753084723873e-33 2.38582437783465e-33 
197967175.295063 2.4253967541001e-33 2.42372137624418e-33 2.4253967541001e-33 2.42372137624418e-33 2.4253967541001e-33 2.42372137624418e-33 
206361776.786313 2.46379385886722e-33 2.46214836580832e-33 2.46379385886722e-33 2.46214836580832e-33 2.46379385886722e-33 2.46214836580832e-33 
215112343.01814 2.50273477774231e-33 2.50111877474971e-33 2.50273477774231e-33 2.50111877474971e-33 2.50273477774231e-33 2.50111877474971e-33 
224233968.321905 2.54222175304861e-33 2.54063828058265e-33 2.54222175304861e-33 2.54063828058265e-33 2.54222175304861e-33 2.54063828058265e-33 
233742387.089098 2.58226110515083e-33 2.58070252020432e-33 2.58226110515083e-33 2.58070252020432e-33 2.58226110515083e-33 2.58070252020432e-33 
243654000.912459 2.62286609562569e-33 2.62133536870659e-33 2.62286609562569e-33 2.62133536870659e-33 2.62286609562569e-33 2.62133536870659e-33 
253985906.877981 2.66403921735835e-33 2.66253621782812e-33 2.66403921735835e-33 2.66253621782812e-33 2.66403921735835e-33 2.66253621782812e-33 
264755927.056612 2.70578639960602e-33 2.70431037559705e-33 2.70578639960602e-33 2.70431037559705e-33 2.70578639960602e-33 2.70431037559705e-33 
275982639.246519 2.74811530809497e-33 2.7466658414595e-33 2.74811530809497e-33 2.7466658414595e-33 2.74811530809497e-33 2.7466658414595e-33 
287685409.018955 2.79103587259621e-33 2.78961256925427e-33 2.79103587259621e-33 2.78961256925427e-33 2.79103587259621e-33 2.78961256925427e-33 
299884423.122994 2.83455240700563e-33 2.83315481908612e-33 2.83455240700563e-33 2.83315481908612e-33 2.83455240700563e-33 2.83315481908612e-33 
312600724.306757 2.87867547844342e-33 2.87730266393661e-33 2.87867547844342e-33 2.87730266393661e-33 2.87867547844342e-33 2.87730266393661e-33 
325856247.615204 2.92340953300713e-33 2.92206182071909e-33 2.92340953300713e-33 2.92206182071909e-33 2.92340953300713e-33 2.92206182071909e-33 
339673858.227097 2.96876423561544e-33 2.96744087721868e-33 2.96876423561544e-33 2.96744087721868e-33 2.96876423561544e-33 2.96744087721868e-33 
354077390.896398 3.01474648737424e-33 3.01344714059025e-33 3.01474648737424e-33 3.01344714059025e-33 3.01474648737424e-33 3.01344714059025e-33 
369091691.066143 3.06136796826733e-33 3.06009197920791e-33 3.06136796826733e-33 3.06009197920791e-33 3.06136796826733e-33 3.06009197920791e-33 
384742657.725709 3.10862458002784e-33 3.10737163077844e-33 3.10862458002784e-33 3.10737163077844e-33 3.10862458002784e-33 3.10737163077844e-33 
401057288.085402 3.15653860780736e-33 3.15530835369515e-33 3.15653860780736e-33 3.15530835369515e-33 3.15653860780736e-33 3.15530835369515e-33 
418063724.145422 3.20510829406726e-33 3.20390021485611e-33 3.20510829406726e-33 3.20390021485611e-33 3.20510829406726e-33 3.20390021485611e-33 
435791301.239542 3.25434776562147e-33 3.25316621981932e-33 3.25434776562147e-33 3.25316621981932e-33 3.25434776562147e-33 3.25316621981932e-33 
454270598.637237 3.30426307377882e-33 3.30309714890165e-33 3.30426307377882e-33 3.30309714890165e-33 3.30426307377882e-33 3.30309714890165e-33 
473533492.291536 3.35488454254451e-33 3.3537407753275e-33 3.35488454254451e-33 3.3537407753275e-33 3.35488454254451e-33 3.3537407753275e-33 
493613209.823608 3.40615272193604e-33 3.40502963563511e-33 3.40615272193604e-33 3.40502963563511e-33 3.40615272193604e-33 3.40502963563511e-33 
514544387.838901 3.45814534971775e-33 3.45704241688264e-33 3.45814534971775e-33 3.45704241688264e-33 3.45814534971775e-33 3.45704241688264e-33 
536363131.673724 3.51084941166883e-33 3.50976638958808e-33 3.51084941166883e-33 3.50976638958808e-33 3.51084941166883e-33 3.50976638958808e-33 
559107077.67532 3.56427137907004e-33 3.56320806198063e-33 3.56427137907004e-33 3.56320806198063e-33 3.56427137907004e-33 3.56320806198063e-33 
582815458.122866 3.61841797234368e-33 3.61737374269302e-33 3.61841797234368e-33 3.61737374269302e-33 3.61841797234368e-33 3.61737374269302e-33 
607529168.901379 3.67330300765842e-33 3.67227737694723e-33 3.67330300765842e-33 3.67227737694723e-33 3.67330300765842e-33 3.67227737694723e-33 
633290840.045274 3.72893348895345e-33 3.72792622784094e-33 3.72893348895345e-33 3.72792622784094e-33 3.72893348895345e-33 3.72792622784094e-33 
660144909.27324 3.78531639309352e-33 3.78432713637722e-33 3.78531639309352e-33 3.78432713637722e-33 3.78531639309352e-33 3.78432713637722e-33 
688137698.641307 3.84247506702224e-33 3.84150333280098e-33 3.84247506702224e-33 3.84150333280098e-33 3.84247506702224e-33 3.84150333280098e-33 
717317494.44629 3.90038941488926e-33 3.89943520336651e-33 3.90038941488926e-33 3.89943520336651e-33 3.90038941488926e-33 3.89943520336651e-33 
747734630.517475 3.95909243171241e-33 3.95815522004107e-33 3.95909243171241e-33 3.95815522004107e-33 3.95909243171241e-33 3.95815522004107e-33 
779441575.040199 4.01859476007976e-33 4.01766811090182e-33 4.01859476007976e-33 4.01766811090182e-33 4.01859476007976e-33 4.01766811090182e-33 
812493021.061096 4.07888975783641e-33 4.07798545751325e-33 4.07888975783641e-33 4.07798545751325e-33 4.07888975783641e-33 4.07798545751325e-33 
846945980.831136 4.1400027564151e-33 4.13911431618066e-33 4.1400027564151e-33 4.13911431618066e-33 4.1400027564151e-33 4.13911431618066e-33 
882859884.149178 4.20194118800237e-33 4.20106850870381e-33 4.20194118800237e-33 4.20106850870381e-33 4.20194118800237e-33 4.20106850870381e-33 
920296680.875689 4.26470029561204e-33 4.26384251485078e-33 4.26470029561204e-33 4.26384251485078e-33 4.26470029561204e-33 4.26384251485078e-33 
959320947.793456 4.32831197298466e-33 4.32746424200186e-33 4.32831197298466e-33 4.32746424200186e-33 4.32831197298466e-33 4.32746424200186e-33 
999999999.999616 4.39276953804896e-33 4.39194162136424e-33 4.39276953804896e-33 4.39194162136424e-33 4.39276953804896e-33 4.39194162136424e-33 
