100 2.23576e-37 1.17315e-37 2.23576e-37 1.17315e-37 2.23576e-37 1.17315e-37 
117.49 2.61411e-37 1.37896e-37 2.61411e-37 1.37896e-37 2.61411e-37 1.37896e-37 
138.038 3.05664e-37 1.62097e-37 3.05664e-37 1.62097e-37 3.05664e-37 1.62097e-37 
162.181 3.57416e-37 1.90555e-37 3.57416e-37 1.90555e-37 3.57416e-37 1.90555e-37 
190.546 4.17927e-37 2.24014e-37 4.17927e-37 2.24014e-37 4.17927e-37 2.24014e-37 
223.872 4.88662e-37 2.63348e-37 4.88662e-37 2.63348e-37 4.88662e-37 2.63348e-37 
263.027 5.71321e-37 3.09581e-37 5.71321e-37 3.09581e-37 5.71321e-37 3.09581e-37 
309.03 6.6788e-37 3.63911e-37 6.6788e-37 3.63911e-37 6.6788e-37 3.63911e-37 
363.078 7.80621e-37 4.27737e-37 7.80621e-37 4.27737e-37 7.80621e-37 4.27737e-37 
426.58 9.12182e-37 5.02698e-37 9.12182e-37 5.02698e-37 9.12182e-37 5.02698e-37 
501.187 1.06561e-36 5.90698e-37 1.06561e-36 5.90698e-37 1.06561e-36 5.90698e-37 
588.844 1.24439e-36 6.93958e-37 1.24439e-36 6.93958e-37 1.24439e-36 6.93958e-37 
691.831 1.45252e-36 8.15058e-37 1.45252e-36 8.15058e-37 1.45252e-36 8.15058e-37 
812.831 1.69458e-36 9.56992e-37 1.69458e-36 9.56992e-37 1.69458e-36 9.56992e-37 
954.993 1.97575e-36 1.12322e-36 1.97575e-36 1.12322e-36 1.97575e-36 1.12322e-36 
1122.02 2.30189e-36 1.31774e-36 2.30189e-36 1.31774e-36 2.30189e-36 1.31774e-36 
1318.26 2.67963e-36 1.54514e-36 2.67963e-36 1.54514e-36 2.67963e-36 1.54514e-36 
1548.82 3.11634e-36 1.81071e-36 3.11634e-36 1.81071e-36 3.11634e-36 1.81071e-36 
1819.7 3.62023e-36 2.12046e-36 3.62023e-36 2.12046e-36 3.62023e-36 2.12046e-36 
2137.96 4.20041e-36 2.48124e-36 4.20041e-36 2.48124e-36 4.20041e-36 2.48124e-36 
2511.89 4.86672e-36 2.90082e-36 4.86672e-36 2.90082e-36 4.86672e-36 2.90082e-36 
2951.21 5.63001e-36 3.38796e-36 5.63001e-36 3.38796e-36 5.63001e-36 3.38796e-36 
3467.37 6.50194e-36 3.95248e-36 6.50194e-36 3.95248e-36 6.50194e-36 3.95248e-36 
4073.8 7.49488e-36 4.60534e-36 7.49488e-36 4.60534e-36 7.49488e-36 4.60534e-36 
4786.3 8.62201e-36 5.35866e-36 8.62201e-36 5.35866e-36 8.62201e-36 5.35866e-36 
5623.41 9.89711e-36 6.22586e-36 9.89711e-36 6.22586e-36 9.89711e-36 6.22586e-36 
6606.93 1.13345e-35 7.22161e-36 1.13345e-35 7.22161e-36 1.13345e-35 7.22161e-36 
7762.47 1.29491e-35 8.36181e-36 1.29491e-35 8.36181e-36 1.29491e-35 8.36181e-36 
9120.11 1.47561e-35 9.66379e-36 1.47561e-35 9.66379e-36 1.47561e-35 9.66379e-36 
10715.2 1.67709e-35 1.1146e-35 1.67709e-35 1.1146e-35 1.67709e-35 1.1146e-35 
12589.3 1.90096e-35 1.28284e-35 1.90096e-35 1.28284e-35 1.90096e-35 1.28284e-35 
14791.1 2.1488e-35 1.47318e-35 2.1488e-35 1.47318e-35 2.1488e-35 1.47318e-35 
17378 2.42229e-35 1.68785e-35 2.42229e-35 1.68785e-35 2.42229e-35 1.68785e-35 
20417.4 2.72309e-35 1.92917e-35 2.72309e-35 1.92917e-35 2.72309e-35 1.92917e-35 
23988.3 3.05295e-35 2.1996e-35 3.05295e-35 2.1996e-35 3.05295e-35 2.1996e-35 
28183.8 3.41367e-35 2.50167e-35 3.41367e-35 2.50167e-35 3.41367e-35 2.50167e-35 
33113.1 3.80716e-35 2.83804e-35 3.80716e-35 2.83804e-35 3.80716e-35 2.83804e-35 
38904.5 4.23544e-35 3.21143e-35 4.23544e-35 3.21143e-35 4.23544e-35 3.21143e-35 
45708.8 4.70064e-35 3.62471e-35 4.70064e-35 3.62471e-35 4.70064e-35 3.62471e-35 
53703.2 5.20509e-35 4.08085e-35 5.20509e-35 4.08085e-35 5.20509e-35 4.08085e-35 
63095.7 5.75124e-35 4.5829e-35 5.75124e-35 4.5829e-35 5.75124e-35 4.5829e-35 
74131 6.34182e-35 5.13406e-35 6.34182e-35 5.13406e-35 6.34182e-35 5.13406e-35 
87096.4 6.97973e-35 5.73765e-35 6.97973e-35 5.73765e-35 6.97973e-35 5.73765e-35 
102329 7.66813e-35 6.39714e-35 7.66813e-35 6.39714e-35 7.66813e-35 6.39714e-35 
120226 8.41044e-35 7.11615e-35 8.41044e-35 7.11615e-35 8.41044e-35 7.11615e-35 
141254 9.2104e-35 7.89852e-35 9.2104e-35 7.89852e-35 9.2104e-35 7.89852e-35 
165959 1.0072e-34 8.74823e-35 1.0072e-34 8.74823e-35 1.0072e-34 8.74823e-35 
194984 1.09994e-34 9.6695e-35 1.09994e-34 9.6695e-35 1.09994e-34 9.6695e-35 
229087 1.19974e-34 1.06668e-34 1.19974e-34 1.06668e-34 1.19974e-34 1.06668e-34 
269153 1.30709e-34 1.17448e-34 1.30709e-34 1.17448e-34 1.30709e-34 1.17448e-34 
316228 1.42251e-34 1.29085e-34 1.42251e-34 1.29085e-34 1.42251e-34 1.29085e-34 
371535 1.54656e-34 1.41631e-34 1.54656e-34 1.41631e-34 1.54656e-34 1.41631e-34 
436516 1.67985e-34 1.55144e-34 1.67985e-34 1.55144e-34 1.67985e-34 1.55144e-34 
512861 1.823e-34 1.69682e-34 1.823e-34 1.69682e-34 1.823e-34 1.69682e-34 
602560 1.97667e-34 1.85307e-34 1.97667e-34 1.85307e-34 1.97667e-34 1.85307e-34 
707946 2.14159e-34 2.02088e-34 2.14159e-34 2.02088e-34 2.14159e-34 2.02088e-34 
831764 2.3185e-34 2.20093e-34 2.3185e-34 2.20093e-34 2.3185e-34 2.20093e-34 
977237 2.50819e-34 2.39399e-34 2.50819e-34 2.39399e-34 2.50819e-34 2.39399e-34 
1.14815e+06 2.71148e-34 2.60084e-34 2.71148e-34 2.60084e-34 2.71148e-34 2.60084e-34 
1.34896e+06 2.92926e-34 2.82231e-34 2.92926e-34 2.82231e-34 2.92926e-34 2.82231e-34 
1.58489e+06 3.16243e-34 3.05931e-34 3.16243e-34 3.05931e-34 3.16243e-34 3.05931e-34 
1.86209e+06 3.41198e-34 3.31274e-34 3.41198e-34 3.31274e-34 3.41198e-34 3.31274e-34 
2.18776e+06 3.67889e-34 3.5836e-34 3.67889e-34 3.5836e-34 3.67889e-34 3.5836e-34 
2.5704e+06 3.96426e-34 3.87294e-34 3.96426e-34 3.87294e-34 3.96426e-34 3.87294e-34 
3.01995e+06 4.26919e-34 4.18183e-34 4.26919e-34 4.18183e-34 4.26919e-34 4.18183e-34 
3.54813e+06 4.59486e-34 4.51143e-34 4.59486e-34 4.51143e-34 4.59486e-34 4.51143e-34 
4.16869e+06 4.94249e-34 4.86296e-34 4.94249e-34 4.86296e-34 4.94249e-34 4.86296e-34 
4.89779e+06 5.31338e-34 5.23767e-34 5.31338e-34 5.23767e-34 5.31338e-34 5.23767e-34 
5.7544e+06 5.70886e-34 5.63691e-34 5.70886e-34 5.63691e-34 5.70886e-34 5.63691e-34 
6.76083e+06 6.13037e-34 6.06208e-34 6.13037e-34 6.06208e-34 6.13037e-34 6.06208e-34 
7.94328e+06 6.57937e-34 6.51464e-34 6.57937e-34 6.51464e-34 6.57937e-34 6.51464e-34 
9.33254e+06 7.05742e-34 6.99614e-34 7.05742e-34 6.99614e-34 7.05742e-34 6.99614e-34 
1.09648e+07 7.56617e-34 7.50823e-34 7.56617e-34 7.50823e-34 7.56617e-34 7.50823e-34 
1.28825e+07 8.10728e-34 8.05256e-34 8.10728e-34 8.05256e-34 8.10728e-34 8.05256e-34 
1.51356e+07 8.68255e-34 8.63093e-34 8.68255e-34 8.63093e-34 8.68255e-34 8.63093e-34 
1.77828e+07 9.29385e-34 9.24521e-34 9.29385e-34 9.24521e-34 9.29385e-34 9.24521e-34 
2.0893e+07 9.94313e-34 9.89732e-34 9.94313e-34 9.89732e-34 9.94313e-34 9.89732e-34 
2.45471e+07 1.06324e-33 1.05893e-33 1.06324e-33 1.05893e-33 1.06324e-33 1.05893e-33 
2.88403e+07 1.13638e-33 1.13234e-33 1.13638e-33 1.13234e-33 1.13638e-33 1.13234e-33 
3.38844e+07 1.21396e-33 1.21016e-33 1.21396e-33 1.21016e-33 1.21396e-33 1.21016e-33 
3.98107e+07 1.29622e-33 1.29265e-33 1.29622e-33 1.29265e-33 1.29622e-33 1.29265e-33 
4.67735e+07 1.38339e-33 1.38005e-33 1.38339e-33 1.38005e-33 1.38339e-33 1.38005e-33 
5.49541e+07 1.47573e-33 1.4726e-33 1.47573e-33 1.4726e-33 1.47573e-33 1.4726e-33 
6.45654e+07 1.57352e-33 1.57058e-33 1.57352e-33 1.57058e-33 1.57352e-33 1.57058e-33 
7.58578e+07 1.67702e-33 1.67428e-33 1.67702e-33 1.67428e-33 1.67702e-33 1.67428e-33 
8.91251e+07 1.78654e-33 1.78397e-33 1.78654e-33 1.78397e-33 1.78654e-33 1.78397e-33 
1.04713e+08 1.90237e-33 1.89997e-33 1.90237e-33 1.89997e-33 1.90237e-33 1.89997e-33 
1.23027e+08 2.02485e-33 2.0226e-33 2.02485e-33 2.0226e-33 2.02485e-33 2.0226e-33 
1.44544e+08 2.15428e-33 2.15218e-33 2.15428e-33 2.15218e-33 2.15428e-33 2.15218e-33 
1.69824e+08 2.29105e-33 2.28909e-33 2.29105e-33 2.28909e-33 2.29105e-33 2.28909e-33 
1.99526e+08 2.43548e-33 2.43366e-33 2.43548e-33 2.43366e-33 2.43548e-33 2.43366e-33 
2.34423e+08 2.58799e-33 2.58629e-33 2.58799e-33 2.58629e-33 2.58799e-33 2.58629e-33 
2.75423e+08 2.74897e-33 2.74739e-33 2.74897e-33 2.74739e-33 2.74897e-33 2.74739e-33 
3.23594e+08 2.91884e-33 2.91736e-33 2.91884e-33 2.91736e-33 2.91884e-33 2.91736e-33 
3.80189e+08 3.09803e-33 3.09665e-33 3.09803e-33 3.09665e-33 3.09803e-33 3.09665e-33 
4.46684e+08 3.28701e-33 3.28572e-33 3.28701e-33 3.28572e-33 3.28701e-33 3.28572e-33 
5.24807e+08 3.48622e-33 3.48502e-33 3.48622e-33 3.48502e-33 3.48622e-33 3.48502e-33 
6.16595e+08 3.69619e-33 3.69507e-33 3.69619e-33 3.69507e-33 3.69619e-33 3.69507e-33 
7.24436e+08 3.91746e-33 3.91642e-33 3.91746e-33 3.91642e-33 3.91746e-33 3.91642e-33 
8.51138e+08 4.15054e-33 4.14957e-33 4.15054e-33 4.14957e-33 4.15054e-33 4.14957e-33 
1e+09 4.39604e-33 4.39513e-33 4.39604e-33 4.39513e-33 4.39604e-33 4.39513e-33 
