98.6063 8.89363e-37 2.41845e-37 8.89363e-37 2.41845e-37 6.94033e-37 1.6755e-37 
105.67 9.50417e-37 2.59852e-37 9.50417e-37 2.59852e-37 7.51065e-37 1.82862e-37 
113.239 1.01567e-36 2.79197e-37 1.01567e-36 2.79197e-37 8.12256e-37 1.99438e-37 
121.351 1.0854e-36 2.99979e-37 1.0854e-36 2.99979e-37 8.77889e-37 2.17376e-37 
130.043 1.15992e-36 3.22305e-37 1.15992e-36 3.22305e-37 9.48266e-37 2.3678e-37 
139.358 1.23956e-36 3.46287e-37 1.23956e-36 3.46287e-37 1.02372e-36 2.5776e-37 
149.341 1.32465e-36 3.72049e-37 1.32465e-36 3.72049e-37 1.10458e-36 2.80438e-37 
160.039 1.41558e-36 3.99723e-37 1.41558e-36 3.99723e-37 1.19122e-36 3.04943e-37 
171.503 1.51272e-36 4.29448e-37 1.51272e-36 4.29448e-37 1.28403e-36 3.31412e-37 
183.788 1.61652e-36 4.61376e-37 1.61652e-36 4.61376e-37 1.38344e-36 3.59994e-37 
196.953 1.7274e-36 4.95669e-37 1.7274e-36 4.95669e-37 1.48987e-36 3.90848e-37 
211.061 1.84585e-36 5.325e-37 1.84585e-36 5.325e-37 1.60381e-36 4.24146e-37 
226.18 1.97237e-36 5.72057e-37 1.97237e-36 5.72057e-37 1.72576e-36 4.60071e-37 
242.382 2.10749e-36 6.14537e-37 2.10749e-36 6.14537e-37 1.85625e-36 4.9882e-37 
259.744 2.2518e-36 6.60157e-37 2.2518e-36 6.60157e-37 1.99586e-36 5.40604e-37 
278.35 2.4059e-36 7.09142e-37 2.4059e-36 7.09142e-37 2.14518e-36 5.85647e-37 
298.289 2.57042e-36 7.61742e-37 2.57042e-36 7.61742e-37 2.30486e-36 6.34194e-37 
319.656 2.74607e-36 8.18217e-37 2.74607e-36 8.18217e-37 2.47558e-36 6.86504e-37 
342.554 2.93356e-36 8.7885e-37 2.93356e-36 8.7885e-37 2.65807e-36 7.42853e-37 
367.092 3.13367e-36 9.43942e-37 3.13367e-36 9.43942e-37 2.85308e-36 8.03544e-37 
393.387 3.3472e-36 1.01381e-36 3.3472e-36 1.01381e-36 3.06144e-36 8.68892e-37 
421.566 3.57504e-36 1.08881e-36 3.57504e-36 1.08881e-36 3.284e-36 9.3924e-37 
451.764 3.81807e-36 1.16931e-36 3.81807e-36 1.16931e-36 3.52168e-36 1.01495e-36 
484.125 4.07729e-36 1.25569e-36 4.07729e-36 1.25569e-36 3.77544e-36 1.09642e-36 
518.804 4.3537e-36 1.34838e-36 4.3537e-36 1.34838e-36 4.0463e-36 1.18406e-36 
555.967 4.64839e-36 1.44783e-36 4.64839e-36 1.44783e-36 4.33533e-36 1.27832e-36 
595.792 4.96249e-36 1.55452e-36 4.96249e-36 1.55452e-36 4.64366e-36 1.37968e-36 
638.47 5.29718e-36 1.66897e-36 5.29718e-36 1.66897e-36 4.97249e-36 1.48865e-36 
684.205 5.65376e-36 1.79172e-36 5.65376e-36 1.79172e-36 5.32308e-36 1.60576e-36 
733.217 6.03353e-36 1.92335e-36 6.03353e-36 1.92335e-36 5.69675e-36 1.73161e-36 
785.739 6.43787e-36 2.06449e-36 6.43787e-36 2.06449e-36 6.09489e-36 1.8668e-36 
842.023 6.86828e-36 2.2158e-36 6.86828e-36 2.2158e-36 6.51897e-36 2.01201e-36 
902.339 7.32625e-36 2.37799e-36 7.32625e-36 2.37799e-36 6.97047e-36 2.16793e-36 
966.975 7.81342e-36 2.5518e-36 7.81342e-36 2.5518e-36 7.45106e-36 2.33531e-36 
1036.24 8.33143e-36 2.73805e-36 8.33143e-36 2.73805e-36 7.96238e-36 2.51495e-36 
1110.47 8.88205e-36 2.93758e-36 8.88205e-36 2.93758e-36 8.50616e-36 2.7077e-36 
1190.02 9.46709e-36 3.1513e-36 9.46709e-36 3.1513e-36 9.08425e-36 2.91445e-36 
1275.26 1.00885e-35 3.38016e-36 1.00885e-35 3.38016e-36 9.69851e-36 3.13617e-36 
1366.61 1.07482e-35 3.62519e-36 1.07482e-35 3.62519e-36 1.03509e-35 3.37386e-36 
1464.5 1.14482e-35 3.88747e-36 1.14482e-35 3.88747e-36 1.10436e-35 3.62862e-36 
1569.41 1.21907e-35 4.16814e-36 1.21907e-35 4.16814e-36 1.17785e-35 3.90158e-36 
1681.83 1.29778e-35 4.46842e-36 1.29778e-35 4.46842e-36 1.2558e-35 4.19395e-36 
1802.3 1.3812e-35 4.78959e-36 1.3812e-35 4.78959e-36 1.33842e-35 4.50702e-36 
1931.4 1.46952e-35 5.13303e-36 1.46952e-35 5.13303e-36 1.42595e-35 4.84213e-36 
2069.76 1.56301e-35 5.50015e-36 1.56301e-35 5.50015e-36 1.51863e-35 5.20072e-36 
2218.02 1.66192e-35 5.89247e-36 1.66192e-35 5.89247e-36 1.61671e-35 5.58432e-36 
2376.9 1.76648e-35 6.31161e-36 1.76648e-35 6.31161e-36 1.72043e-35 5.99451e-36 
2547.16 1.87697e-35 6.75923e-36 1.87697e-35 6.75923e-36 1.83006e-35 6.43297e-36 
2729.62 1.99364e-35 7.23712e-36 1.99364e-35 7.23712e-36 1.94584e-35 6.90148e-36 
2925.15 2.11676e-35 7.74715e-36 2.11676e-35 7.74715e-36 2.06807e-35 7.40191e-36 
3134.68 2.2466e-35 8.29128e-36 2.2466e-35 8.29128e-36 2.197e-35 7.93619e-36 
3359.23 2.38344e-35 8.87157e-36 2.38344e-35 8.87157e-36 2.3329e-35 8.50642e-36 
3599.86 2.52755e-35 9.49018e-36 2.52755e-35 9.49018e-36 2.47607e-35 9.11473e-36 
3857.72 2.67922e-35 1.01494e-35 2.67922e-35 1.01494e-35 2.62677e-35 9.76338e-36 
4134.06 2.83873e-35 1.08515e-35 2.83873e-35 1.08515e-35 2.78529e-35 1.04548e-35 
4430.19 3.00636e-35 1.15991e-35 3.00636e-35 1.15991e-35 2.95193e-35 1.11913e-35 
4747.54 3.18241e-35 1.23947e-35 3.18241e-35 1.23947e-35 3.12695e-35 1.19757e-35 
5087.62 3.36716e-35 1.32411e-35 3.36716e-35 1.32411e-35 3.31065e-35 1.28105e-35 
5452.05 3.56089e-35 1.4141e-35 3.56089e-35 1.4141e-35 3.50333e-35 1.36986e-35 
5842.6 3.7639e-35 1.50974e-35 3.7639e-35 1.50974e-35 3.70525e-35 1.4643e-35 
6261.12 3.97646e-35 1.61133e-35 3.97646e-35 1.61133e-35 3.91671e-35 1.56466e-35 
6709.61 4.19887e-35 1.71918e-35 4.19887e-35 1.71918e-35 4.13798e-35 1.67126e-35 
7190.24 4.43139e-35 1.83364e-35 4.43139e-35 1.83364e-35 4.36936e-35 1.78443e-35 
7705.29 4.67433e-35 1.95503e-35 4.67433e-35 1.95503e-35 4.61113e-35 1.90452e-35 
8257.24 4.92794e-35 2.08371e-35 4.92794e-35 2.08371e-35 4.86362e-35 2.03186e-35 
8848.72 5.19254e-35 2.22005e-35 5.19254e-35 2.22005e-35 5.12692e-35 2.16684e-35 
9482.58 5.46836e-35 2.36442e-35 5.46836e-35 2.36442e-35 5.40151e-35 2.30981e-35 
10161.8 5.75569e-35 2.5172e-35 5.75569e-35 2.5172e-35 5.68759e-35 2.46117e-35 
10889.8 6.05483e-35 2.67881e-35 6.05483e-35 2.67881e-35 5.98543e-35 2.62132e-35 
11669.8 6.36602e-35 2.84964e-35 6.36602e-35 2.84964e-35 6.2953e-35 2.79068e-35 
12505.7 6.68956e-35 3.03013e-35 6.68956e-35 3.03013e-35 6.61748e-35 2.96965e-35 
13401.6 7.02567e-35 3.22071e-35 7.02567e-35 3.22071e-35 6.95224e-35 3.1587e-35 
14361.5 7.37468e-35 3.42183e-35 7.37468e-35 3.42183e-35 7.29985e-35 3.35824e-35 
15390.3 7.73683e-35 3.63394e-35 7.73683e-35 3.63394e-35 7.66056e-35 3.56876e-35 
16492.7 8.11242e-35 3.85752e-35 8.11242e-35 3.85752e-35 8.03471e-35 3.7907e-35 
17674.2 8.50173e-35 4.09304e-35 8.50173e-35 4.09304e-35 8.42251e-35 4.02455e-35 
18940.2 8.90498e-35 4.341e-35 8.90498e-35 4.341e-35 8.82427e-35 4.27082e-35 
20296.9 9.32252e-35 4.6019e-35 9.32252e-35 4.6019e-35 9.24028e-35 4.52999e-35 
21750.8 9.75465e-35 4.87626e-35 9.75465e-35 4.87626e-35 9.67082e-35 4.8026e-35 
23308.9 1.02016e-34 5.1646e-35 1.02016e-34 5.1646e-35 1.01162e-34 5.08912e-35 
24978.6 1.06638e-34 5.46744e-35 1.06638e-34 5.46744e-35 1.05767e-34 5.39014e-35 
26767.8 1.11414e-34 5.78535e-35 1.11414e-34 5.78535e-35 1.10527e-34 5.70618e-35 
28685.3 1.16349e-34 6.11887e-35 1.16349e-34 6.11887e-35 1.15444e-34 6.03781e-35 
30740.1 1.21445e-34 6.46857e-35 1.21445e-34 6.46857e-35 1.20523e-34 6.38558e-35 
32942.1 1.26706e-34 6.83503e-35 1.26706e-34 6.83503e-35 1.25766e-34 6.75007e-35 
35301.8 1.32136e-34 7.21885e-35 1.32136e-34 7.21885e-35 1.31178e-34 7.13187e-35 
37830.5 1.37738e-34 7.62059e-35 1.37738e-34 7.62059e-35 1.36762e-34 7.53157e-35 
40540.4 1.43517e-34 8.04089e-35 1.43517e-34 8.04089e-35 1.42521e-34 7.94978e-35 
43444.4 1.49476e-34 8.48035e-35 1.49476e-34 8.48035e-35 1.48461e-34 8.38713e-35 
46556.4 1.55619e-34 8.93961e-35 1.55619e-34 8.93961e-35 1.54585e-34 8.84422e-35 
49891.4 1.61952e-34 9.4193e-35 1.61952e-34 9.4193e-35 1.60897e-34 9.32172e-35 
53465.2 1.68478e-34 9.92007e-35 1.68478e-34 9.92007e-35 1.67403e-34 9.82026e-35 
57295 1.75203e-34 1.04427e-34 1.75203e-34 1.04427e-34 1.74107e-34 1.03405e-34 
61399.2 1.82132e-34 1.09875e-34 1.82132e-34 1.09875e-34 1.81014e-34 1.08831e-34 
65797.4 1.89269e-34 1.15556e-34 1.89269e-34 1.15556e-34 1.88129e-34 1.14488e-34 
70510.6 1.9662e-34 1.21474e-34 1.9662e-34 1.21474e-34 1.95458e-34 1.20382e-34 
75561.4 2.04191e-34 1.27637e-34 2.04191e-34 1.27637e-34 2.03007e-34 1.26521e-34 
80974.1 2.11988e-34 1.34053e-34 2.11988e-34 1.34053e-34 2.1078e-34 1.32912e-34 
86774.4 2.20016e-34 1.40728e-34 2.20016e-34 1.40728e-34 2.18785e-34 1.39561e-34 
92990.3 2.28284e-34 1.4767e-34 2.28284e-34 1.4767e-34 2.27028e-34 1.46477e-34 
99651.4 2.36797e-34 1.54887e-34 2.36797e-34 1.54887e-34 2.35516e-34 1.53668e-34 
106790 2.45561e-34 1.62385e-34 2.45561e-34 1.62385e-34 2.44255e-34 1.6114e-34 
114439 2.54584e-34 1.70174e-34 2.54584e-34 1.70174e-34 2.53252e-34 1.68902e-34 
122637 2.63873e-34 1.78262e-34 2.63873e-34 1.78262e-34 2.62515e-34 1.76962e-34 
131421 2.73436e-34 1.86656e-34 2.73436e-34 1.86656e-34 2.72052e-34 1.85327e-34 
140836 2.83281e-34 1.95364e-34 2.83281e-34 1.95364e-34 2.81869e-34 1.94007e-34 
150924 2.93416e-34 2.04396e-34 2.93416e-34 2.04396e-34 2.91977e-34 2.0301e-34 
161735 3.0385e-34 2.1376e-34 3.0385e-34 2.1376e-34 3.02382e-34 2.12344e-34 
173320 3.1459e-34 2.23465e-34 3.1459e-34 2.23465e-34 3.13094e-34 2.22019e-34 
185736 3.25648e-34 2.33519e-34 3.25648e-34 2.33519e-34 3.24122e-34 2.32042e-34 
199040 3.37031e-34 2.43933e-34 3.37031e-34 2.43933e-34 3.35475e-34 2.42425e-34 
213298 3.48748e-34 2.54716e-34 3.48748e-34 2.54716e-34 3.47162e-34 2.53175e-34 
228577 3.6081e-34 2.65876e-34 3.6081e-34 2.65876e-34 3.59193e-34 2.64304e-34 
244951 3.73228e-34 2.77425e-34 3.73228e-34 2.77425e-34 3.71579e-34 2.7582e-34 
262497 3.86011e-34 2.89373e-34 3.86011e-34 2.89373e-34 3.84329e-34 2.87734e-34 
281300 3.9917e-34 3.01729e-34 3.9917e-34 3.01729e-34 3.97455e-34 3.00056e-34 
301450 4.12715e-34 3.14504e-34 4.12715e-34 3.14504e-34 4.10967e-34 3.12796e-34 
323044 4.26659e-34 3.27709e-34 4.26659e-34 3.27709e-34 4.24877e-34 3.25965e-34 
346184 4.41013e-34 3.41355e-34 4.41013e-34 3.41355e-34 4.39196e-34 3.39576e-34 
370982 4.55788e-34 3.55453e-34 4.55788e-34 3.55453e-34 4.53936e-34 3.53637e-34 
397557 4.70998e-34 3.70015e-34 4.70998e-34 3.70015e-34 4.69109e-34 3.68162e-34 
426035 4.86653e-34 3.85053e-34 4.86653e-34 3.85053e-34 4.84728e-34 3.83162e-34 
456552 5.02768e-34 4.00578e-34 5.02768e-34 4.00578e-34 5.00804e-34 3.98649e-34 
489256 5.19354e-34 4.16603e-34 5.19354e-34 4.16603e-34 5.17353e-34 4.14635e-34 
524303 5.36426e-34 4.33142e-34 5.36426e-34 4.33142e-34 5.34386e-34 4.31134e-34 
561860 5.53997e-34 4.50206e-34 5.53997e-34 4.50206e-34 5.51918e-34 4.48158e-34 
602107 5.72082e-34 4.67809e-34 5.72082e-34 4.67809e-34 5.69962e-34 4.6572e-34 
645237 5.90693e-34 4.85965e-34 5.90693e-34 4.85965e-34 5.88532e-34 4.83834e-34 
691457 6.09845e-34 5.04687e-34 6.09845e-34 5.04687e-34 6.07644e-34 5.02513e-34 
740988 6.29557e-34 5.2399e-34 6.29557e-34 5.2399e-34 6.27313e-34 5.21773e-34 
794066 6.4984e-34 5.43888e-34 6.4984e-34 5.43888e-34 6.47552e-34 5.41626e-34 
850947 6.70711e-34 5.64397e-34 6.70711e-34 5.64397e-34 6.68378e-34 5.6209e-34 
911903 6.92186e-34 5.85529e-34 6.92186e-34 5.85529e-34 6.89809e-34 5.83178e-34 
977224 7.14281e-34 6.07303e-34 7.14281e-34 6.07303e-34 7.11858e-34 6.04906e-34 
1.04723e+06 7.37013e-34 6.29734e-34 7.37013e-34 6.29734e-34 7.34544e-34 6.27289e-34 
1.12224e+06 7.60398e-34 6.52838e-34 7.60398e-34 6.52838e-34 7.57883e-34 6.50345e-34 
1.20263e+06 7.84456e-34 6.76631e-34 7.84456e-34 6.76631e-34 7.81893e-34 6.7409e-34 
1.28878e+06 8.09202e-34 7.0113e-34 8.09202e-34 7.0113e-34 8.0659e-34 6.9854e-34 
1.38109e+06 8.34656e-34 7.26356e-34 8.34656e-34 7.26356e-34 8.31994e-34 7.23714e-34 
1.48002e+06 8.60836e-34 7.52321e-34 8.60836e-34 7.52321e-34 8.58123e-34 7.49629e-34 
1.58604e+06 8.8776e-34 7.79047e-34 8.8776e-34 7.79047e-34 8.84996e-34 7.76303e-34 
1.69965e+06 9.15448e-34 8.06552e-34 9.15448e-34 8.06552e-34 9.12631e-34 8.03755e-34 
1.8214e+06 9.43919e-34 8.34841e-34 9.43919e-34 8.34841e-34 9.4105e-34 8.32004e-34 
1.95188e+06 9.73195e-34 8.63973e-34 9.73195e-34 8.63973e-34 9.70271e-34 8.61068e-34 
2.09169e+06 1.0033e-33 8.93929e-34 1.0033e-33 8.93929e-34 1.00032e-33 8.90969e-34 
2.24153e+06 1.03424e-33 9.24742e-34 1.03424e-33 9.24742e-34 1.0312e-33 9.21725e-34 
2.40209e+06 1.06605e-33 9.56433e-34 1.06605e-33 9.56433e-34 1.06296e-33 9.53359e-34 
2.57416e+06 1.09875e-33 9.89023e-34 1.09875e-33 9.89023e-34 1.0956e-33 9.85891e-34 
2.75855e+06 1.13236e-33 1.02253e-33 1.13236e-33 1.02253e-33 1.12915e-33 1.01934e-33 
2.95615e+06 1.16689e-33 1.05699e-33 1.16689e-33 1.05699e-33 1.16363e-33 1.05374e-33 
3.16791e+06 1.2024e-33 1.09241e-33 1.2024e-33 1.09241e-33 1.19907e-33 1.08909e-33 
3.39483e+06 1.23888e-33 1.12881e-33 1.23888e-33 1.12881e-33 1.23549e-33 1.12544e-33 
3.63801e+06 1.27636e-33 1.16623e-33 1.27636e-33 1.16623e-33 1.2729e-33 1.16279e-33 
3.89861e+06 1.31486e-33 1.20469e-33 1.31486e-33 1.20469e-33 1.31135e-33 1.20118e-33 
4.17788e+06 1.35443e-33 1.2442e-33 1.35443e-33 1.2442e-33 1.35085e-33 1.24063e-33 
4.47715e+06 1.39507e-33 1.2848e-33 1.39507e-33 1.2848e-33 1.39142e-33 1.28117e-33 
4.79786e+06 1.43681e-33 1.32651e-33 1.43681e-33 1.32651e-33 1.4331e-33 1.32281e-33 
5.14154e+06 1.47969e-33 1.36936e-33 1.47969e-33 1.36936e-33 1.47591e-33 1.36559e-33 
5.50984e+06 1.52372e-33 1.41338e-33 1.52372e-33 1.41338e-33 1.51987e-33 1.40954e-33 
5.90452e+06 1.56895e-33 1.45858e-33 1.56895e-33 1.45858e-33 1.56502e-33 1.45467e-33 
6.32748e+06 1.61538e-33 1.505e-33 1.61538e-33 1.505e-33 1.61138e-33 1.50102e-33 
6.78073e+06 1.66305e-33 1.55267e-33 1.66305e-33 1.55267e-33 1.65898e-33 1.54861e-33 
7.26645e+06 1.712e-33 1.60161e-33 1.712e-33 1.60161e-33 1.70786e-33 1.59748e-33 
7.78696e+06 1.76225e-33 1.65186e-33 1.76225e-33 1.65186e-33 1.75803e-33 1.64765e-33 
8.34476e+06 1.81383e-33 1.70345e-33 1.81383e-33 1.70345e-33 1.80953e-33 1.69916e-33 
8.94251e+06 1.86677e-33 1.7564e-33 1.86677e-33 1.7564e-33 1.86239e-33 1.75203e-33 
9.58308e+06 1.9211e-33 1.81074e-33 1.9211e-33 1.81074e-33 1.91665e-33 1.8063e-33 
1.02695e+07 1.97686e-33 1.86652e-33 1.97686e-33 1.86652e-33 1.97232e-33 1.86199e-33 
1.10052e+07 2.03408e-33 1.92376e-33 2.03408e-33 1.92376e-33 2.02946e-33 1.91915e-33 
1.17935e+07 2.09279e-33 1.98249e-33 2.09279e-33 1.98249e-33 2.08809e-33 1.97779e-33 
1.26383e+07 2.15303e-33 2.04275e-33 2.15303e-33 2.04275e-33 2.14824e-33 2.03797e-33 
1.35436e+07 2.21483e-33 2.10457e-33 2.21483e-33 2.10457e-33 2.20995e-33 2.0997e-33 
1.45138e+07 2.27823e-33 2.168e-33 2.27823e-33 2.168e-33 2.27326e-33 2.16304e-33 
1.55534e+07 2.34326e-33 2.23305e-33 2.34326e-33 2.23305e-33 2.33819e-33 2.228e-33 
1.66675e+07 2.40995e-33 2.29977e-33 2.40995e-33 2.29977e-33 2.4048e-33 2.29463e-33 
1.78615e+07 2.47835e-33 2.36821e-33 2.47835e-33 2.36821e-33 2.47311e-33 2.36297e-33 
1.91409e+07 2.5485e-33 2.43839e-33 2.5485e-33 2.43839e-33 2.54316e-33 2.43306e-33 
2.0512e+07 2.62043e-33 2.51036e-33 2.62043e-33 2.51036e-33 2.61499e-33 2.50493e-33 
2.19814e+07 2.69417e-33 2.58414e-33 2.69417e-33 2.58414e-33 2.68864e-33 2.57861e-33 
2.35559e+07 2.76979e-33 2.6598e-33 2.76979e-33 2.6598e-33 2.76415e-33 2.65416e-33 
2.52433e+07 2.84729e-33 2.73733e-33 2.84729e-33 2.73733e-33 2.84157e-33 2.73162e-33 
2.70515e+07 2.92678e-33 2.81686e-33 2.92678e-33 2.81686e-33 2.92093e-33 2.81102e-33 
2.89893e+07 3.00824e-33 2.89836e-33 3.00824e-33 2.89836e-33 3.00228e-33 2.89241e-33 
3.10659e+07 3.09172e-33 2.98189e-33 3.09172e-33 2.98189e-33 3.08566e-33 2.97583e-33 
3.32912e+07 3.17729e-33 3.06749e-33 3.17729e-33 3.06749e-33 3.17111e-33 3.06132e-33 
3.56759e+07 3.26498e-33 3.15523e-33 3.26498e-33 3.15523e-33 3.25869e-33 3.14894e-33 
3.82315e+07 3.35483e-33 3.24512e-33 3.35483e-33 3.24512e-33 3.34843e-33 3.23873e-33 
4.09701e+07 3.4469e-33 3.33724e-33 3.4469e-33 3.33724e-33 3.44038e-33 3.33073e-33 
4.39049e+07 3.54124e-33 3.43162e-33 3.54124e-33 3.43162e-33 3.5346e-33 3.42498e-33 
4.70499e+07 3.63789e-33 3.52832e-33 3.63789e-33 3.52832e-33 3.63112e-33 3.52155e-33 
5.04201e+07 3.73689e-33 3.62736e-33 3.73689e-33 3.62736e-33 3.73e-33 3.62048e-33 
5.40319e+07 3.83832e-33 3.72883e-33 3.83832e-33 3.72883e-33 3.83131e-33 3.72183e-33 
5.79023e+07 3.9422e-33 3.83276e-33 3.9422e-33 3.83276e-33 3.93505e-33 3.82562e-33 
6.205e+07 4.04861e-33 3.93922e-33 4.04861e-33 3.93922e-33 4.04132e-33 3.93195e-33 
6.64947e+07 4.15759e-33 4.04824e-33 4.15759e-33 4.04824e-33 4.15016e-33 4.04083e-33 
7.12579e+07 4.26917e-33 4.15988e-33 4.26917e-33 4.15988e-33 4.26162e-33 4.15234e-33 
7.63623e+07 4.38345e-33 4.27421e-33 4.38345e-33 4.27421e-33 4.37576e-33 4.26653e-33 
8.18323e+07 4.50047e-33 4.39129e-33 4.50047e-33 4.39129e-33 4.49263e-33 4.38345e-33 
8.76941e+07 4.62028e-33 4.51114e-33 4.62028e-33 4.51114e-33 4.61229e-33 4.50316e-33 
9.39758e+07 4.74295e-33 4.63387e-33 4.74295e-33 4.63387e-33 4.73481e-33 4.62574e-33 
1.00708e+08 4.86855e-33 4.7595e-33 4.86855e-33 4.7595e-33 4.86023e-33 4.75121e-33 
