10 7.42121e-38 3.24443e-38 7.42121e-38 3.24443e-38 2.64205e-38 1.68738e-38 
10.6333 7.87134e-38 3.45237e-38 7.87134e-38 3.45237e-38 2.97308e-38 1.86853e-38 
11.3066 8.34892e-38 3.67349e-38 8.34892e-38 3.67349e-38 3.32897e-38 2.05958e-38 
12.0226 8.85561e-38 3.90866e-38 8.85561e-38 3.90866e-38 3.7119e-38 2.26176e-38 
12.784 9.39321e-38 4.15877e-38 9.39321e-38 4.15877e-38 4.12392e-38 2.47612e-38 
13.5936 9.96358e-38 4.42477e-38 9.96358e-38 4.42477e-38 4.56718e-38 2.7038e-38 
14.4544 1.05688e-37 4.70769e-38 1.05688e-37 4.70769e-38 5.04403e-38 2.94603e-38 
15.3697 1.12109e-37 5.00857e-38 1.12109e-37 5.00857e-38 5.55663e-38 3.20386e-38 
16.3431 1.18922e-37 5.32857e-38 1.18922e-37 5.32857e-38 6.10741e-38 3.47856e-38 
17.378 1.26153e-37 5.66893e-38 1.26153e-37 5.66893e-38 6.699e-38 3.77145e-38 
18.4785 1.33824e-37 6.03092e-38 1.33824e-37 6.03092e-38 7.3339e-38 4.08373e-38 
19.6487 1.41965e-37 6.41594e-38 1.41965e-37 6.41594e-38 8.01483e-38 4.41681e-38 
20.893 1.50604e-37 6.82543e-38 1.50604e-37 6.82543e-38 8.74482e-38 4.77216e-38 
22.216 1.59771e-37 7.26102e-38 1.59771e-37 7.26102e-38 9.527e-38 5.15146e-38 
23.6229 1.695e-37 7.72431e-38 1.695e-37 7.72431e-38 1.03646e-37 5.5563e-38 
25.1189 1.79825e-37 8.21713e-38 1.79825e-37 8.21713e-38 1.1261e-37 5.98837e-38 
26.7096 1.90783e-37 8.74134e-38 1.90783e-37 8.74134e-38 1.222e-37 6.44958e-38 
28.401 2.02413e-37 9.29899e-38 2.02413e-37 9.29899e-38 1.32457e-37 6.94206e-38 
30.1995 2.14757e-37 9.89218e-38 2.14757e-37 9.89218e-38 1.43419e-37 7.46789e-38 
32.1119 2.27858e-37 1.05232e-37 2.27858e-37 1.05232e-37 1.55131e-37 8.02928e-38 
34.1455 2.41763e-37 1.11945e-37 2.41763e-37 1.11945e-37 1.6764e-37 8.62862e-38 
36.3078 2.56522e-37 1.19087e-37 2.56522e-37 1.19087e-37 1.80995e-37 9.26858e-38 
38.6071 2.72188e-37 1.26685e-37 2.72188e-37 1.26685e-37 1.9525e-37 9.95186e-38 
41.0519 2.88816e-37 1.34769e-37 2.88816e-37 1.34769e-37 2.10461e-37 1.06815e-37 
43.6516 3.06466e-37 1.43369e-37 3.06466e-37 1.43369e-37 2.26685e-37 1.14606e-37 
46.4159 3.25201e-37 1.52518e-37 3.25201e-37 1.52518e-37 2.43987e-37 1.22922e-37 
49.3552 3.45087e-37 1.62254e-37 3.45087e-37 1.62254e-37 2.62432e-37 1.318e-37 
52.4807 3.66196e-37 1.72611e-37 3.66196e-37 1.72611e-37 2.82094e-37 1.4128e-37 
55.8042 3.88603e-37 1.83632e-37 3.88603e-37 1.83632e-37 3.03045e-37 1.51401e-37 
59.3381 4.12388e-37 1.95357e-37 4.12388e-37 1.95357e-37 3.25368e-37 1.62204e-37 
63.0957 4.37636e-37 2.07834e-37 4.37636e-37 2.07834e-37 3.49143e-37 1.73733e-37 
67.0914 4.64436e-37 2.21108e-37 4.64436e-37 2.21108e-37 3.74458e-37 1.86037e-37 
71.34 4.92884e-37 2.35234e-37 4.92884e-37 2.35234e-37 4.01411e-37 1.99164e-37 
75.8578 5.23082e-37 2.50264e-37 5.23082e-37 2.50264e-37 4.30101e-37 2.13171e-37 
80.6616 5.55136e-37 2.66256e-37 5.55136e-37 2.66256e-37 4.60638e-37 2.28115e-37 
85.7696 5.89161e-37 2.83273e-37 5.89161e-37 2.83273e-37 4.93132e-37 2.4406e-37 
91.2011 6.25278e-37 3.01381e-37 6.25278e-37 3.01381e-37 5.27703e-37 2.61063e-37 
96.9765 6.63614e-37 3.20648e-37 6.63614e-37 3.20648e-37 5.64478e-37 2.79198e-37 
103.118 7.04306e-37 3.4115e-37 7.04306e-37 3.4115e-37 6.03589e-37 2.98537e-37 
109.648 7.47497e-37 3.62966e-37 7.47497e-37 3.62966e-37 6.45183e-37 3.19159e-37 
116.591 7.9334e-37 3.86179e-37 7.9334e-37 3.86179e-37 6.89411e-37 3.41148e-37 
123.975 8.41997e-37 4.10879e-37 8.41997e-37 4.10879e-37 7.36434e-37 3.64592e-37 
131.826 8.93639e-37 4.37161e-37 8.93639e-37 4.37161e-37 7.86419e-37 3.89583e-37 
140.174 9.48449e-37 4.65126e-37 9.48449e-37 4.65126e-37 8.39548e-37 4.16222e-37 
149.05 1.00662e-36 4.94882e-37 1.00662e-36 4.94882e-37 8.96014e-37 4.44614e-37 
158.489 1.06835e-36 5.26543e-37 1.06835e-36 5.26543e-37 9.56012e-37 4.74872e-37 
168.526 1.13386e-36 5.6023e-37 1.13386e-36 5.6023e-37 1.01976e-36 5.07116e-37 
179.198 1.20337e-36 5.96072e-37 1.20337e-36 5.96072e-37 1.08749e-36 5.41477e-37 
190.546 1.27714e-36 6.34206e-37 1.27714e-36 6.34206e-37 1.15944e-36 5.7809e-37 
202.613 1.35541e-36 6.74778e-37 1.35541e-36 6.74778e-37 1.23587e-36 6.17098e-37 
215.443 1.43845e-36 7.17943e-37 1.43845e-36 7.17943e-37 1.31703e-36 6.58655e-37 
229.087 1.52655e-36 7.63863e-37 1.52655e-36 7.63863e-37 1.40323e-36 7.02923e-37 
243.594 1.62002e-36 8.12718e-37 1.62002e-36 8.12718e-37 1.49475e-36 7.50076e-37 
259.02 1.71917e-36 8.64688e-37 1.71917e-36 8.64688e-37 1.59191e-36 8.00298e-37 
275.423 1.82434e-36 9.19972e-37 1.82434e-36 9.19972e-37 1.69507e-36 8.53786e-37 
292.864 1.93589e-36 9.7878e-37 1.93589e-36 9.7878e-37 1.80456e-36 9.10745e-37 
311.411 2.05419e-36 1.04133e-36 2.05419e-36 1.04133e-36 1.92077e-36 9.71401e-37 
331.131 2.17964e-36 1.10786e-36 2.17964e-36 1.10786e-36 2.04407e-36 1.03598e-36 
352.101 2.31266e-36 1.17862e-36 2.31266e-36 1.17862e-36 2.17491e-36 1.10474e-36 
374.398 2.4537e-36 1.25388e-36 2.4537e-36 1.25388e-36 2.31373e-36 1.17794e-36 
398.107 2.60321e-36 1.33391e-36 2.60321e-36 1.33391e-36 2.46097e-36 1.25585e-36 
423.318 2.76169e-36 1.41901e-36 2.76169e-36 1.41901e-36 2.61714e-36 1.33878e-36 
450.125 2.92966e-36 1.5095e-36 2.92966e-36 1.5095e-36 2.78275e-36 1.42704e-36 
478.63 3.10766e-36 1.60571e-36 3.10766e-36 1.60571e-36 2.95835e-36 1.52095e-36 
508.94 3.29626e-36 1.708e-36 3.29626e-36 1.708e-36 3.14449e-36 1.62089e-36 
541.17 3.49607e-36 1.81673e-36 3.49607e-36 1.81673e-36 3.3418e-36 1.72721e-36 
575.44 3.70772e-36 1.93231e-36 3.70772e-36 1.93231e-36 3.55089e-36 1.84031e-36 
611.881 3.93186e-36 2.05516e-36 3.93186e-36 2.05516e-36 3.77244e-36 1.96062e-36 
650.629 4.16921e-36 2.18571e-36 4.16921e-36 2.18571e-36 4.00711e-36 2.08857e-36 
691.831 4.42048e-36 2.32445e-36 4.42048e-36 2.32445e-36 4.25566e-36 2.22462e-36 
735.642 4.68644e-36 2.47186e-36 4.68644e-36 2.47186e-36 4.51885e-36 2.36929e-36 
782.228 4.9679e-36 2.62847e-36 4.9679e-36 2.62847e-36 4.79749e-36 2.52308e-36 
831.764 5.26569e-36 2.79483e-36 5.26569e-36 2.79483e-36 5.09239e-36 2.68656e-36 
884.437 5.58069e-36 2.97153e-36 5.58069e-36 2.97153e-36 5.40446e-36 2.8603e-36 
940.445 5.91381e-36 3.15917e-36 5.91381e-36 3.15917e-36 5.73457e-36 3.04493e-36 
1000 6.26601e-36 3.35843e-36 6.26601e-36 3.35843e-36 6.08373e-36 3.24108e-36 
1063.33 6.6383e-36 3.56997e-36 6.6383e-36 3.56997e-36 6.45289e-36 3.44944e-36 
1130.66 7.03167e-36 3.79452e-36 7.03167e-36 3.79452e-36 6.84311e-36 3.67075e-36 
1202.26 7.44728e-36 4.03285e-36 7.44728e-36 4.03285e-36 7.25547e-36 3.90575e-36 
1278.4 7.88618e-36 4.28576e-36 7.88618e-36 4.28576e-36 7.69107e-36 4.15524e-36 
1359.36 8.34956e-36 4.55407e-36 8.34956e-36 4.55407e-36 8.15109e-36 4.42007e-36 
1445.44 8.83865e-36 4.83869e-36 8.83865e-36 4.83869e-36 8.63673e-36 4.70112e-36 
1536.97 9.35467e-36 5.14054e-36 9.35467e-36 5.14054e-36 9.14927e-36 4.99932e-36 
1634.31 9.89892e-36 5.46058e-36 9.89892e-36 5.46058e-36 9.68997e-36 5.31565e-36 
1737.8 1.04728e-35 5.79989e-36 1.04728e-35 5.79989e-36 1.02602e-35 5.65112e-36 
1847.85 1.10776e-35 6.15948e-36 1.10776e-35 6.15948e-36 1.08613e-35 6.00682e-36 
1964.87 1.17148e-35 6.54052e-36 1.17148e-35 6.54052e-36 1.14947e-35 6.38386e-36 
2089.3 1.23859e-35 6.94416e-36 1.23859e-35 6.94416e-36 1.2162e-35 6.78343e-36 
2221.6 1.30923e-35 7.37165e-36 1.30923e-35 7.37165e-36 1.28645e-35 7.20677e-36 
2362.29 1.38357e-35 7.82432e-36 1.38357e-35 7.82432e-36 1.36039e-35 7.65515e-36 
2511.89 1.46176e-35 8.30338e-36 1.46176e-35 8.30338e-36 1.43818e-35 8.12993e-36 
2670.96 1.54396e-35 8.81037e-36 1.54396e-35 8.81037e-36 1.51998e-35 8.6325e-36 
2840.1 1.63035e-35 9.34673e-36 1.63035e-35 9.34673e-36 1.60595e-35 9.16434e-36 
3019.95 1.72109e-35 9.91397e-36 1.72109e-35 9.91397e-36 1.69626e-35 9.72698e-36 
3211.19 1.81636e-35 1.05136e-35 1.81636e-35 1.05136e-35 1.7911e-35 1.0322e-35 
3414.55 1.91634e-35 1.11475e-35 1.91634e-35 1.11475e-35 1.89064e-35 1.0951e-35 
3630.78 2.0212e-35 1.18172e-35 2.0212e-35 1.18172e-35 1.99505e-35 1.16158e-35 
3860.71 2.13114e-35 1.25245e-35 2.13114e-35 1.25245e-35 2.10453e-35 1.23182e-35 
4105.19 2.24633e-35 1.32713e-35 2.24633e-35 1.32713e-35 2.21927e-35 1.30599e-35 
4365.16 2.36697e-35 1.40595e-35 2.36697e-35 1.40595e-35 2.33943e-35 1.38429e-35 
4641.59 2.49325e-35 1.48911e-35 2.49325e-35 1.48911e-35 2.46524e-35 1.46693e-35 
4935.52 2.62536e-35 1.57682e-35 2.62536e-35 1.57682e-35 2.59686e-35 1.5541e-35 
5248.07 2.76351e-35 1.66928e-35 2.76351e-35 1.66928e-35 2.73451e-35 1.64601e-35 
5580.42 2.90788e-35 1.76672e-35 2.90788e-35 1.76672e-35 2.87838e-35 1.74289e-35 
5933.81 3.05867e-35 1.86936e-35 3.05867e-35 1.86936e-35 3.02867e-35 1.84497e-35 
6309.57 3.2161e-35 1.97744e-35 3.2161e-35 1.97744e-35 3.18558e-35 1.95247e-35 
6709.14 3.38036e-35 2.09118e-35 3.38036e-35 2.09118e-35 3.34931e-35 2.06563e-35 
7134 3.55166e-35 2.21086e-35 3.55166e-35 2.21086e-35 3.52007e-35 2.1847e-35 
7585.78 3.7302e-35 2.33671e-35 3.7302e-35 2.33671e-35 3.69806e-35 2.30994e-35 
8066.16 3.91618e-35 2.46898e-35 3.91618e-35 2.46898e-35 3.8835e-35 2.44161e-35 
8576.96 4.10983e-35 2.60797e-35 4.10983e-35 2.60797e-35 4.07658e-35 2.57996e-35 
9120.11 4.31135e-35 2.75393e-35 4.31135e-35 2.75393e-35 4.27752e-35 2.72528e-35 
9697.65 4.52095e-35 2.90714e-35 4.52095e-35 2.90714e-35 4.48654e-35 2.87784e-35 
10311.8 4.73884e-35 3.06788e-35 4.73884e-35 3.06788e-35 4.70383e-35 3.03793e-35 
10964.8 4.96523e-35 3.23647e-35 4.96523e-35 3.23647e-35 4.92963e-35 3.20584e-35 
11659.1 5.20034e-35 3.41318e-35 5.20034e-35 3.41318e-35 5.16412e-35 3.38187e-35 
12397.5 5.44439e-35 3.59832e-35 5.44439e-35 3.59832e-35 5.40755e-35 3.56631e-35 
13182.6 5.69759e-35 3.79221e-35 5.69759e-35 3.79221e-35 5.66012e-35 3.7595e-35 
14017.4 5.96017e-35 3.99516e-35 5.96017e-35 3.99516e-35 5.92206e-35 3.96173e-35 
14905 6.23235e-35 4.20749e-35 6.23235e-35 4.20749e-35 6.19359e-35 4.17333e-35 
15848.9 6.51435e-35 4.42952e-35 6.51435e-35 4.42952e-35 6.47492e-35 4.39462e-35 
16852.6 6.8064e-35 4.66159e-35 6.8064e-35 4.66159e-35 6.76629e-35 4.62594e-35 
17919.8 7.10874e-35 4.90404e-35 7.10874e-35 4.90404e-35 7.06795e-35 4.86763e-35 
19054.6 7.42159e-35 5.15721e-35 7.42159e-35 5.15721e-35 7.3801e-35 5.12002e-35 
20261.3 7.74521e-35 5.42144e-35 7.74521e-35 5.42144e-35 7.703e-35 5.38347e-35 
21544.3 8.07982e-35 5.69709e-35 8.07982e-35 5.69709e-35 8.03689e-35 5.65832e-35 
22908.7 8.42569e-35 5.98453e-35 8.42569e-35 5.98453e-35 8.38202e-35 5.94494e-35 
24359.4 8.78305e-35 6.2841e-35 8.78305e-35 6.2841e-35 8.73864e-35 6.24369e-35 
25902 9.15218e-35 6.59617e-35 9.15218e-35 6.59617e-35 9.10701e-35 6.55492e-35 
27542.3 9.53334e-35 6.92112e-35 9.53334e-35 6.92112e-35 9.4874e-35 6.87903e-35 
29286.4 9.92679e-35 7.25931e-35 9.92679e-35 7.25931e-35 9.88006e-35 7.21636e-35 
31141.1 1.03328e-34 7.61117e-35 1.03328e-34 7.61117e-35 1.02853e-34 7.56734e-35 
33113.1 1.07517e-34 7.97703e-35 1.07517e-34 7.97703e-35 1.07034e-34 7.93231e-35 
35210.1 1.11838e-34 8.35731e-35 1.11838e-34 8.35731e-35 1.11346e-34 8.31168e-35 
37439.8 1.16293e-34 8.75241e-35 1.16293e-34 8.75241e-35 1.15793e-34 8.70586e-35 
39810.7 1.20886e-34 9.1627e-35 1.20886e-34 9.1627e-35 1.20377e-34 9.11523e-35 
42331.8 1.25619e-34 9.58862e-35 1.25619e-34 9.58862e-35 1.25102e-34 9.5402e-35 
45012.5 1.30497e-34 1.00306e-34 1.30497e-34 1.00306e-34 1.29972e-34 9.98119e-35 
47863 1.35523e-34 1.0489e-34 1.35523e-34 1.0489e-34 1.34988e-34 1.04386e-34 
50894 1.407e-34 1.09642e-34 1.407e-34 1.09642e-34 1.40155e-34 1.09129e-34 
54117 1.46031e-34 1.14568e-34 1.46031e-34 1.14568e-34 1.45477e-34 1.14044e-34 
57544 1.51521e-34 1.19671e-34 1.51521e-34 1.19671e-34 1.50958e-34 1.19137e-34 
61188.1 1.57173e-34 1.24956e-34 1.57173e-34 1.24956e-34 1.566e-34 1.24412e-34 
65062.9 1.62991e-34 1.30426e-34 1.62991e-34 1.30426e-34 1.62409e-34 1.29872e-34 
69183.1 1.6898e-34 1.36088e-34 1.6898e-34 1.36088e-34 1.68387e-34 1.35523e-34 
73564.2 1.75143e-34 1.41945e-34 1.75143e-34 1.41945e-34 1.7454e-34 1.41369e-34 
78222.8 1.81485e-34 1.48002e-34 1.81485e-34 1.48002e-34 1.80872e-34 1.47415e-34 
83176.4 1.88011e-34 1.54264e-34 1.88011e-34 1.54264e-34 1.87387e-34 1.53666e-34 
88443.7 1.94724e-34 1.60735e-34 1.94724e-34 1.60735e-34 1.9409e-34 1.60126e-34 
94044.5 2.01631e-34 1.67421e-34 2.01631e-34 1.67421e-34 2.00985e-34 1.668e-34 
100000 2.08734e-34 1.74326e-34 2.08734e-34 1.74326e-34 2.08078e-34 1.73694e-34 
