100000 7.40847e-35 6.25469e-35 7.40847e-35 6.25469e-35 7.40847e-35 6.25469e-35 
104745 7.61229e-35 6.45141e-35 7.61229e-35 6.45141e-35 7.61229e-35 6.45141e-35 
109716 7.82064e-35 6.65308e-35 7.82064e-35 6.65308e-35 7.82064e-35 6.65308e-35 
114922 8.0336e-35 6.85978e-35 8.0336e-35 6.85978e-35 8.0336e-35 6.85978e-35 
120375 8.25127e-35 7.07162e-35 8.25127e-35 7.07162e-35 8.25127e-35 7.07162e-35 
126087 8.47372e-35 7.28868e-35 8.47372e-35 7.28868e-35 8.47372e-35 7.28868e-35 
132070 8.70107e-35 7.51106e-35 8.70107e-35 7.51106e-35 8.70107e-35 7.51106e-35 
138337 8.93339e-35 7.73886e-35 8.93339e-35 7.73886e-35 8.93339e-35 7.73886e-35 
144902 9.1708e-35 7.97217e-35 9.1708e-35 7.97217e-35 9.1708e-35 7.97217e-35 
151778 9.41336e-35 8.21107e-35 9.41336e-35 8.21107e-35 9.41336e-35 8.21107e-35 
158980 9.66121e-35 8.45568e-35 9.66121e-35 8.45568e-35 9.66121e-35 8.45568e-35 
166524 9.91445e-35 8.70613e-35 9.91445e-35 8.70613e-35 9.91445e-35 8.70613e-35 
174426 1.01732e-34 8.96247e-35 1.01732e-34 8.96247e-35 1.01732e-34 8.96247e-35 
182703 1.04375e-34 9.22483e-35 1.04375e-34 9.22483e-35 1.04375e-34 9.22483e-35 
191372 1.07075e-34 9.49332e-35 1.07075e-34 9.49332e-35 1.07075e-34 9.49332e-35 
200453 1.09833e-34 9.76803e-35 1.09833e-34 9.76803e-35 1.09833e-34 9.76803e-35 
209965 1.12651e-34 1.00491e-34 1.12651e-34 1.00491e-34 1.12651e-34 1.00491e-34 
219929 1.15529e-34 1.03366e-34 1.15529e-34 1.03366e-34 1.15529e-34 1.03366e-34 
230365 1.18468e-34 1.06307e-34 1.18468e-34 1.06307e-34 1.18468e-34 1.06307e-34 
241296 1.21471e-34 1.09314e-34 1.21471e-34 1.09314e-34 1.21471e-34 1.09314e-34 
252746 1.24537e-34 1.1239e-34 1.24537e-34 1.1239e-34 1.24537e-34 1.1239e-34 
264740 1.27669e-34 1.15535e-34 1.27669e-34 1.15535e-34 1.27669e-34 1.15535e-34 
277302 1.30867e-34 1.1875e-34 1.30867e-34 1.1875e-34 1.30867e-34 1.1875e-34 
290461 1.34133e-34 1.22037e-34 1.34133e-34 1.22037e-34 1.34133e-34 1.22037e-34 
304244 1.37468e-34 1.25396e-34 1.37468e-34 1.25396e-34 1.37468e-34 1.25396e-34 
318681 1.40874e-34 1.2883e-34 1.40874e-34 1.2883e-34 1.40874e-34 1.2883e-34 
333803 1.44352e-34 1.32339e-34 1.44352e-34 1.32339e-34 1.44352e-34 1.32339e-34 
349642 1.47903e-34 1.35925e-34 1.47903e-34 1.35925e-34 1.47903e-34 1.35925e-34 
366234 1.51528e-34 1.39589e-34 1.51528e-34 1.39589e-34 1.51528e-34 1.39589e-34 
383612 1.5523e-34 1.43332e-34 1.5523e-34 1.43332e-34 1.5523e-34 1.43332e-34 
401816 1.59009e-34 1.47156e-34 1.59009e-34 1.47156e-34 1.59009e-34 1.47156e-34 
420883 1.62868e-34 1.51063e-34 1.62868e-34 1.51063e-34 1.62868e-34 1.51063e-34 
440855 1.66807e-34 1.55053e-34 1.66807e-34 1.55053e-34 1.66807e-34 1.55053e-34 
461774 1.70827e-34 1.59128e-34 1.70827e-34 1.59128e-34 1.70827e-34 1.59128e-34 
483686 1.74932e-34 1.63289e-34 1.74932e-34 1.63289e-34 1.74932e-34 1.63289e-34 
506638 1.79122e-34 1.67539e-34 1.79122e-34 1.67539e-34 1.79122e-34 1.67539e-34 
530679 1.83399e-34 1.71879e-34 1.83399e-34 1.71879e-34 1.83399e-34 1.71879e-34 
555861 1.87765e-34 1.76309e-34 1.87765e-34 1.76309e-34 1.87765e-34 1.76309e-34 
582238 1.9222e-34 1.80832e-34 1.9222e-34 1.80832e-34 1.9222e-34 1.80832e-34 
609867 1.96768e-34 1.8545e-34 1.96768e-34 1.8545e-34 1.96768e-34 1.8545e-34 
638806 2.01409e-34 1.90163e-34 2.01409e-34 1.90163e-34 2.01409e-34 1.90163e-34 
669119 2.06146e-34 1.94975e-34 2.06146e-34 1.94975e-34 2.06146e-34 1.94975e-34 
700870 2.10979e-34 1.99885e-34 2.10979e-34 1.99885e-34 2.10979e-34 1.99885e-34 
734128 2.15912e-34 2.04896e-34 2.15912e-34 2.04896e-34 2.15912e-34 2.04896e-34 
768964 2.20945e-34 2.10011e-34 2.20945e-34 2.10011e-34 2.20945e-34 2.10011e-34 
805453 2.26081e-34 2.15229e-34 2.26081e-34 2.15229e-34 2.26081e-34 2.15229e-34 
843674 2.31321e-34 2.20554e-34 2.31321e-34 2.20554e-34 2.31321e-34 2.20554e-34 
883708 2.36668e-34 2.25987e-34 2.36668e-34 2.25987e-34 2.36668e-34 2.25987e-34 
925642 2.42123e-34 2.3153e-34 2.42123e-34 2.3153e-34 2.42123e-34 2.3153e-34 
969566 2.47689e-34 2.37185e-34 2.47689e-34 2.37185e-34 2.47689e-34 2.37185e-34 
1.01557e+06 2.53367e-34 2.42954e-34 2.53367e-34 2.42954e-34 2.53367e-34 2.42954e-34 
1.06376e+06 2.59159e-34 2.48839e-34 2.59159e-34 2.48839e-34 2.59159e-34 2.48839e-34 
1.11424e+06 2.65068e-34 2.54841e-34 2.65068e-34 2.54841e-34 2.65068e-34 2.54841e-34 
1.16712e+06 2.71095e-34 2.60963e-34 2.71095e-34 2.60963e-34 2.71095e-34 2.60963e-34 
1.2225e+06 2.77243e-34 2.67207e-34 2.77243e-34 2.67207e-34 2.77243e-34 2.67207e-34 
1.28051e+06 2.83514e-34 2.73574e-34 2.83514e-34 2.73574e-34 2.83514e-34 2.73574e-34 
1.34127e+06 2.89909e-34 2.80068e-34 2.89909e-34 2.80068e-34 2.89909e-34 2.80068e-34 
1.40492e+06 2.96433e-34 2.86691e-34 2.96433e-34 2.86691e-34 2.96433e-34 2.86691e-34 
1.47158e+06 3.03084e-34 2.93442e-34 3.03084e-34 2.93442e-34 3.03084e-34 2.93442e-34 
1.54141e+06 3.09869e-34 3.00327e-34 3.09869e-34 3.00327e-34 3.09869e-34 3.00327e-34 
1.61456e+06 3.16786e-34 3.07345e-34 3.16786e-34 3.07345e-34 3.16786e-34 3.07345e-34 
1.69117e+06 3.23841e-34 3.14502e-34 3.23841e-34 3.14502e-34 3.23841e-34 3.14502e-34 
1.77142e+06 3.31035e-34 3.21798e-34 3.31035e-34 3.21798e-34 3.31035e-34 3.21798e-34 
1.85548e+06 3.3837e-34 3.29236e-34 3.3837e-34 3.29236e-34 3.3837e-34 3.29236e-34 
1.94353e+06 3.45848e-34 3.36817e-34 3.45848e-34 3.36817e-34 3.45848e-34 3.36817e-34 
2.03575e+06 3.53472e-34 3.44545e-34 3.53472e-34 3.44545e-34 3.53472e-34 3.44545e-34 
2.13235e+06 3.61245e-34 3.52422e-34 3.61245e-34 3.52422e-34 3.61245e-34 3.52422e-34 
2.23354e+06 3.69169e-34 3.6045e-34 3.69169e-34 3.6045e-34 3.69169e-34 3.6045e-34 
2.33952e+06 3.77247e-34 3.68632e-34 3.77247e-34 3.68632e-34 3.77247e-34 3.68632e-34 
2.45054e+06 3.85482e-34 3.76971e-34 3.85482e-34 3.76971e-34 3.85482e-34 3.76971e-34 
2.56682e+06 3.93875e-34 3.85469e-34 3.93875e-34 3.85469e-34 3.93875e-34 3.85469e-34 
2.68862e+06 4.0243e-34 3.94129e-34 4.0243e-34 3.94129e-34 4.0243e-34 3.94129e-34 
2.81621e+06 4.1115e-34 4.02953e-34 4.1115e-34 4.02953e-34 4.1115e-34 4.02953e-34 
2.94984e+06 4.20038e-34 4.11945e-34 4.20038e-34 4.11945e-34 4.20038e-34 4.11945e-34 
3.08982e+06 4.29095e-34 4.21107e-34 4.29095e-34 4.21107e-34 4.29095e-34 4.21107e-34 
3.23644e+06 4.38325e-34 4.30441e-34 4.38325e-34 4.30441e-34 4.38325e-34 4.30441e-34 
3.39001e+06 4.47731e-34 4.3995e-34 4.47731e-34 4.3995e-34 4.47731e-34 4.3995e-34 
3.55088e+06 4.57316e-34 4.49639e-34 4.57316e-34 4.49639e-34 4.57316e-34 4.49639e-34 
3.71937e+06 4.67082e-34 4.59508e-34 4.67082e-34 4.59508e-34 4.67082e-34 4.59508e-34 
3.89587e+06 4.77033e-34 4.69562e-34 4.77033e-34 4.69562e-34 4.77033e-34 4.69562e-34 
4.08073e+06 4.87173e-34 4.79804e-34 4.87173e-34 4.79804e-34 4.87173e-34 4.79804e-34 
4.27437e+06 4.97502e-34 4.90236e-34 4.97502e-34 4.90236e-34 4.97502e-34 4.90236e-34 
4.4772e+06 5.08027e-34 5.00862e-34 5.08027e-34 5.00862e-34 5.08027e-34 5.00862e-34 
4.68966e+06 5.18749e-34 5.11685e-34 5.18749e-34 5.11685e-34 5.18749e-34 5.11685e-34 
4.91219e+06 5.29671e-34 5.22707e-34 5.29671e-34 5.22707e-34 5.29671e-34 5.22707e-34 
5.14528e+06 5.40796e-34 5.33933e-34 5.40796e-34 5.33933e-34 5.40796e-34 5.33933e-34 
5.38944e+06 5.5213e-34 5.45365e-34 5.5213e-34 5.45365e-34 5.5213e-34 5.45365e-34 
5.64518e+06 5.63671e-34 5.57006e-34 5.63671e-34 5.57006e-34 5.63671e-34 5.57006e-34 
5.91306e+06 5.75429e-34 5.68861e-34 5.75429e-34 5.68861e-34 5.75429e-34 5.68861e-34 
6.19364e+06 5.87403e-34 5.80932e-34 5.87403e-34 5.80932e-34 5.87403e-34 5.80932e-34 
6.48755e+06 5.99598e-34 5.93225e-34 5.99598e-34 5.93225e-34 5.99598e-34 5.93225e-34 
6.7954e+06 6.12017e-34 6.05739e-34 6.12017e-34 6.05739e-34 6.12017e-34 6.05739e-34 
7.11785e+06 6.24664e-34 6.18481e-34 6.24664e-34 6.18481e-34 6.24664e-34 6.18481e-34 
7.45561e+06 6.37542e-34 6.31454e-34 6.37542e-34 6.31454e-34 6.37542e-34 6.31454e-34 
7.8094e+06 6.50656e-34 6.44662e-34 6.50656e-34 6.44662e-34 6.50656e-34 6.44662e-34 
8.17997e+06 6.64008e-34 6.58107e-34 6.64008e-34 6.58107e-34 6.64008e-34 6.58107e-34 
8.56813e+06 6.77603e-34 6.71794e-34 6.77603e-34 6.71794e-34 6.77603e-34 6.71794e-34 
8.9747e+06 6.91445e-34 6.85726e-34 6.91445e-34 6.85726e-34 6.91445e-34 6.85726e-34 
9.40057e+06 7.05536e-34 6.99908e-34 7.05536e-34 6.99908e-34 7.05536e-34 6.99908e-34 
9.84665e+06 7.19883e-34 7.14346e-34 7.19883e-34 7.14346e-34 7.19883e-34 7.14346e-34 
1.03139e+07 7.34488e-34 7.29039e-34 7.34488e-34 7.29039e-34 7.34488e-34 7.29039e-34 
1.08033e+07 7.49356e-34 7.43994e-34 7.49356e-34 7.43994e-34 7.49356e-34 7.43994e-34 
1.1316e+07 7.64489e-34 7.59214e-34 7.64489e-34 7.59214e-34 7.64489e-34 7.59214e-34 
1.18529e+07 7.79893e-34 7.74704e-34 7.79893e-34 7.74704e-34 7.79893e-34 7.74704e-34 
1.24154e+07 7.95573e-34 7.90469e-34 7.95573e-34 7.90469e-34 7.95573e-34 7.90469e-34 
1.30045e+07 8.1153e-34 8.06511e-34 8.1153e-34 8.06511e-34 8.1153e-34 8.06511e-34 
1.36216e+07 8.27772e-34 8.22835e-34 8.27772e-34 8.22835e-34 8.27772e-34 8.22835e-34 
1.4268e+07 8.44303e-34 8.39448e-34 8.44303e-34 8.39448e-34 8.44303e-34 8.39448e-34 
1.4945e+07 8.61123e-34 8.5635e-34 8.61123e-34 8.5635e-34 8.61123e-34 8.5635e-34 
1.56542e+07 8.78241e-34 8.73548e-34 8.78241e-34 8.73548e-34 8.78241e-34 8.73548e-34 
1.6397e+07 8.95661e-34 8.91047e-34 8.95661e-34 8.91047e-34 8.95661e-34 8.91047e-34 
1.71751e+07 9.13387e-34 9.08851e-34 9.13387e-34 9.08851e-34 9.13387e-34 9.08851e-34 
1.79901e+07 9.31422e-34 9.26964e-34 9.31422e-34 9.26964e-34 9.31422e-34 9.26964e-34 
1.88438e+07 9.49775e-34 9.45394e-34 9.49775e-34 9.45394e-34 9.49775e-34 9.45394e-34 
1.97379e+07 9.68444e-34 9.64138e-34 9.68444e-34 9.64138e-34 9.68444e-34 9.64138e-34 
2.06746e+07 9.87442e-34 9.8321e-34 9.87442e-34 9.8321e-34 9.87442e-34 9.8321e-34 
2.16556e+07 1.00677e-33 1.00261e-33 1.00677e-33 1.00261e-33 1.00677e-33 1.00261e-33 
2.26832e+07 1.02643e-33 1.02234e-33 1.02643e-33 1.02234e-33 1.02643e-33 1.02234e-33 
2.37596e+07 1.04643e-33 1.04242e-33 1.04643e-33 1.04242e-33 1.04643e-33 1.04242e-33 
2.4887e+07 1.06677e-33 1.06283e-33 1.06677e-33 1.06283e-33 1.06677e-33 1.06283e-33 
2.6068e+07 1.08747e-33 1.0836e-33 1.08747e-33 1.0836e-33 1.08747e-33 1.0836e-33 
2.7305e+07 1.10852e-33 1.10472e-33 1.10852e-33 1.10472e-33 1.10852e-33 1.10472e-33 
2.86006e+07 1.12993e-33 1.1262e-33 1.12993e-33 1.1262e-33 1.12993e-33 1.1262e-33 
2.99578e+07 1.15171e-33 1.14804e-33 1.15171e-33 1.14804e-33 1.15171e-33 1.14804e-33 
3.13794e+07 1.17386e-33 1.17026e-33 1.17386e-33 1.17026e-33 1.17386e-33 1.17026e-33 
3.28684e+07 1.19639e-33 1.19285e-33 1.19639e-33 1.19285e-33 1.19639e-33 1.19285e-33 
3.44281e+07 1.2193e-33 1.21582e-33 1.2193e-33 1.21582e-33 1.2193e-33 1.21582e-33 
3.60618e+07 1.2426e-33 1.23919e-33 1.2426e-33 1.23919e-33 1.2426e-33 1.23919e-33 
3.7773e+07 1.26629e-33 1.26294e-33 1.26629e-33 1.26294e-33 1.26629e-33 1.26294e-33 
3.95654e+07 1.29038e-33 1.28709e-33 1.29038e-33 1.28709e-33 1.29038e-33 1.28709e-33 
4.14429e+07 1.31488e-33 1.31165e-33 1.31488e-33 1.31165e-33 1.31488e-33 1.31165e-33 
4.34094e+07 1.33978e-33 1.33662e-33 1.33978e-33 1.33662e-33 1.33978e-33 1.33662e-33 
4.54693e+07 1.36511e-33 1.362e-33 1.36511e-33 1.362e-33 1.36511e-33 1.362e-33 
4.76269e+07 1.39086e-33 1.38781e-33 1.39086e-33 1.38781e-33 1.39086e-33 1.38781e-33 
4.98869e+07 1.41705e-33 1.41405e-33 1.41705e-33 1.41405e-33 1.41705e-33 1.41405e-33 
5.22542e+07 1.44366e-33 1.44072e-33 1.44366e-33 1.44072e-33 1.44366e-33 1.44072e-33 
5.47337e+07 1.47072e-33 1.46784e-33 1.47072e-33 1.46784e-33 1.47072e-33 1.46784e-33 
5.7331e+07 1.49823e-33 1.4954e-33 1.49823e-33 1.4954e-33 1.49823e-33 1.4954e-33 
6.00514e+07 1.5262e-33 1.52342e-33 1.5262e-33 1.52342e-33 1.5262e-33 1.52342e-33 
6.2901e+07 1.55463e-33 1.5519e-33 1.55463e-33 1.5519e-33 1.55463e-33 1.5519e-33 
6.58858e+07 1.58352e-33 1.58085e-33 1.58352e-33 1.58085e-33 1.58352e-33 1.58085e-33 
6.90122e+07 1.6129e-33 1.61028e-33 1.6129e-33 1.61028e-33 1.6129e-33 1.61028e-33 
7.2287e+07 1.64275e-33 1.64018e-33 1.64275e-33 1.64018e-33 1.64275e-33 1.64018e-33 
7.57172e+07 1.6731e-33 1.67058e-33 1.6731e-33 1.67058e-33 1.6731e-33 1.67058e-33 
7.93102e+07 1.70394e-33 1.70147e-33 1.70394e-33 1.70147e-33 1.70394e-33 1.70147e-33 
8.30736e+07 1.73529e-33 1.73286e-33 1.73529e-33 1.73286e-33 1.73529e-33 1.73286e-33 
8.70156e+07 1.76715e-33 1.76477e-33 1.76715e-33 1.76477e-33 1.76715e-33 1.76477e-33 
9.11447e+07 1.79953e-33 1.79719e-33 1.79953e-33 1.79719e-33 1.79953e-33 1.79719e-33 
9.54697e+07 1.83243e-33 1.83014e-33 1.83243e-33 1.83014e-33 1.83243e-33 1.83014e-33 
1e+08 1.86586e-33 1.86362e-33 1.86586e-33 1.86362e-33 1.86586e-33 1.86362e-33 
