10 7.42121e-38 3.24443e-38 7.42121e-38 3.24443e-38 2.64205e-38 1.68738e-38 
12.045 8.87144e-38 3.91602e-38 8.87144e-38 3.91602e-38 3.72394e-38 2.26807e-38 
14.5083 1.06066e-37 4.7254e-38 1.06066e-37 4.7254e-38 5.07401e-38 2.9612e-38 
17.4753 1.26831e-37 5.70093e-38 1.26831e-37 5.70093e-38 6.75488e-38 3.79901e-38 
21.049 1.51686e-37 6.87682e-38 1.51686e-37 6.87682e-38 8.83675e-38 4.81682e-38 
25.3536 1.81444e-37 8.29447e-38 1.81444e-37 8.29447e-38 1.14022e-37 6.05625e-38 
30.5386 2.17087e-37 1.0004e-37 2.17087e-37 1.0004e-37 1.45491e-37 7.56725e-38 
36.7838 2.59768e-37 1.2066e-37 2.59768e-37 1.2066e-37 1.83942e-37 9.40978e-38 
44.3062 3.10905e-37 1.45535e-37 3.10905e-37 1.45535e-37 2.30779e-37 1.16571e-37 
53.367 3.72175e-37 1.75549e-37 3.72175e-37 1.75549e-37 2.87676e-37 1.43975e-37 
64.2807 4.45589e-37 2.1177e-37 4.45589e-37 2.1177e-37 3.56647e-37 1.77378e-37 
77.4264 5.33555e-37 2.55485e-37 5.33555e-37 2.55485e-37 4.40069e-37 2.18045e-37 
93.2603 6.38954e-37 3.08249e-37 6.38954e-37 3.08249e-37 5.40814e-37 2.67523e-37 
112.332 7.65231e-37 3.71939e-37 7.65231e-37 3.71939e-37 6.62283e-37 3.27653e-37 
135.305 9.16494e-37 4.48813e-37 9.16494e-37 4.48813e-37 8.08564e-37 4.00677e-37 
162.975 1.09764e-36 5.41596e-37 1.09764e-36 5.41596e-37 9.84511e-37 4.89275e-37 
196.304 1.31451e-36 6.53563e-37 1.31451e-36 6.53563e-37 1.19592e-36 5.96698e-37 
236.449 1.57401e-36 7.88652e-37 1.57401e-36 7.88652e-37 1.44969e-36 7.26842e-37 
284.804 1.88437e-36 9.51598e-37 1.88437e-36 9.51598e-37 1.75398e-36 8.84411e-37 
343.047 2.25527e-36 1.14807e-36 2.25527e-36 1.14807e-36 2.11846e-36 1.07504e-36 
413.201 2.69815e-36 1.38486e-36 2.69815e-36 1.38486e-36 2.55452e-36 1.30549e-36 
497.702 3.22641e-36 1.67007e-36 3.22641e-36 1.67007e-36 3.07554e-36 1.58383e-36 
599.484 3.85572e-36 2.01337e-36 3.85572e-36 2.01337e-36 3.69716e-36 1.91969e-36 
722.081 4.60425e-36 2.42624e-36 4.60425e-36 2.42624e-36 4.4375e-36 2.32451e-36 
869.749 5.49302e-36 2.92228e-36 5.49302e-36 2.92228e-36 5.3176e-36 2.81187e-36 
1047.62 6.54614e-36 3.51753e-36 6.54614e-36 3.51753e-36 6.3615e-36 3.39777e-36 
1261.86 7.79107e-36 4.23085e-36 7.79107e-36 4.23085e-36 7.59667e-36 4.10106e-36 
1519.91 9.25877e-36 5.08433e-36 9.25877e-36 5.08433e-36 9.05402e-36 4.94378e-36 
1830.74 1.09839e-35 6.10365e-36 1.09839e-35 6.10365e-36 1.07682e-35 5.95158e-36 
2205.13 1.30047e-35 7.31852e-36 1.30047e-35 7.31852e-36 1.27775e-35 7.15415e-36 
2656.09 1.53631e-35 8.7631e-36 1.53631e-35 8.7631e-36 1.51237e-35 8.58562e-36 
3199.27 1.81045e-35 1.04764e-35 1.81045e-35 1.04764e-35 1.78522e-35 1.0285e-35 
3853.53 2.12773e-35 1.25025e-35 2.12773e-35 1.25025e-35 2.10114e-35 1.22963e-35 
4641.59 2.49325e-35 1.48911e-35 2.49325e-35 1.48911e-35 2.46524e-35 1.46693e-35 
5590.81 2.91235e-35 1.76975e-35 2.91235e-35 1.76975e-35 2.88284e-35 1.74591e-35 
6734.15 3.39055e-35 2.09828e-35 3.39055e-35 2.09828e-35 3.35945e-35 2.07268e-35 
8111.31 3.93346e-35 2.48134e-35 3.93346e-35 2.48134e-35 3.90073e-35 2.4539e-35 
9770.1 4.54693e-35 2.92621e-35 4.54693e-35 2.92621e-35 4.51243e-35 2.89684e-35 
11768.1 5.23675e-35 3.44068e-35 5.23675e-35 3.44068e-35 5.20043e-35 3.40926e-35 
14174.7 6.00894e-35 4.03306e-35 6.00894e-35 4.03306e-35 5.97071e-35 3.99949e-35 
17073.5 6.86967e-35 4.71214e-35 6.86967e-35 4.71214e-35 6.82942e-35 4.67633e-35 
20565.1 7.8253e-35 5.48721e-35 7.8253e-35 5.48721e-35 7.78293e-35 5.44904e-35 
24770.8 8.88255e-35 6.36795e-35 8.88255e-35 6.36795e-35 8.83793e-35 6.32732e-35 
29836.5 1.00485e-34 7.36449e-35 1.00485e-34 7.36449e-35 1.00015e-34 7.32127e-35 
35938.1 1.13308e-34 8.48734e-35 1.13308e-34 8.48734e-35 1.12813e-34 8.44141e-35 
43287.6 1.27376e-34 9.74745e-35 1.27376e-34 9.74745e-35 1.26856e-34 9.6987e-35 
52140.1 1.42781e-34 1.11562e-34 1.42781e-34 1.11562e-34 1.42233e-34 1.11045e-34 
62802.9 1.59621e-34 1.27253e-34 1.59621e-34 1.27253e-34 1.59044e-34 1.26705e-34 
75646.3 1.78004e-34 1.44673e-34 1.78004e-34 1.44673e-34 1.77396e-34 1.44092e-34 
91116.3 1.98048e-34 1.63949e-34 1.98048e-34 1.63949e-34 1.97409e-34 1.63335e-34 
109750 2.19885e-34 1.85219e-34 2.19885e-34 1.85219e-34 2.19212e-34 1.84568e-34 
132194 2.43655e-34 2.08623e-34 2.43655e-34 2.08623e-34 2.42947e-34 2.07936e-34 
159228 2.69514e-34 2.34315e-34 2.69514e-34 2.34315e-34 2.68768e-34 2.33588e-34 
191791 2.97628e-34 2.62454e-34 2.97628e-34 2.62454e-34 2.96843e-34 2.61687e-34 
231013 3.28178e-34 2.93211e-34 3.28178e-34 2.93211e-34 3.27352e-34 2.92401e-34 
278256 3.61359e-34 3.26769e-34 3.61359e-34 3.26769e-34 3.60489e-34 3.25914e-34 
335160 3.97379e-34 3.63322e-34 3.97379e-34 3.63322e-34 3.96463e-34 3.62419e-34 
403702 4.36461e-34 4.03075e-34 4.36461e-34 4.03075e-34 4.35498e-34 4.02124e-34 
486260 4.78843e-34 4.46251e-34 4.78843e-34 4.46251e-34 4.77831e-34 4.45251e-34 
585702 5.24782e-34 4.9309e-34 5.24782e-34 4.9309e-34 5.23716e-34 4.92035e-34 
705480 5.74544e-34 5.43841e-34 5.74544e-34 5.43841e-34 5.73423e-34 5.42731e-34 
849753 6.28416e-34 5.98777e-34 6.28416e-34 5.98777e-34 6.27239e-34 5.97609e-34 
1.02353e+06 6.86702e-34 6.58183e-34 6.86702e-34 6.58183e-34 6.85466e-34 6.56956e-34 
1.23285e+06 7.49726e-34 7.2237e-34 7.49726e-34 7.2237e-34 7.48428e-34 7.21079e-34 
1.48497e+06 8.17826e-34 7.91662e-34 8.17826e-34 7.91662e-34 8.16463e-34 7.90305e-34 
1.78865e+06 8.91363e-34 8.66408e-34 8.91363e-34 8.66408e-34 8.89931e-34 8.64982e-34 
2.15443e+06 9.70716e-34 9.46975e-34 9.70716e-34 9.46975e-34 9.69214e-34 9.45478e-34 
2.59502e+06 1.05629e-33 1.03376e-33 1.05629e-33 1.03376e-33 1.05471e-33 1.03219e-33 
3.12572e+06 1.1485e-33 1.12717e-33 1.1485e-33 1.12717e-33 1.14685e-33 1.12552e-33 
3.76494e+06 1.2478e-33 1.22765e-33 1.2478e-33 1.22765e-33 1.24607e-33 1.22591e-33 
4.53488e+06 1.35466e-33 1.33566e-33 1.35466e-33 1.33566e-33 1.35284e-33 1.33384e-33 
5.46228e+06 1.46958e-33 1.4517e-33 1.46958e-33 1.4517e-33 1.46767e-33 1.44979e-33 
6.57933e+06 1.59308e-33 1.57628e-33 1.59308e-33 1.57628e-33 1.59108e-33 1.57428e-33 
7.92483e+06 1.72571e-33 1.70996e-33 1.72571e-33 1.70996e-33 1.72362e-33 1.70786e-33 
9.54548e+06 1.86806e-33 1.85331e-33 1.86806e-33 1.85331e-33 1.86586e-33 1.85111e-33 
1.14976e+07 2.02074e-33 2.00695e-33 2.02074e-33 2.00695e-33 2.01843e-33 2.00464e-33 
1.38489e+07 2.18439e-33 2.17151e-33 2.18439e-33 2.17151e-33 2.18196e-33 2.16909e-33 
1.6681e+07 2.35969e-33 2.34768e-33 2.35969e-33 2.34768e-33 2.35715e-33 2.34514e-33 
2.00923e+07 2.54736e-33 2.53618e-33 2.54736e-33 2.53618e-33 2.54469e-33 2.53351e-33 
2.42013e+07 2.74815e-33 2.73775e-33 2.74815e-33 2.73775e-33 2.74535e-33 2.73496e-33 
2.91505e+07 2.96286e-33 2.9532e-33 2.96286e-33 2.9532e-33 2.95992e-33 2.95026e-33 
3.51119e+07 3.19232e-33 3.18335e-33 3.19232e-33 3.18335e-33 3.18923e-33 3.18027e-33 
4.22924e+07 3.4374e-33 3.42909e-33 3.4374e-33 3.42909e-33 3.43416e-33 3.42585e-33 
5.09414e+07 3.69903e-33 3.69133e-33 3.69903e-33 3.69133e-33 3.69563e-33 3.68793e-33 
6.13591e+07 3.97819e-33 3.97106e-33 3.97819e-33 3.97106e-33 3.97461e-33 3.96749e-33 
7.39072e+07 4.2759e-33 4.2693e-33 4.2759e-33 4.2693e-33 4.27214e-33 4.26555e-33 
8.90215e+07 4.59322e-33 4.58713e-33 4.59322e-33 4.58713e-33 4.58927e-33 4.58318e-33 
1.07227e+08 4.93128e-33 4.92566e-33 4.93128e-33 4.92566e-33 4.92715e-33 4.92152e-33 
1.29155e+08 5.29135e-33 5.28616e-33 5.29135e-33 5.28616e-33 5.28697e-33 5.28178e-33 
1.55568e+08 5.67458e-33 5.66979e-33 5.67458e-33 5.66979e-33 5.66998e-33 5.66519e-33 
1.87382e+08 6.08235e-33 6.07793e-33 6.08235e-33 6.07793e-33 6.07749e-33 6.07307e-33 
2.25702e+08 6.51603e-33 6.51196e-33 6.51603e-33 6.51196e-33 6.51091e-33 6.50684e-33 
2.71859e+08 6.97706e-33 6.97331e-33 6.97706e-33 6.97331e-33 6.97168e-33 6.96793e-33 
3.27455e+08 7.46708e-33 7.46363e-33 7.46708e-33 7.46363e-33 7.46135e-33 7.4579e-33 
3.94421e+08 7.98754e-33 7.98435e-33 7.98754e-33 7.98435e-33 7.98154e-33 7.97836e-33 
4.75081e+08 8.54029e-33 8.53736e-33 8.54029e-33 8.53736e-33 8.53395e-33 8.53103e-33 
5.72237e+08 9.1271e-33 9.12439e-33 9.1271e-33 9.12439e-33 9.1204e-33 9.1177e-33 
6.89261e+08 9.74984e-33 9.74734e-33 9.74984e-33 9.74734e-33 9.74277e-33 9.74029e-33 
8.30218e+08 1.04106e-32 1.04082e-32 1.04106e-32 1.04082e-32 1.04031e-32 1.04008e-32 
1e+09 1.11113e-32 1.11092e-32 1.11113e-32 1.11092e-32 1.11034e-32 1.11013e-32 
