10 1.00096e-37 2.21546e-38 1.00096e-37 2.21546e-38 2.26332e-38 4.36566e-39 
11.2202 1.11644e-37 2.50241e-38 1.11644e-37 2.50241e-38 2.90046e-38 5.63e-39 
12.5893 1.24533e-37 2.82571e-38 1.24533e-37 2.82571e-38 3.65948e-38 7.14535e-39 
14.1254 1.3892e-37 3.18995e-38 1.3892e-37 3.18995e-38 4.55779e-38 8.95702e-39 
15.8489 1.54981e-37 3.60027e-38 1.54981e-37 3.60027e-38 5.6142e-38 1.11148e-38 
17.7828 1.72912e-37 4.06249e-38 1.72912e-37 4.06249e-38 6.84924e-38 1.36737e-38 
19.9526 1.92932e-37 4.58319e-38 1.92932e-37 4.58319e-38 8.28562e-38 1.6696e-38 
22.3872 2.15288e-37 5.16971e-38 2.15288e-37 5.16971e-38 9.94851e-38 2.02516e-38 
25.1189 2.40254e-37 5.83042e-38 2.40254e-37 5.83042e-38 1.18658e-37 2.44202e-38 
28.1838 2.68138e-37 6.57475e-38 2.68138e-37 6.57475e-38 1.40685e-37 2.92915e-38 
31.6228 2.99282e-37 7.4133e-38 2.99282e-37 7.4133e-38 1.65912e-37 3.49676e-38 
35.4813 3.34071e-37 8.35802e-38 3.34071e-37 8.35802e-38 1.94722e-37 4.15637e-38 
39.8107 3.72933e-37 9.42239e-38 3.72933e-37 9.42239e-38 2.27547e-37 4.92101e-38 
44.6684 4.16348e-37 1.06216e-37 4.16348e-37 1.06216e-37 2.64862e-37 5.80546e-38 
50.1187 4.64847e-37 1.19728e-37 4.64847e-37 1.19728e-37 3.072e-37 6.82631e-38 
56.2341 5.1903e-37 1.34952e-37 5.1903e-37 1.34952e-37 3.55156e-37 8.00244e-38 
63.0957 5.79563e-37 1.52105e-37 5.79563e-37 1.52105e-37 4.09396e-37 9.35502e-38 
70.7946 6.4719e-37 1.71432e-37 6.4719e-37 1.71432e-37 4.70652e-37 1.0908e-37 
79.4328 7.22741e-37 1.9321e-37 7.22741e-37 1.9321e-37 5.39755e-37 1.26882e-37 
89.1251 8.07142e-37 2.17747e-37 8.07142e-37 2.17747e-37 6.17623e-37 1.47261e-37 
100 9.01423e-37 2.45394e-37 9.01423e-37 2.45394e-37 7.0528e-37 1.70558e-37 
112.202 1.00674e-36 2.76543e-37 1.00674e-36 2.76543e-37 8.03866e-37 1.97157e-37 
125.893 1.12437e-36 3.11638e-37 1.12437e-36 3.11638e-37 9.14659e-37 2.27493e-37 
141.254 1.25573e-36 3.51173e-37 1.25573e-36 3.51173e-37 1.03907e-36 2.62051e-37 
158.489 1.40242e-36 3.95708e-37 1.40242e-36 3.95708e-37 1.17867e-36 3.01382e-37 
177.828 1.56621e-36 4.45878e-37 1.56621e-36 4.45878e-37 1.33522e-36 3.46101e-37 
199.526 1.74904e-36 5.02381e-37 1.74904e-36 5.02381e-37 1.51066e-36 3.96904e-37 
223.872 1.95308e-36 5.66013e-37 1.95308e-36 5.66013e-37 1.70716e-36 4.54572e-37 
251.189 2.18075e-36 6.37666e-37 2.18075e-36 6.37666e-37 1.9271e-36 5.19983e-37 
281.838 2.43473e-36 7.18337e-37 2.43473e-36 7.18337e-37 2.17314e-36 5.9412e-37 
316.228 2.71793e-36 8.09149e-37 2.71793e-36 8.09149e-37 2.44822e-36 6.78092e-37 
354.813 3.03364e-36 9.11358e-37 3.03364e-36 9.11358e-37 2.75557e-36 7.73139e-37 
398.107 3.38544e-36 1.02637e-36 3.38544e-36 1.02637e-36 3.09877e-36 8.80652e-37 
446.684 3.77726e-36 1.15575e-36 3.77726e-36 1.15575e-36 3.48175e-36 1.00219e-36 
501.187 4.21347e-36 1.30128e-36 4.21347e-36 1.30128e-36 3.90884e-36 1.1395e-36 
562.341 4.69877e-36 1.4649e-36 4.69877e-36 1.4649e-36 4.38477e-36 1.29452e-36 
630.957 5.2384e-36 1.64881e-36 5.2384e-36 1.64881e-36 4.91472e-36 1.46944e-36 
707.946 5.83802e-36 1.85547e-36 5.83802e-36 1.85547e-36 5.50434e-36 1.66668e-36 
794.328 6.50376e-36 2.08758e-36 6.50376e-36 2.08758e-36 6.15979e-36 1.88894e-36 
891.251 7.24232e-36 2.34817e-36 7.24232e-36 2.34817e-36 6.88769e-36 2.13924e-36 
1000 8.06089e-36 2.6406e-36 8.06089e-36 2.6406e-36 7.69529e-36 2.42093e-36 
1122.02 8.96733e-36 2.96861e-36 8.96733e-36 2.96861e-36 8.59038e-36 2.7377e-36 
1258.93 9.96987e-36 3.33632e-36 9.96987e-36 3.33632e-36 9.58122e-36 3.09367e-36 
1412.54 1.10775e-35 3.74828e-36 1.10775e-35 3.74828e-36 1.06767e-35 3.49339e-36 
1584.89 1.22996e-35 4.20952e-36 1.22996e-35 4.20952e-36 1.18864e-35 3.94186e-36 
1778.28 1.36463e-35 4.7256e-36 1.36463e-35 4.7256e-36 1.32202e-35 4.44462e-36 
1995.26 1.51282e-35 5.3026e-36 1.51282e-35 5.3026e-36 1.46887e-35 5.00772e-36 
2238.72 1.67563e-35 5.94717e-36 1.67563e-35 5.94717e-36 1.63031e-35 5.63783e-36 
2511.89 1.85421e-35 6.66662e-36 1.85421e-35 6.66662e-36 1.80747e-35 6.34223e-36 
2818.38 2.04977e-35 7.46893e-36 2.04977e-35 7.46893e-36 2.00156e-35 7.12887e-36 
3162.28 2.26354e-35 8.36275e-36 2.26354e-35 8.36275e-36 2.21382e-35 8.0064e-36 
3548.13 2.49679e-35 9.3575e-36 2.49679e-35 9.3575e-36 2.4455e-35 8.98421e-36 
3981.07 2.7508e-35 1.04633e-35 2.7508e-35 1.04633e-35 2.6979e-35 1.00725e-35 
4466.84 3.02688e-35 1.16913e-35 3.02688e-35 1.16913e-35 2.97232e-35 1.12822e-35 
5011.87 3.32635e-35 1.30531e-35 3.32635e-35 1.30531e-35 3.27007e-35 1.26251e-35 
5623.41 3.65054e-35 1.45616e-35 3.65054e-35 1.45616e-35 3.59249e-35 1.41139e-35 
6309.57 4.00076e-35 1.62303e-35 4.00076e-35 1.62303e-35 3.94087e-35 1.57622e-35 
7079.46 4.37831e-35 1.80736e-35 4.37831e-35 1.80736e-35 4.31654e-35 1.75844e-35 
7943.28 4.78451e-35 2.01069e-35 4.78451e-35 2.01069e-35 4.72079e-35 1.95959e-35 
8912.51 5.22064e-35 2.23466e-35 5.22064e-35 2.23466e-35 5.15491e-35 2.1813e-35 
10000 5.68798e-35 2.48098e-35 5.68798e-35 2.48098e-35 5.62016e-35 2.42528e-35 
11220.2 6.1878e-35 2.75146e-35 6.1878e-35 2.75146e-35 6.11782e-35 2.69334e-35 
12589.3 6.72134e-35 3.04802e-35 6.72134e-35 3.04802e-35 6.64913e-35 2.9874e-35 
14125.4 7.28986e-35 3.37264e-35 7.28986e-35 3.37264e-35 7.21537e-35 3.30944e-35 
15848.9 7.8946e-35 3.72741e-35 7.8946e-35 3.72741e-35 7.81773e-35 3.66154e-35 
17782.8 8.53687e-35 4.11449e-35 8.53687e-35 4.11449e-35 8.45753e-35 4.04586e-35 
19952.6 9.21793e-35 4.53615e-35 9.21793e-35 4.53615e-35 9.13606e-35 4.46467e-35 
22387.2 9.93912e-35 4.99476e-35 9.93912e-35 4.99476e-35 9.85467e-35 4.9203e-35 
25118.9 1.07019e-34 5.49261e-35 1.07019e-34 5.49261e-35 1.06147e-34 5.41516e-35 
28183.8 1.15076e-34 6.03234e-35 1.15076e-34 6.03234e-35 1.14176e-34 5.95176e-35 
31622.8 1.23578e-34 6.61648e-35 1.23578e-34 6.61648e-35 1.22649e-34 6.53268e-35 
35481.3 1.32541e-34 7.24769e-35 1.32541e-34 7.24769e-35 1.31582e-34 7.16057e-35 
39810.7 1.41983e-34 7.92872e-35 1.41983e-34 7.92872e-35 1.40992e-34 7.83817e-35 
44668.4 1.51921e-34 8.66237e-35 1.51921e-34 8.66237e-35 1.50898e-34 8.5683e-35 
50118.7 1.62375e-34 9.45155e-35 1.62375e-34 9.45155e-35 1.61319e-34 9.35383e-35 
56234.1 1.73366e-34 1.02993e-34 1.73366e-34 1.02993e-34 1.72276e-34 1.01978e-34 
63095.7 1.84918e-34 1.12085e-34 1.84918e-34 1.12085e-34 1.83791e-34 1.11032e-34 
70794.6 1.97054e-34 1.21825e-34 1.97054e-34 1.21825e-34 1.9589e-34 1.20732e-34 
79432.8 2.09799e-34 1.32245e-34 2.09799e-34 1.32245e-34 2.08598e-34 1.31111e-34 
89125.1 2.23183e-34 1.43378e-34 2.23183e-34 1.43378e-34 2.21941e-34 1.42201e-34 
100000 2.37233e-34 1.55258e-34 2.37233e-34 1.55258e-34 2.35951e-34 1.54038e-34 
112202 2.51982e-34 1.67921e-34 2.51982e-34 1.67921e-34 2.50657e-34 1.66657e-34 
125893 2.67462e-34 1.81404e-34 2.67462e-34 1.81404e-34 2.66094e-34 1.80093e-34 
141254 2.83709e-34 1.95745e-34 2.83709e-34 1.95745e-34 2.82296e-34 1.94386e-34 
158489 3.00761e-34 2.10981e-34 3.00761e-34 2.10981e-34 2.99302e-34 2.09574e-34 
177828 3.18657e-34 2.27155e-34 3.18657e-34 2.27155e-34 3.1715e-34 2.25697e-34 
199526 3.37437e-34 2.44307e-34 3.37437e-34 2.44307e-34 3.3588e-34 2.42797e-34 
223872 3.57147e-34 2.62481e-34 3.57147e-34 2.62481e-34 3.55539e-34 2.60918e-34 
251189 3.77831e-34 2.81722e-34 3.77831e-34 2.81722e-34 3.76171e-34 2.80104e-34 
281838 3.99539e-34 3.02077e-34 3.99539e-34 3.02077e-34 3.97823e-34 3.00402e-34 
316228 4.22318e-34 3.23592e-34 4.22318e-34 3.23592e-34 4.20546e-34 3.2186e-34 
354813 4.46222e-34 3.4632e-34 4.46222e-34 3.4632e-34 4.44393e-34 3.44527e-34 
398107 4.71306e-34 3.70311e-34 4.71306e-34 3.70311e-34 4.69417e-34 3.68458e-34 
446684 4.97627e-34 3.95621e-34 4.97627e-34 3.95621e-34 4.95676e-34 3.93704e-34 
501187 5.25244e-34 4.22305e-34 5.25244e-34 4.22305e-34 5.23229e-34 4.20323e-34 
562341 5.54218e-34 4.50421e-34 5.54218e-34 4.50421e-34 5.52138e-34 4.48372e-34 
630957 5.84613e-34 4.80031e-34 5.84613e-34 4.80031e-34 5.82466e-34 4.77913e-34 
707946 6.16497e-34 5.11197e-34 6.16497e-34 5.11197e-34 6.1428e-34 5.09008e-34 
794328 6.49938e-34 5.43984e-34 6.49938e-34 5.43984e-34 6.47648e-34 5.41723e-34 
891251 6.85007e-34 5.78461e-34 6.85007e-34 5.78461e-34 6.82645e-34 5.76125e-34 
1e+06 7.21779e-34 6.14699e-34 7.21779e-34 6.14699e-34 7.19342e-34 6.12286e-34 
