0.999999999999999 8.4227986567383e-39 3.02648250817379e-39 8.4227986567383e-39 3.02648250817379e-39 0 0 
1.0423174293933 8.74971984895689e-39 3.1656690935925e-39 8.74971984895689e-39 3.1656690935925e-39 0 0 
1.08642562361706 9.08945365971908e-39 3.31021283469045e-39 9.08945365971908e-39 3.31021283469045e-39 0 0 
1.13240036323555 9.4426037115712e-39 3.46028866155411e-39 9.4426037115712e-39 3.46028866155411e-39 0 0 
1.18032063565172 9.80974917531302e-39 3.61621292571918e-39 9.80974917531302e-39 3.61621292571918e-39 0 0 
1.23026877081237 1.01914755976151e-38 3.77822658669533e-39 1.01914755976151e-38 3.77822658669533e-39 0 0 
1.28233058265601 1.05884151595262e-38 3.94665743388504e-39 1.05884151595262e-38 3.94665743388504e-39 0 0 
1.33659551654643 1.10012604915604e-38 4.12174592426814e-39 1.10012604915604e-38 4.12174592426814e-39 0 0 
1.39315680294528 1.14307558330815e-38 4.30389809257803e-39 1.14307558330815e-38 4.30389809257803e-39 0 0 
1.45211161758772 1.18777025321592e-38 4.49351332614685e-39 1.18777025321592e-38 4.49351332614685e-39 0 0 
1.51356124843618 1.23430189697154e-38 4.69096324552106e-39 1.23430189697154e-38 4.69096324552106e-39 0 0 
1.57761126969932 1.28274736191097e-38 4.89665106827206e-39 1.28274736191097e-38 4.89665106827206e-39 0 0 
1.6443717232149 1.33318519349112e-38 5.11103016351995e-39 1.33318519349112e-38 5.11103016351995e-39 0 0 
1.71395730750839 1.38569872750549e-38 5.33455828292258e-39 1.38569872750549e-38 5.33455828292258e-39 0 0 
1.78648757485201 1.44037083172048e-38 5.56759859085233e-39 1.44037083172048e-38 5.56759859085233e-39 0 0 
1.86208713666282 1.49728981011485e-38 5.81065590353709e-39 1.49728981011485e-38 5.81065590353709e-39 0 0 
1.94088587759273 1.55655532645761e-38 6.06426810035785e-39 1.55655532645761e-38 6.06426810035785e-39 0 0 
2.02301917867822 1.61825617768462e-38 6.32882269888556e-39 1.61825617768462e-38 6.32882269888556e-39 0 0 
2.10862814993323 1.68250994501814e-38 6.60486399364831e-39 1.68250994501814e-38 6.60486399364831e-39 0 0 
2.19785987278476 1.74941072514474e-38 6.89300588480243e-39 1.74941072514474e-38 6.89300588480243e-39 0 0 
2.2908676527677 1.81907806332698e-38 7.19368327257316e-39 1.81907806332698e-38 7.19368327257316e-39 0 0 
2.3878112829131 1.8916187088469e-38 7.50743508304279e-39 1.8916187088469e-38 7.50743508304279e-39 0 0 
2.4888573182823 1.96716884478718e-38 7.83489043227796e-39 1.96716884478718e-38 7.83489043227796e-39 0 0 
2.59417936211872 2.04579920169322e-38 8.1765798749548e-39 2.04579920169322e-38 8.1765798749548e-39 0 0 
2.70395836410874 2.12768298435579e-38 8.53304842794894e-39 2.12768298435579e-38 8.53304842794894e-39 0 0 
2.81838293126434 2.21294567211703e-38 8.90496965544234e-39 2.21294567211703e-38 8.90496965544234e-39 0 0 
2.93764965196141 2.30168449535939e-38 9.29298925869479e-39 2.30168449535939e-38 9.29298925869479e-39 0 0 
3.06196343369054 2.39407480032168e-38 9.69779768939953e-39 2.39407480032168e-38 9.69779768939953e-39 0 0 
3.19153785510062 2.49026284301157e-38 1.01200759561347e-38 2.49026284301157e-38 1.01200759561347e-38 0 0 
3.32659553293989 2.59040297112179e-38 1.0560647163912e-38 2.59040297112179e-38 1.0560647163912e-38 0 0 
3.46736850452515 2.69464480216588e-38 1.10202208264074e-38 2.69464480216588e-38 1.10202208264074e-38 0 0 
3.61409862639595 2.80315577021541e-38 1.14996256089741e-38 2.80315577021541e-38 1.14996256089741e-38 1.46122456003298e-42 1.02095858557693e-42 
3.76703798983889 2.91612221131434e-38 1.19996763285584e-38 2.91612221131434e-38 1.19996763285584e-38 1.62206924537351e-41 1.1432610475219e-41 
3.92644935399579 3.03369511412846e-38 1.25211550974402e-38 3.03369511412846e-38 1.25211550974402e-38 6.46305544384112e-41 4.57365103228551e-41 
4.09260659729988 3.15608063369831e-38 1.30650268604978e-38 3.15608063369831e-38 1.30650268604978e-38 1.68353199867549e-40 1.19377287976633e-40 
4.26579518801569 3.28345287939846e-38 1.36321612729627e-38 3.28345287939846e-38 1.36321612729627e-38 3.47246920070593e-40 2.46573070921603e-40 
4.44631267469083 3.41602113614236e-38 1.42234638223519e-38 3.41602113614236e-38 1.42234638223519e-38 6.17623082422538e-40 4.38959256872388e-40 
4.6344691973626 3.55399126041491e-38 1.48399307490671e-38 3.55399126041491e-38 1.48399307490671e-38 9.91697734648896e-40 7.05133896956425e-40 
4.83058802039743 3.6975756261931e-38 1.54827187147458e-38 3.6975756261931e-38 1.54827187147458e-38 1.47768241951959e-39 1.05065270862439e-39 
5.03500608787873 3.84701094149814e-38 1.61528623217382e-38 3.84701094149814e-38 1.61528623217382e-38 2.08048834915692e-39 1.47851659165928e-39 
5.24807460249739 4.00253611922801e-38 1.68515388029907e-38 4.00253611922801e-38 1.68515388029907e-38 2.80231046667489e-39 1.98954235489072e-39 
5.47015962893936 4.16439183964853e-38 1.75799495950915e-38 4.16439183964853e-38 1.75799495950915e-38 3.64351374106594e-39 2.58306552124854e-39 
5.70164272280709 4.33282648461664e-38 1.83393078161504e-38 4.33282648461664e-38 1.83393078161504e-38 4.60358075059956e-39 3.25767214359172e-39 
5.94292158615532 4.50811070224887e-38 1.91308628515182e-38 4.50811070224887e-38 1.91308628515182e-38 5.68132507393518e-39 4.01131681322885e-39 
6.19441075076738 4.69052261863609e-38 1.99560506234685e-38 4.69052261863609e-38 1.99560506234685e-38 6.87562815500547e-39 4.84203225746716e-39 
6.45654229034609 4.88034584570497e-38 2.08162234190476e-38 4.88034584570497e-38 2.08162234190476e-38 8.1856664366574e-39 5.74811498610194e-39 
6.72976656284268 5.07788303132502e-38 2.17125565545139e-38 5.07788303132502e-38 2.17125565545139e-38 9.59786629161495e-39 6.71430659317919e-39 
7.01455298419918 5.28344171492639e-38 2.26471071637053e-38 5.28344171492639e-38 2.26471071637053e-38 1.10812462860084e-38 7.70953491650199e-39 
7.31139083483361 5.49734115546679e-38 2.36209586505473e-38 5.49734115546679e-38 2.36209586505473e-38 1.2620409184159e-38 8.71699790193416e-39 
7.62079010025352 5.71995413870147e-38 2.46360472251622e-38 5.71995413870147e-38 2.46360472251622e-38 1.42131182764686e-38 9.73233590847249e-39 
7.94328234724218 5.95159939978512e-38 2.56941834245914e-38 5.95159939978512e-38 2.56941834245914e-38 1.58634554315722e-38 1.07583660693483e-38 
8.27942163712266 6.19266668636015e-38 2.67970474910157e-38 6.19266668636015e-38 2.67970474910157e-38 1.75787182203653e-38 1.17995190891863e-38 
8.62978547766898 6.44354267640024e-38 2.79467595014126e-38 6.44354267640024e-38 2.79467595014126e-38 1.9366577720472e-38 1.28612481000448e-38 
8.99497581529958 6.70463827330446e-38 2.91452912765374e-38 6.70463827330446e-38 2.91452912765374e-38 2.1234675803353e-38 1.39486141787012e-38 
9.37562006925799 6.97636731132163e-38 3.03946320783646e-38 6.97636731132163e-38 3.03946320783646e-38 2.31899693097385e-38 1.50661205723156e-38 
9.77237220955724 7.25915957219896e-38 3.16969690568122e-38 7.25915957219896e-38 3.16969690568122e-38 2.52390536984243e-38 1.62177036151167e-38 
10.1859138805403 7.55347705600733e-38 3.3054721157355e-38 7.55347705600733e-38 3.3054721157355e-38 2.73887070990522e-38 1.74075138703543e-38 
10.6169555719863 7.85979535348317e-38 3.44700688890979e-38 7.85979535348317e-38 3.44700688890979e-38 2.96451067623779e-38 1.86387912947634e-38 
11.0662378397756 8.17856663925059e-38 3.594544569642e-38 8.17856663925059e-38 3.594544569642e-38 3.20143923057637e-38 1.99150206483599e-38 
11.5345325782098 8.51039369334896e-38 3.74833094113441e-38 8.51039369334896e-38 3.74833094113441e-38 3.4503537824122e-38 2.12401468325254e-38 
12.022644346173 8.85560505860056e-38 3.90865591697711e-38 8.85560505860056e-38 3.90865591697711e-38 3.71189989308939e-38 2.26176078311676e-38 
12.5314117494129 9.21497390344508e-38 4.07579397605491e-38 9.21497390344508e-38 4.07579397605491e-38 3.9866869311403e-38 2.40505911791838e-38 
13.0617088813171 9.58897951197987e-38 4.25001785487108e-38 9.58897951197987e-38 4.25001785487108e-38 4.27536696860282e-38 2.55417518329295e-38 
13.6144468246581 9.97827485723788e-38 4.43163871606143e-38 9.97827485723788e-38 4.43163871606143e-38 4.57868451709259e-38 2.70968046111778e-38 
14.1905752168895 1.03834186436421e-37 4.62098054651328e-38 1.03834186436421e-37 4.62098054651328e-38 4.89727479729623e-38 2.8717811623016e-38 
14.7910838816805 1.08051066569248e-37 4.81835454222638e-38 1.08051066569248e-37 4.81835454222638e-38 5.2319274829909e-38 3.04083619480147e-38 
15.417004529494 1.12440190028404e-37 5.02411099808561e-38 1.12440190028404e-37 5.02411099808561e-38 5.58323843651966e-38 3.21721269402246e-38 
16.069412530127 1.17008571054435e-37 5.23860268037722e-38 1.17008571054435e-37 5.23860268037722e-38 5.95198795510587e-38 3.40123833046378e-38 
16.7494287602625 1.2176301791562e-37 5.46221556486667e-38 1.2176301791562e-37 5.46221556486667e-38 6.33907950147221e-38 3.59345580254616e-38 
17.4582215292031 1.26712048195966e-37 5.69532679235956e-38 1.26712048195966e-37 5.69532679235956e-38 6.74505862148648e-38 3.79416255744104e-38 
18.1970085860978 1.31862821658732e-37 5.93831801568529e-38 1.31862821658732e-37 5.93831801568529e-38 7.17095980296693e-38 4.00377435240117e-38 
18.9670592121093 1.3722474706304e-37 6.19164415154899e-38 1.3722474706304e-37 6.19164415154899e-38 7.61748317955694e-38 4.22266414457296e-38 
19.7696964011163 1.42805756330333e-37 6.45575780649191e-38 1.42805756330333e-37 6.45575780649191e-38 8.08556235503099e-38 4.45130280218489e-38 
20.6062991326976 1.48614877219957e-37 6.73108552304861e-38 1.48614877219957e-37 6.73108552304861e-38 8.57610853948632e-38 4.6901728593519e-38 
21.4783047413028 1.54661673476642e-37 7.01811663782559e-38 1.54661673476642e-37 7.01811663782559e-38 9.09014564766132e-38 4.93979954764812e-38 
22.3872113856807 1.60955812956452e-37 7.31736524148104e-38 1.60955812956452e-37 7.31736524148104e-38 9.62861182290695e-38 5.20065022251366e-38 
23.3345806228072 1.67507742155196e-37 7.62934947992844e-38 1.67507742155196e-37 7.62934947992844e-38 1.01924693888435e-37 5.4731893605654e-38 
24.3220400907351 1.74328092324408e-37 7.95460595520407e-38 1.74328092324408e-37 7.95460595520407e-38 1.0782857848199e-37 5.75800582371434e-38 
25.3512863049759 1.8142784557305e-37 8.2936979331713e-38 1.8142784557305e-37 8.2936979331713e-38 1.14007976880345e-37 6.05562581091464e-38 
26.4240875732161 1.88818073716927e-37 8.64724709623479e-38 1.88818073716927e-37 8.64724709623479e-38 1.20475555534387e-37 6.36668727054216e-38 
27.5422870333781 1.96511760969688e-37 9.01584395827996e-38 1.96511760969688e-37 9.01584395827996e-38 1.2724274634857e-37 6.69178267647517e-38 
28.7078058202432 2.04520774465721e-37 9.4001595806832e-38 2.04520774465721e-37 9.4001595806832e-38 1.34322403091357e-37 7.03160420592738e-38 
29.922646366078 2.12858001018275e-37 9.80084859992073e-38 2.12858001018275e-37 9.80084859992073e-38 1.41727451505248e-37 7.38680558978865e-38 
31.1888958409352 2.21537146434517e-37 1.02186095251041e-37 2.21537146434517e-37 1.02186095251041e-37 1.49470929221865e-37 7.75793532838922e-38 
32.5087297385391 2.30572975667402e-37 1.06541887663734e-37 2.30572975667402e-37 1.06541887663734e-37 1.57567286763026e-37 8.14602401004508e-38 
33.8844156139156 2.39979016700078e-37 1.11083402819077e-37 2.39979016700078e-37 1.11083402819077e-37 1.66030811443943e-37 8.55153773606827e-38 
35.3183169791908 2.49771500920332e-37 1.15818617741151e-37 2.49771500920332e-37 1.15818617741151e-37 1.74877320279118e-37 8.97537734401977e-38 
36.812897364248 2.59965906801272e-37 1.20756001077532e-37 2.59965906801272e-37 1.20756001077532e-37 1.84122361913292e-37 9.41841270893371e-38 
38.3707245492225 2.7057856244994e-37 1.25903985057708e-37 2.7057856244994e-37 1.25903985057708e-37 1.93782727323017e-37 9.88148490730074e-38 
39.994474976104 2.81627582242582e-37 1.31271710959271e-37 2.81627582242582e-37 1.31271710959271e-37 2.03876347024867e-37 1.03655591766103e-37 
41.6869383470275 2.93130024883793e-37 1.36868899937861e-37 2.93130024883793e-37 1.36868899937861e-37 2.14420269684556e-37 1.08714879588515e-37 
43.4510224171508 3.05105143345161e-37 1.42705314972768e-37 3.05105143345161e-37 1.42705314972768e-37 2.25431926732912e-37 1.14002543867351e-37 
45.2897579903554 3.17572133023698e-37 1.48790292629913e-37 3.17572133023698e-37 1.48790292629913e-37 2.36933109582235e-37 1.19529375709902e-37 
47.206304126352 3.3055166763437e-37 1.55135700118042e-37 3.3055166763437e-37 1.55135700118042e-37 2.48941983082921e-37 1.2530497189186e-37 
49.2039535681377 3.44064637233815e-37 1.61752155625148e-37 3.44064637233815e-37 1.61752155625148e-37 2.61481790510141e-37 1.31341511948866e-37 
51.2861383991287 3.58132289716914e-37 1.68651631791993e-37 3.58132289716914e-37 1.68651631791993e-37 2.74573717805382e-37 1.37652163442096e-37 
53.4564359396889 3.72778525222152e-37 1.75845973635751e-37 3.72778525222152e-37 1.75845973635751e-37 2.88239787862922e-37 1.44247020499009e-37 
55.7185748931843 3.88026639963916e-37 1.83347752777205e-37 3.88026639963916e-37 1.83347752777205e-37 3.02505974885824e-37 1.51139855764734e-37 
58.0764417521221 4.0390137322955e-37 1.91170231025978e-37 4.0390137322955e-37 1.91170231025978e-37 3.17394052071027e-37 1.58342279095435e-37 
60.5340874753818 4.20428765017025e-37 1.99327443416192e-37 4.20428765017025e-37 1.99327443416192e-37 3.3293049144933e-37 1.6586916825974e-37 
63.0957344480092 4.37636334359056e-37 2.07834164363784e-37 4.37636334359056e-37 2.07834164363784e-37 3.49142816042697e-37 1.73733346032552e-37 
65.7657837355314 4.55548982313023e-37 2.16703426797711e-37 4.55548982313023e-37 2.16703426797711e-37 3.66055796117735e-37 1.81949982411392e-37 
68.548822645255 4.74200153472133e-37 2.25952897493479e-37 4.74200153472133e-37 2.25952897493479e-37 3.83700848954244e-37 1.90534479456217e-37 
71.4496326075395 4.93617615834021e-37 2.35598226694003e-37 4.93617615834021e-37 2.35598226694003e-37 4.02106635522524e-37 1.99503487307818e-37 
74.4731973905865 5.13832733861645e-37 2.45656080205296e-37 5.13832733861645e-37 2.45656080205296e-37 4.21305407110842e-37 2.0887320240921e-37 
77.6247116628561 5.34878929051803e-37 2.56144699867635e-37 5.34878929051803e-37 2.56144699867635e-37 4.41330989099279e-37 2.18662413058229e-37 
80.9095899178245 5.56789771368181e-37 2.67082117011974e-37 5.56789771368181e-37 2.67082117011974e-37 4.62215503738198e-37 2.28888277018102e-37 
84.3334757764131 5.79601857435561e-37 2.78487584633729e-37 5.79601857435561e-37 2.78487584633729e-37 4.83993705144669e-37 2.39570465433754e-37 
87.9022516830732 6.03350657379679e-37 2.903815889583e-37 6.03350657379679e-37 2.903815889583e-37 5.06704213653998e-37 2.50728897384682e-37 
91.622049012184 6.28074368957634e-37 3.02784458474266e-37 6.28074368957634e-37 3.02784458474266e-37 5.30382823694135e-37 2.62382194406307e-37 
95.4992586021268 6.53814125642328e-37 3.15717530807433e-37 6.53814125642328e-37 3.15717530807433e-37 5.55068828253046e-37 2.74554077246882e-37 
99.540541735135 6.80612273773757e-37 3.29206304905161e-37 6.80612273773757e-37 3.29206304905161e-37 5.8080514682774e-37 2.8726552927197e-37 
103.752841581783 7.08510597737577e-37 3.43271298984625e-37 7.08510597737577e-37 3.43271298984625e-37 6.0763493659863e-37 3.00540344287877e-37 
108.143395129774 7.37553506437348e-37 3.57938391134398e-37 7.37553506437348e-37 3.57938391134398e-37 6.35599928414332e-37 3.14402871097028e-37 
112.71974561753 7.67789029944011e-37 3.73233681003935e-37 7.67789029944011e-37 3.73233681003935e-37 6.64749432493511e-37 3.28879185852914e-37 
117.489755493931 7.99265436015844e-37 3.89183100856733e-37 7.99265436015844e-37 3.89183100856733e-37 6.95130835545253e-37 3.43996963415616e-37 
122.461619926482 8.32031957780447e-37 4.05815333227437e-37 8.32031957780447e-37 4.05815333227437e-37 7.26796758793934e-37 3.59781937021999e-37 
127.64388088111 8.6614502112704e-37 4.23159432170304e-37 8.6614502112704e-37 4.23159432170304e-37 7.59795369974308e-37 3.76263756780399e-37 
133.045441797784 9.01654009321521e-37 4.41245934878485e-37 9.01654009321521e-37 4.41245934878485e-37 7.9418421864521e-37 3.93471633945198e-37 
138.675582887162 9.38620299145285e-37 4.60106395280408e-37 9.38620299145285e-37 4.60106395280408e-37 8.30014235439116e-37 4.11436395553316e-37 
144.543977074565 9.77100194542383e-37 4.79773223704678e-37 9.77100194542383e-37 4.79773223704678e-37 8.67350677713954e-37 4.30191750916882e-37 
150.660706618645 1.01715505490429e-36 5.00283113997458e-37 1.01715505490429e-36 5.00283113997458e-37 9.06249041065401e-37 4.49770372503177e-37 
157.036280433325 1.05885181887166e-36 5.2166693844796e-37 1.05885181887166e-36 5.2166693844796e-37 9.46778774259168e-37 4.70209750184358e-37 
163.681652142749 1.10225363491419e-36 5.43967421290361e-37 1.10225363491419e-36 5.43967421290361e-37 9.88998498383929e-37 4.9154478960542e-37 
170.608238900279 1.1474322729955e-36 5.67221764610694e-37 1.1474322729955e-36 5.67221764610694e-37 1.03298344241757e-36 5.13813872686767e-37 
177.827941003857 1.19445658795133e-36 5.91469364733061e-37 1.19445658795133e-36 5.91469364733061e-37 1.0788000491839e-36 5.37061567777189e-37 
185.353162341444 1.24340187798851e-36 6.1675296478386e-37 1.24340187798851e-36 6.1675296478386e-37 1.12652681814559e-36 5.61326347910957e-37 
193.196831701653 1.29434596909443e-36 6.43116945180438e-37 1.29434596909443e-36 6.43116945180438e-37 1.17623736847948e-36 5.86652411990203e-37 
201.372424986198 1.34736884250957e-36 6.70606695474267e-37 1.34736884250957e-36 6.70606695474267e-37 1.22801444017422e-36 6.1308245408002e-37 
209.893988362309 1.40255378547799e-36 6.99270713814445e-37 1.40255378547799e-36 6.99270713814445e-37 1.28193831618687e-36 6.4067116071149e-37 
218.77616239491 1.45999147521628e-36 7.29158070365476e-37 1.45999147521628e-36 7.29158070365476e-37 1.33809840758333e-36 6.6946598367719e-37 
228.034207199994 1.519763802456e-36 7.60320680256309e-37 1.519763802456e-36 7.60320680256309e-37 1.39657868680372e-36 6.99504354407411e-37 
237.684028662437 1.58196720633313e-36 7.92812518987765e-37 1.58196720633313e-36 7.92812518987765e-37 1.45747738144843e-36 7.30857137355e-37 
247.742205763276 1.64670276988484e-36 8.26690813993786e-37 1.64670276988484e-36 8.26690813993786e-37 1.52089053734203e-36 7.63572834391783e-37 
258.226019063404 1.71407110805947e-36 8.62012519751893e-37 1.71407110805947e-36 8.62012519751893e-37 1.5869144295917e-36 7.97710382226423e-37 
269.153480392633 1.78417169663514e-36 8.98838830589442e-37 1.78417169663514e-36 8.98838830589442e-37 1.65565803729605e-36 8.3333091806051e-37 
280.54336379511 1.85711611272598e-36 9.3723453913371e-37 1.85711611272598e-36 9.3723453913371e-37 1.72722779653671e-36 8.70498141245009e-37 
292.415237784269 1.93301530166467e-36 9.7726358878887e-37 1.93301530166467e-36 9.7726358878887e-37 1.80173510500438e-36 9.09277238627236e-37 
304.789498962731 2.01198777213379e-36 1.01899653140506e-36 2.01198777213379e-36 1.01899653140506e-36 1.87930789500894e-36 9.4973662772386e-37 
317.687407064906 2.09415294176358e-36 1.06250571431584e-36 2.09415294176358e-36 1.06250571431584e-36 1.96005201496599e-36 9.91946026508345e-37 
331.131121482517 2.17963540264029e-36 1.10786203876729e-36 2.17963540264029e-36 1.10786203876729e-36 2.0440738194058e-36 1.03597977071988e-36 
345.143739335778 2.26856939446691e-36 1.15514594221981e-36 2.26856939446691e-36 1.15514594221981e-36 2.13153845943337e-36 1.08192028769725e-36 
359.749335155661 2.36108633266168e-36 1.20443615213374e-36 2.36108633266168e-36 1.20443615213374e-36 2.22257112291349e-36 1.12984037355967e-36 
374.973002245398 2.45732773834951e-36 1.25581999815727e-36 2.45732773834951e-36 1.25581999815727e-36 2.31730388037124e-36 1.17982526024588e-36 
390.840895792312 2.55743427693994e-36 1.30937941309157e-36 2.55743427693994e-36 1.30937941309157e-36 2.41588634082152e-36 1.23196420855915e-36 
407.380277804018 2.66155817048273e-36 1.3652092945532e-36 2.66155817048273e-36 1.3652092945532e-36 2.51846216549443e-36 1.28634403289291e-36 
424.619563946214 2.76985785827862e-36 1.42340294968269e-36 2.76985785827862e-36 1.42340294968269e-36 2.62519396194655e-36 1.34306237834451e-36 
442.588372362523 2.88248983031321e-36 1.48405786515119e-36 2.88248983031321e-36 1.48405786515119e-36 2.73623684647022e-36 1.4022156353504e-36 
461.31757456027 2.99962223109779e-36 1.54727620824053e-36 2.99962223109779e-36 1.54727620824053e-36 2.85176283666286e-36 1.4639057429381e-36 
480.839348449614 3.12143005096403e-36 1.61316113815103e-36 3.12143005096403e-36 1.61316113815103e-36 2.97192646200214e-36 1.52823717641667e-36 
501.187233627152 3.24808688780078e-36 1.68183262667477e-36 3.24808688780078e-36 1.68183262667477e-36 3.09693588882644e-36 1.59532233352036e-36 
522.396188998994 3.37977413210725e-36 1.75339596690003e-36 3.37977413210725e-36 1.75339596690003e-36 3.22694961073022e-36 1.66527359596525e-36 
544.502652842289 3.51669285696611e-36 1.82797369051811e-36 3.51669285696611e-36 1.82797369051811e-36 3.36217088763042e-36 1.7382098367197e-36 
567.544605408408 3.65903069408187e-36 1.90568748436218e-36 3.65903069408187e-36 1.90568748436218e-36 3.5027821218231e-36 1.81424917574128e-36 
591.561634175328 3.80699700591209e-36 1.98666628137639e-36 3.80699700591209e-36 1.98666628137639e-36 3.64900574425333e-36 1.89353237667367e-36 
616.595001861329 3.96079358668618e-36 2.07104658384677e-36 3.96079358668618e-36 2.07104658384677e-36 3.80103442364983e-36 1.9761804520281e-36 
642.687717316859 4.12064757350737e-36 2.15896304145382e-36 4.12064757350737e-36 2.15896304145382e-36 3.95908605853482e-36 2.06234675496872e-36 
669.884609416358 4.28678550353284e-36 2.25056501414899e-36 4.28678550353284e-36 2.25056501414899e-36 4.12339526197981e-36 2.15215051290025e-36 
698.232404076995 4.45941345227309e-36 2.34599526791983e-36 4.45941345227309e-36 2.34599526791983e-36 4.29418907376527e-36 2.24576214749073e-36 
727.779804536639 4.63880410535449e-36 2.4454127562341e-36 4.63880410535449e-36 2.4454127562341e-36 4.4717007868736e-36 2.34332423876586e-36 
758.57757502899 4.82517862958472e-36 2.5489793995477e-36 4.82517862958472e-36 2.5489793995477e-36 4.65618699723236e-36 2.44500631100192e-36 
790.678627999622 5.01881294335832e-36 2.65686245105473e-36 5.01881294335832e-36 2.65686245105473e-36 4.84789480007646e-36 2.55097427009435e-36 
824.138115012789 5.21994966256824e-36 2.76924037523687e-36 5.21994966256824e-36 2.76924037523687e-36 5.0470904823931e-36 2.6613992235011e-36 
859.013521505172 5.42886787755705e-36 2.88627082006461e-36 5.42886787755705e-36 2.88627082006461e-36 5.25402876762671e-36 2.77645528983354e-36 
895.364765549359 5.64583180347736e-36 3.00816047772139e-36 5.64583180347736e-36 3.00816047772139e-36 5.46900605663617e-36 2.89633663762939e-36 
933.254300796745 5.87114972573629e-36 3.13509864282579e-36 5.87114972573629e-36 3.13509864282579e-36 5.69228829854538e-36 3.02122920218546e-36 
972.747223776707 6.10510455852833e-36 3.26728807479018e-36 6.10510455852833e-36 3.26728807479018e-36 5.92419601496696e-36 3.15133831657416e-36 
1013.91138573641 6.34798997473082e-36 3.40492829762475e-36 6.34798997473082e-36 3.40492829762475e-36 6.16500937702428e-36 3.28686889571298e-36 
1056.81750921337 6.60012887102627e-36 3.5482381031952e-36 6.60012887102627e-36 3.5482381031952e-36 6.41504150897671e-36 3.42803834537605e-36 
1101.53930954112 6.86184232659416e-36 3.69745345006775e-36 6.86184232659416e-36 3.69745345006775e-36 6.67462859170631e-36 3.57506154768005e-36 
1148.15362149657 7.13345564645755e-36 3.85278405610981e-36 7.13345564645755e-36 3.85278405610981e-36 6.94408949974996e-36 3.72818424662774e-36 
1196.74053130692 7.41531392497631e-36 4.01447835001408e-36 7.41531392497631e-36 4.01447835001408e-36 7.22375616648838e-36 3.8876281317175e-36 
1247.3835142426 7.70775266065451e-36 4.18279355130894e-36 7.70775266065451e-36 4.18279355130894e-36 7.51396521725464e-36 4.05364129423317e-36 
1300.16957803293 8.01111994286011e-36 4.35797262937561e-36 8.01111994286011e-36 4.35797262937561e-36 7.81508920003497e-36 4.22649946701797e-36 
1355.18941235066 8.32580941154874e-36 4.54027523280047e-36 8.32580941154874e-36 4.54027523280047e-36 8.12748788511613e-36 4.40644942219405e-36 
1412.53754462236 8.65214848720921e-36 4.72998997876706e-36 8.65214848720921e-36 4.72998997876706e-36 8.45154968269186e-36 4.59375916290663e-36 
1472.3125024323 8.99056769995828e-36 4.92739490358155e-36 8.99056769995828e-36 4.92739490358155e-36 8.78761481719616e-36 4.788726430834e-36 
1534.61698279886 9.34143212667975e-36 5.13278371194351e-36 9.34143212667975e-36 5.13278371194351e-36 9.1361117767908e-36 4.99165231314381e-36 
1599.55802861421 9.70514018065327e-36 5.34644288172527e-36 9.70514018065327e-36 5.34644288172527e-36 9.49743518946065e-36 5.20280845793064e-36 
1667.24721255059 1.00821144241168e-35 5.56870191268888e-36 1.00821144241168e-35 5.56870191268888e-36 9.87199184981107e-36 5.42252170058294e-36 
1737.80082874888 1.04727687531999e-35 5.79988556212905e-36 1.04727687531999e-35 5.79988556212905e-36 1.02601821083649e-35 5.65111651620687e-36 
1811.34009261908 1.08775367269595e-35 6.04031894107108e-36 1.08775367269595e-35 6.04031894107108e-36 1.06624626425018e-35 5.88892140157934e-36 
1887.99134909574 1.12968720575823e-35 6.29034474455658e-36 1.12968720575823e-35 6.29034474455658e-36 1.10792586528712e-35 6.13629735579729e-36 
1967.88628970627 1.17311438116865e-35 6.55032754806178e-36 1.17311438116865e-35 6.55032754806178e-36 1.15109996380021e-35 6.39356914609277e-36 
2051.16217882496 1.21809780260874e-35 6.820623390883e-36 1.21809780260874e-35 6.820623390883e-36 1.1958179808164e-35 6.6611150025957e-36 
2137.9620895016 1.26465470194981e-35 7.10160987664898e-36 1.26465470194981e-35 7.10160987664898e-36 1.24212204130849e-35 6.93933262801053e-36 
2228.43514926964 1.31285726664599e-35 7.39367642824138e-36 1.31285726664599e-35 7.39367642824138e-36 1.29006211154622e-35 7.22857982314745e-36 
2322.73679635641 1.36274647444166e-35 7.69722198826497e-36 1.36274647444166e-35 7.69722198826497e-36 1.33968501163577e-35 7.52927172706823e-36 
2421.02904673545 1.41437130084633e-35 8.01269283016118e-36 1.41437130084633e-35 8.01269283016118e-36 1.39103870011274e-35 7.8418140716029e-36 
2523.48077247981 1.46778059356461e-35 8.34042347721337e-36 1.46778059356461e-35 8.34042347721337e-36 1.4441750675691e-35 8.16663313866587e-36 
2630.26799189458 1.5230243052218e-35 8.68093647844247e-36 1.5230243052218e-35 8.68093647844247e-36 1.49914247649437e-35 8.5041612929517e-36 
2741.57417192705 1.5801563120508e-35 9.03465968461194e-36 1.5801563120508e-35 9.03465968461194e-36 1.55599280745255e-35 8.85486817648617e-36 
2857.59054337407 1.63922508029519e-35 9.40204697889087e-36 1.63922508029519e-35 9.40204697889087e-36 1.61477794105264e-35 9.21921065843297e-36 
2978.51642942827 1.70028804790033e-35 9.78357458593172e-36 1.70028804790033e-35 9.78357458593172e-36 1.675554638754e-35 9.59762788614784e-36 
3104.5595881274 1.76339365521968e-35 1.01797248839365e-35 1.76339365521968e-35 1.01797248839365e-35 1.73837058557221e-35 9.9905989537044e-36 
3235.93656929528 1.8286008527446e-35 1.05910096202807e-35 1.8286008527446e-35 1.05910096202807e-35 1.8032842928249e-35 1.03987196385384e-35 
3372.87308658764 1.89596071290393e-35 1.10179036929048e-35 1.89596071290393e-35 1.10179036929048e-35 1.87034686650728e-35 1.0822423592117e-35 
3515.60440528188 1.96553054072195e-35 1.14610426676674e-35 1.96553054072195e-35 1.14610426676674e-35 1.93961698458019e-35 1.12622356773224e-35 
3664.37574647718 2.03736892778406e-35 1.19208588921866e-35 2.03736892778406e-35 1.19208588921866e-35 2.01114947206513e-35 1.17187547376713e-35 
3819.44270839925 2.11152737963315e-35 1.23979469601997e-35 2.11152737963315e-35 1.23979469601997e-35 2.08500340869029e-35 1.21924722681647e-35 
3981.0717055337 2.18806472011761e-35 1.28928732708241e-35 2.18806472011761e-35 1.28928732708241e-35 2.16123254976019e-35 1.26839957767094e-35 
4149.5404263423 2.26704571014956e-35 1.34062279220799e-35 2.26704571014956e-35 1.34062279220799e-35 2.23989772998542e-35 1.31938991816589e-35 
4325.1383103487 2.34852132497687e-35 1.39385927278778e-35 2.34852132497687e-35 1.39385927278778e-35 2.32105530466056e-35 1.37227731430939e-35 
4508.16704541314 2.4325529166099e-35 1.44905925386586e-35 2.4325529166099e-35 1.44905925386586e-35 2.40476806450932e-35 1.42712473967134e-35 
4698.94108605063 2.51919912057297e-35 1.50628539742288e-35 2.51919912057297e-35 1.50628539742288e-35 2.49109186275728e-35 1.48399297866721e-35 
4897.78819368286 2.60852247237884e-35 1.56559904063022e-35 2.60852247237884e-35 1.56559904063022e-35 2.58008326440216e-35 1.54294527488576e-35 
5105.04999975239 2.70058301853864e-35 1.62707044145807e-35 2.70058301853864e-35 1.62707044145807e-35 2.67181278984399e-35 1.60404948867708e-35 
5321.08259266619 2.79543763244209e-35 1.69076255522204e-35 2.79543763244209e-35 1.69076255522204e-35 2.76633193470032e-35 1.66736993526032e-35 
5546.25712957727 2.89315363002044e-35 1.75674476853303e-35 2.89315363002044e-35 1.75674476853303e-35 2.86370620338815e-35 1.73297551862889e-35 
5780.96047405526 2.99378702635852e-35 1.82508689468114e-35 2.99378702635852e-35 1.82508689468114e-35 2.96399509432162e-35 1.80093610839034e-35 
6025.59586074156 3.09739881658295e-35 1.89585851592147e-35 3.09739881658295e-35 1.89585851592147e-35 3.06726613329398e-35 1.8713256394202e-35 
6280.58358813107 3.20405730786405e-35 1.96913590234447e-35 3.20405730786405e-35 1.96913590234447e-35 3.17357309393863e-35 1.94421589772307e-35 
6546.36174067054 3.31382663897373e-35 2.04498933455149e-35 3.31382663897373e-35 2.04498933455149e-35 3.2829835077295e-35 2.01967147342763e-35 
6823.38694141438 3.42676170710443e-35 2.12349366288223e-35 3.42676170710443e-35 2.12349366288223e-35 3.39555754809508e-35 2.09777533805145e-35 
7112.13513653087 3.54292291705193e-35 2.20472766876972e-35 3.54292291705193e-35 2.20472766876972e-35 3.5113580145015e-35 2.17860514739316e-35 
7413.10241300664 3.6623824945194e-35 2.28876934638557e-35 3.6623824945194e-35 2.28876934638557e-35 3.63045061390792e-35 2.26223790972852e-35 
7726.80585095436 3.78519953560765e-35 2.37570112316159e-35 3.78519953560765e-35 2.37570112316159e-35 3.75290215921994e-35 2.34875556526967e-35 
8053.78441198788 3.91143379465833e-35 2.46559624523712e-35 3.91143379465833e-35 2.46559624523712e-35 3.87876846029856e-35 2.43823738343435e-35 
8394.59986519106 4.04117582417671e-35 2.5585442709741e-35 4.04117582417671e-35 2.5585442709741e-35 4.00812109591035e-35 2.53075756791582e-35 
8749.83775227131 4.17446557402394e-35 2.65462609526853e-35 4.17446557402394e-35 2.65462609526853e-35 4.14102089938499e-35 2.6264113454423e-35 
9120.1083935559 4.31135275951735e-35 2.75392628630077e-35 4.31135275951735e-35 2.75392628630077e-35 4.27752412928724e-35 2.72527580980646e-35 
9506.04793655947 4.45193157828185e-35 2.8565294680527e-35 4.45193157828185e-35 2.8565294680527e-35 4.41771083262289e-35 2.82744507993218e-35 
9908.31944892417 4.59625835604265e-35 2.96252499841713e-35 4.59625835604265e-35 2.96252499841713e-35 4.56163842509996e-35 2.93299587314064e-35 
10327.6140576103 4.74439158496309e-35 3.07199909703451e-35 4.74439158496309e-35 3.07199909703451e-35 4.70937346909992e-35 3.0420272284805e-35 
10764.6521362945 4.89640564146396e-35 3.18505369884686e-35 4.89640564146396e-35 3.18505369884686e-35 4.86098463991142e-35 3.15462531515017e-35 
11220.1845430156 5.05236079223627e-35 3.30176349597848e-35 5.05236079223627e-35 3.30176349597848e-35 5.01652951275386e-35 3.27087688008494e-35 
11694.9939101945 5.21233758636461e-35 3.42223173364554e-35 5.21233758636461e-35 3.42223173364554e-35 5.17608254935769e-35 3.39088560956653e-35 
12189.8959892443 5.37638234668892e-35 3.54654858897028e-35 5.37638234668892e-35 3.54654858897028e-35 5.339713046752e-35 3.5147352880882e-35 
12705.7410520808 5.54456756385385e-35 3.6748147484078e-35 5.54456756385385e-35 3.6748147484078e-35 5.5074722327207e-35 3.64252296573176e-35 
13243.4153519418 5.71695833128775e-35 3.8071143829895e-35 5.71695833128775e-35 3.8071143829895e-35 5.67944187092365e-35 3.77434740743975e-35 
13803.8426460238 5.89363661541958e-35 3.94355489925992e-35 5.89363661541958e-35 3.94355489925992e-35 5.85568362229866e-35 3.91030378178274e-35 
14387.9857825532 6.07465381478748e-35 4.08423243139125e-35 6.07465381478748e-35 4.08423243139125e-35 6.03627286272958e-35 4.05049361447178e-35 
14996.8483550182 6.26010870600529e-35 4.22925103074263e-35 6.26010870600529e-35 4.22925103074263e-35 6.2212691619204e-35 4.195013689277e-35 
15631.4764264037 6.45003631760542e-35 4.37869938009868e-35 6.45003631760542e-35 4.37869938009868e-35 6.41075450761174e-35 4.34396797108702e-35 
16292.9603263912 6.64452268332235e-35 4.5326882751926e-35 6.64452268332235e-35 4.5326882751926e-35 6.60478208032745e-35 4.49745758819601e-35 
16982.4365246111 6.84362801474485e-35 4.69131969738453e-35 6.84362801474485e-35 4.69131969738453e-35 6.80343635725268e-35 4.65558275773759e-35 
17701.0895831676 7.04743834454708e-35 4.85470708889889e-35 7.04743834454708e-35 4.85470708889889e-35 7.00677989033643e-35 4.81844755835289e-35 
18450.1541917878 7.25602604376248e-35 5.02293840813234e-35 7.25602604376248e-35 5.02293840813234e-35 7.21489866531133e-35 4.98616115340839e-35 
19230.9172890943 7.46942967168627e-35 5.1961293456385e-35 7.46942967168627e-35 5.1961293456385e-35 7.42784722917553e-35 5.15882581008218e-35 
20044.720273644 7.68778470265676e-35 5.37438618486412e-35 7.68778470265676e-35 5.37438618486412e-35 7.64571066272884e-35 5.33655417209475e-35 
20892.9613085324 7.91112730332851e-35 5.55781187769661e-35 7.91112730332851e-35 5.55781187769661e-35 7.86856640106941e-35 5.51945188331143e-35 
21777.0977235232 8.13951988376707e-35 5.74653453625461e-35 8.13951988376707e-35 5.74653453625461e-35 8.09647363754587e-35 5.70763304024337e-35 
22698.6485188295 8.37307808097552e-35 5.94065792213951e-35 8.37307808097552e-35 5.94065792213951e-35 8.32952725297953e-35 5.90118833348226e-35 
23659.1969748484 8.61185782665529e-35 6.14026390463562e-35 8.61185782665529e-35 6.14026390463562e-35 8.56779702636412e-35 6.10024493626662e-35 
24660.3933723338 8.85594013875204e-35 6.34549825244646e-35 8.85594013875204e-35 6.34549825244646e-35 8.81137055142445e-35 6.3049206957663e-35 
25703.9578276786 9.10538763442306e-35 6.5564628483141e-35 9.10538763442306e-35 6.5564628483141e-35 9.06031322725648e-35 6.51532151851494e-35 
26791.6832481798 9.36030627968359e-35 6.77327444595969e-35 9.36030627968359e-35 6.77327444595969e-35 9.314725826892e-35 6.73156339254781e-35 
27925.4384123624 9.62077207207847e-35 6.99604322634819e-35 9.62077207207847e-35 6.99604322634819e-35 9.57466650892655e-35 6.95375914077092e-35 
29107.1711806546 9.8868843344614e-35 7.22490542945325e-35 9.8868843344614e-35 7.22490542945325e-35 9.84023617870715e-35 7.18202979906148e-35 
30338.9118419307 1.01587093517292e-34 7.459944301748e-35 1.01587093517292e-34 7.459944301748e-35 1.01115249965086e-34 7.41648631239175e-35 
31622.7766016712 1.04363301056179e-34 7.70130413497836e-35 1.04363301056179e-34 7.70130413497836e-35 1.03886018464205e-34 7.65725439075778e-35 
32960.9712177326 1.07198309153622e-34 7.94907958485657e-35 1.07198309153622e-34 7.94907958485657e-35 1.06715701173902e-34 7.90443818186648e-35 
34355.7947899737 1.1009361217843e-34 8.20334442916044e-35 1.1009361217843e-34 8.20334442916044e-35 1.09605195455627e-34 8.15818137125488e-35 
35809.6437102492 1.13049288226443e-34 8.46446360770989e-35 1.13049288226443e-34 8.46446360770989e-35 1.12555298531097e-34 8.41858886967937e-35 
37325.015779557 1.16066824943033e-34 8.73229907829015e-35 1.16066824943033e-34 8.73229907829015e-35 1.15567211413464e-34 8.68579218928278e-35 
38904.5144994123 1.19146617535316e-34 9.00703028729136e-35 1.19146617535316e-34 9.00703028729136e-35 1.18641615704538e-34 8.95991088473395e-35 
40550.8535448218 1.2229084719779e-34 9.2888182679202e-35 1.2229084719779e-34 9.2888182679202e-35 1.21779850683422e-34 9.24106338249898e-35 
42266.861426543 1.25498938321235e-34 9.57777598092939e-35 1.25498938321235e-34 9.57777598092939e-35 1.24982192054608e-34 9.52938221769693e-35 
44055.4863506372 1.28773427414267e-34 9.8740367807783e-35 1.28773427414267e-34 9.8740367807783e-35 1.28251197891995e-34 9.82499636399322e-35 
45919.8012836679 1.32114279855077e-34 1.01777184256574e-34 1.32114279855077e-34 1.01777184256574e-34 1.31585674311174e-34 1.01280384170215e-34 
47863.009232244 1.35522888946997e-34 1.04889550961e-34 1.35522888946997e-34 1.04889550961e-34 1.34987698470768e-34 1.04386120690271e-34 
49888.4487459805 1.39000354264964e-34 1.0807886430415e-34 1.39000354264964e-34 1.0807886430415e-34 1.38458961750137e-34 1.0756868885023e-34 
51999.5996533299 1.42547700475953e-34 1.11346278036292e-34 1.42547700475953e-34 1.11346278036292e-34 1.42000132570543e-34 1.10829485036442e-34 
54200.0890401397 1.46166166540933e-34 1.14693191489667e-34 1.46166166540933e-34 1.14693191489667e-34 1.4561240109891e-34 1.14169652218066e-34 
56493.6974812065 1.49856984826829e-34 1.18121089161366e-34 1.49856984826829e-34 1.18121089161366e-34 1.49296710296048e-34 1.17590595094438e-34 
58884.365535534 1.53621076452345e-34 1.21631016580366e-34 1.53621076452345e-34 1.21631016580366e-34 1.53054256351746e-34 1.21093603092021e-34 
61376.2005164534 1.57460010290614e-34 1.25224558375177e-34 1.57460010290614e-34 1.25224558375177e-34 1.56886580250038e-34 1.24680127740133e-34 
63973.4835482376 1.6137433393608e-34 1.28902980146941e-34 1.6137433393608e-34 1.28902980146941e-34 1.60794553175861e-34 1.28351554089552e-34 
66680.6769213337 1.65365798464745e-34 1.32667900580932e-34 1.65365798464745e-34 1.32667900580932e-34 1.64779571083189e-34 1.32109233358992e-34 
69502.4317588499 1.69436072317722e-34 1.36520350332027e-34 1.69436072317722e-34 1.36520350332027e-34 1.68842675834032e-34 1.35954575255357e-34 
72443.5960074678 1.73586413889687e-34 1.40462069466274e-34 1.73586413889687e-34 1.40462069466274e-34 1.72985695646755e-34 1.3988890904509e-34 
75509.2227665108 1.77816464547393e-34 1.44494360014769e-34 1.77816464547393e-34 1.44494360014769e-34 1.77209388635769e-34 1.43913857844775e-34 
78704.5789694758 1.82129722092902e-34 1.48618680954695e-34 1.82129722092902e-34 1.48618680954695e-34 1.81515534041538e-34 1.48030864926612e-34 
82035.1544329461 1.86526240561529e-34 1.52836437686819e-34 1.86526240561529e-34 1.52836437686819e-34 1.85904138166962e-34 1.52241125720096e-34 
85506.671288431 1.91008215605287e-34 1.5714940295477e-34 1.91008215605287e-34 1.5714940295477e-34 1.90379787849895e-34 1.56546291796045e-34 
89125.0938133355 1.95576757044718e-34 1.61558738128779e-34 1.95576757044718e-34 1.61558738128779e-34 1.9494116097967e-34 1.6094803123862e-34 
92896.6386779528 2.00233257427649e-34 1.66066165824324e-34 2.00233257427649e-34 1.66066165824324e-34 1.9959062304555e-34 1.65447670185219e-34 
96827.7856260822 2.04979603851331e-34 1.70673098454608e-34 2.04979603851331e-34 1.70673098454608e-34 2.04329140024664e-34 1.70046932848659e-34 
100925.288607624 2.09816862946099e-34 1.75381098377351e-34 2.09816862946099e-34 1.75381098377351e-34 2.09159163346464e-34 1.74747043709878e-34 
105196.187382276 2.14747012742378e-34 1.80192140074465e-34 2.14747012742378e-34 1.80192140074465e-34 2.14081323594739e-34 1.79549860547878e-34 
109647.81961427 2.19770998113958e-34 1.8510701288349e-34 2.19770998113958e-34 1.8510701288349e-34 2.19097993308016e-34 1.84456734452049e-34 
114287.833478926 2.24891035578023e-34 1.901279335841e-34 2.24891035578023e-34 1.901279335841e-34 2.2421014805655e-34 1.89469585983845e-34 
119124.200802684 2.30108679861842e-34 1.95256410145793e-34 2.30108679861842e-34 1.95256410145793e-34 2.29420050765705e-34 1.94589736838089e-34 
124165.230759185 2.35425412089711e-34 2.00493873372583e-34 2.35425412089711e-34 2.00493873372583e-34 2.34728821134317e-34 1.99819139628039e-34 
129419.58414494 2.40843174255473e-34 2.05842546690195e-34 2.40843174255473e-34 2.05842546690195e-34 2.40138595568906e-34 2.05159310094714e-34 
134896.288259104 2.46363448708439e-34 2.11303693519847e-34 2.46363448708439e-34 2.11303693519847e-34 2.45650586017556e-34 2.10611815626327e-34 
140604.752412927 2.51988124522352e-34 2.16879071428229e-34 2.51988124522352e-34 2.16879071428229e-34 2.5126721931763e-34 2.16178652010278e-34 
146554.784095524 2.57719274610112e-34 2.22570643210127e-34 2.57719274610112e-34 2.22570643210127e-34 2.56990031624481e-34 2.21861442793973e-34 
152756.605823737 2.63558345150382e-34 2.28379301937856e-34 2.63558345150382e-34 2.28379301937856e-34 2.62820702447203e-34 2.27661748461459e-34 
159220.872705044 2.69507362543666e-34 2.34308361634159e-34 2.69507362543666e-34 2.34308361634159e-34 2.68760870679179e-34 2.33581683276572e-34 
165958.690743679 2.75567812358345e-34 2.40357969355034e-34 2.75567812358345e-34 2.40357969355034e-34 2.74813373170539e-34 2.39622626063379e-34 
172981.63592143 2.81742783095705e-34 2.46532019994389e-34 2.81742783095705e-34 2.46532019994389e-34 2.80979546762604e-34 2.45787321619348e-34 
180301.774085873 2.88033346112965e-34 2.52829798529469e-34 2.88033346112965e-34 2.52829798529469e-34 2.87261094620818e-34 2.52076505178943e-34 
187931.681680239 2.94441409135476e-34 2.59255630152016e-34 2.94441409135476e-34 2.59255630152016e-34 2.93660590830678e-34 2.58492871027452e-34 
195884.467350507 3.00969511644862e-34 2.65810013621505e-34 3.00969511644862e-34 2.65810013621505e-34 3.00179339721599e-34 2.65037806812104e-34 
204173.794466857 3.07619430429758e-34 2.72495280001514e-34 3.07619430429758e-34 2.72495280001514e-34 3.06820148760997e-34 2.71713531704256e-34 
212813.904598171 3.14393212590102e-34 2.79313704654968e-34 3.14393212590102e-34 2.79313704654968e-34 3.13585167611355e-34 2.78522254376076e-34 
221819.641979917 3.21293635656542e-34 2.86266492105743e-34 3.21293635656542e-34 2.86266492105743e-34 3.20475684989086e-34 2.85465341851532e-34 
231206.47901745 3.28321713103144e-34 2.93356002068491e-34 3.28321713103144e-34 2.93356002068491e-34 3.27494853685674e-34 2.92545764011515e-34 
240990.542868545 3.35480301065456e-34 3.00584869101331e-34 3.35480301065456e-34 3.00584869101331e-34 3.34644017510221e-34 2.99764574899435e-34 
251188.643150838 3.42771839433668e-34 3.07954250018692e-34 3.42771839433668e-34 3.07954250018692e-34 3.4192607068669e-34 3.07124362058882e-34 
261818.300821773 3.50198597124654e-34 3.15467279935429e-34 3.50198597124654e-34 3.15467279935429e-34 3.49342907534294e-34 3.14627319680886e-34 
272897.778280673 3.57762593001905e-34 3.2312549208021e-34 3.57762593001905e-34 3.2312549208021e-34 3.56897239344482e-34 3.22275403150895e-34 
284446.110744654 3.65466331433496e-34 3.30931826636087e-34 3.65466331433496e-34 3.30931826636087e-34 3.64590867128229e-34 3.30071028777059e-34 
296483.138952291 3.73312298869453e-34 3.3888678977017e-34 3.73312298869453e-34 3.3888678977017e-34 3.7242671249971e-34 3.38016045046673e-34 
309029.543251209 3.81302159051481e-34 3.46993710462277e-34 3.81302159051481e-34 3.46993710462277e-34 3.80406644462896e-34 3.46112828500176e-34 
322106.879128186 3.89439742002532e-34 3.5525559667824e-34 3.89439742002532e-34 3.5525559667824e-34 3.88533723542878e-34 3.54363909063358e-34 
335737.61424279 3.97726083677662e-34 3.63674459417993e-34 3.97726083677662e-34 3.63674459417993e-34 3.96810171363295e-34 3.62771431302437e-34 
349945.167028186 4.06164580490481e-34 3.72250393589339e-34 4.06164580490481e-34 3.72250393589339e-34 4.05238343788653e-34 3.71337807383075e-34 
364753.946925428 4.14757811430712e-34 3.80988131586149e-34 4.14757811430712e-34 3.80988131586149e-34 4.13821104256612e-34 3.80065450215749e-34 
380189.396320373 4.23508334640261e-34 3.89890794652611e-34 4.23508334640261e-34 3.89890794652611e-34 4.22560968679532e-34 3.88956605897368e-34 
396278.034255243 4.32418499492071e-34 3.98958834956724e-34 4.32418499492071e-34 3.98958834956724e-34 4.31460066540737e-34 3.98013474189927e-34 
413047.501989956 4.41491347714318e-34 4.0819660026399e-34 4.41491347714318e-34 4.0819660026399e-34 4.40522220102645e-34 4.0723941110985e-34 
430526.610491496 4.50729128392936e-34 4.17603978147561e-34 4.50729128392936e-34 4.17603978147561e-34 4.49748963012959e-34 4.16636189989235e-34 
448745.389932908 4.60135089772822e-34 4.27186001042347e-34 4.60135089772822e-34 4.27186001042347e-34 4.5914386743499e-34 4.26206850054259e-34 
467735.141286963 4.69711820100419e-34 4.36944310710824e-34 4.69711820100419e-34 4.36944310710824e-34 4.68709115327297e-34 4.35953662953597e-34 
487528.490103141 4.79461851822926e-34 4.46881041749461e-34 4.79461851822926e-34 4.46881041749461e-34 4.78448134454905e-34 4.45879412927824e-34 
508159.442560304 4.89388006236387e-34 4.56999715560479e-34 4.89388006236387e-34 4.56999715560479e-34 4.88363658042504e-34 4.55987420010094e-34 
529663.44389139 4.99495182931007e-34 4.67304443571191e-34 4.99495182931007e-34 4.67304443571191e-34 4.98458193042345e-34 4.66278772962815e-34 
552077.439280477 5.09783409206105e-34 4.77795148203284e-34 5.09783409206105e-34 4.77795148203284e-34 5.08734937341934e-34 4.76757702351144e-34 
575439.937336864 5.20257499109153e-34 4.88476121549016e-34 5.20257499109153e-34 4.88476121549016e-34 5.19197050742136e-34 4.87426322165539e-34 
599791.076255203 5.3091956801031e-34 4.99350501191462e-34 5.3091956801031e-34 4.99350501191462e-34 5.29847529160191e-34 4.98288444502448e-34 
625172.692775365 5.41772967956157e-34 5.10418866394962e-34 5.41772967956157e-34 5.10418866394962e-34 5.40689012222412e-34 5.09345381188005e-34 
651628.394060507 5.52821705878201e-34 5.21687253795795e-34 5.52821705878201e-34 5.21687253795795e-34 5.5172553714138e-34 5.206015115148e-34 
679203.632616834 5.64067862416097e-34 5.33157943656444e-34 5.64067862416097e-34 5.33157943656444e-34 5.62959528089947e-34 5.32058898537302e-34 
707945.784383771 5.75514519654502e-34 5.44831856365654e-34 5.75514519654502e-34 5.44831856365654e-34 5.74393659636437e-34 5.4372097596157e-34 
737904.230128718 5.87165780012374e-34 5.5671439171281e-34 5.87165780012374e-34 5.5671439171281e-34 5.86032563712661e-34 5.5559069905658e-34 
769130.440286209 5.99024843712385e-34 5.68807111914767e-34 5.99024843712385e-34 5.68807111914767e-34 5.97878690882904e-34 5.67671390683985e-34 
801678.06338726 6.11093674335223e-34 5.81114995436746e-34 6.11093674335223e-34 5.81114995436746e-34 6.09934116956373e-34 5.79964560842994e-34 
835603.01823081 6.23377063057622e-34 5.9363940743724e-34 6.23377063057622e-34 5.9363940743724e-34 6.22206131892168e-34 5.92477131983521e-34 
870963.589955623 6.35877962178808e-34 6.06384461542541e-34 6.35877962178808e-34 6.06384461542541e-34 6.34693897372128e-34 6.05208981002726e-34 
907820.530177707 6.48600634840061e-34 6.19353379505277e-34 6.48600634840061e-34 6.19353379505277e-34 6.47402915932037e-34 6.18164315063864e-34 
946237.161365293 6.61546750261865e-34 6.32550104251079e-34 6.61546750261865e-34 6.32550104251079e-34 6.60336255078522e-34 6.31346863094096e-34 
986279.485630687 6.74722230962168e-34 6.45976204327932e-34 6.74722230962168e-34 6.45976204327932e-34 6.73497471576416e-34 6.44759815625757e-34 
1028016.29812593 6.88128340212889e-34 6.59634928745653e-34 6.88128340212889e-34 6.59634928745653e-34 6.86890252580367e-34 6.58406514344129e-34 
1071519.30523703 7.01770292362297e-34 6.73535261756855e-34 7.01770292362297e-34 6.73535261756855e-34 7.00518850862026e-34 6.72290494556562e-34 
1116863.24777996 7.15650960267146e-34 6.8767303945403e-34 7.15650960267146e-34 6.8767303945403e-34 7.1438578887806e-34 6.86415847141677e-34 
1164126.02940987 7.29775333963213e-34 7.0205717984972e-34 7.29775333963213e-34 7.0205717984972e-34 7.2849492237161e-34 7.0078420120343e-34 
1213388.85046432 7.44143795967248e-34 7.16687308831659e-34 7.44143795967248e-34 7.16687308831659e-34 7.42851250453765e-34 7.15401572622003e-34 
1264736.34747047 7.58764768503834e-34 7.31570851518701e-34 7.58764768503834e-34 7.31570851518701e-34 7.57457250171427e-34 7.30270518973669e-34 
1318256.73855569 7.73639663694139e-34 7.46710054029468e-34 7.73639663694139e-34 7.46710054029468e-34 7.72317263062351e-34 7.45394788212113e-34 
1374041.97501177 7.88772040177621e-34 7.62107779380917e-34 7.88772040177621e-34 7.62107779380917e-34 7.87435840450446e-34 7.60778255458575e-34 
1432187.89927276 8.04166809866459e-34 7.77769370100786e-34 8.04166809866459e-34 7.77769370100786e-34 8.02815860021208e-34 7.76424919677635e-34 
1492794.40957818 8.1982751003136e-34 7.936976786171e-34 8.1982751003136e-34 7.936976786171e-34 8.18461741788201e-34 7.92338269882085e-34 
1555965.63160422 8.35758658057523e-34 8.09898202207881e-34 8.35758658057523e-34 8.09898202207881e-34 8.34377791701114e-34 8.0852288885565e-34 
1621810.09735804 8.51963609511844e-34 8.26371069896298e-34 8.51963609511844e-34 8.26371069896298e-34 8.505685134261e-34 8.24982226971113e-34 
1690440.93164233 8.68447805249109e-34 8.43124859139791e-34 8.68447805249109e-34 8.43124859139791e-34 8.67036661186671e-34 8.41719968394811e-34 
1761976.04641066 8.85214844900316e-34 8.60161645156711e-34 8.85214844900316e-34 8.60161645156711e-34 8.83788793633356e-34 8.58741547302947e-34 
1836538.34334733 9.02268769327823e-34 8.77486049576113e-34 9.02268769327823e-34 8.77486049576113e-34 9.00826278596455e-34 8.76049381576468e-34 
1914255.92502002 9.19612822322475e-34 8.95100682176937e-34 9.19612822322475e-34 8.95100682176937e-34 9.1815513437978e-34 8.93648832715421e-34 
1995262.31496777 9.37253021533856e-34 9.13011422220904e-34 9.37253021533856e-34 9.13011422220904e-34 9.3577978736586e-34 9.11543912429223e-34 
2079696.68710253 9.55193632134002e-34 9.31221903735461e-34 9.55193632134002e-34 9.31221903735461e-34 9.53704487943767e-34 9.29738846426938e-34 
2167704.10481848 9.73438261226315e-34 9.49738018266685e-34 9.73438261226315e-34 9.49738018266685e-34 9.71933810465888e-34 9.48238883317465e-34 
2259435.77021971 9.91992511101574e-34 9.68562192366678e-34 9.91992511101574e-34 9.68562192366678e-34 9.90471141067279e-34 9.67045942591785e-34 
2355049.28389468 1.01085932100144e-33 9.87699003740949e-34 1.01085932100144e-33 9.87699003740949e-34 1.00932244172708e-33 9.86167234011286e-34 
2454708.91568364 1.03004672530909e-33 1.00715596258029e-33 1.03004672530909e-33 1.00715596258029e-33 1.0284921193848e-33 1.00560643373579e-33 
2558585.88690419 1.04955725642941e-33 1.02693555482344e-33 1.04955725642941e-33 1.02693555482344e-33 1.04798512410789e-33 1.02536881543757e-33 
2666858.66451996 1.0693932809998e-33 1.04703963241074e-33 1.0693932809998e-33 1.04703963241074e-33 1.06780537739483e-33 1.04545673253279e-33 
2779713.2677577 1.08956304236292e-33 1.06747743546396e-33 1.08956304236292e-33 1.06747743546396e-33 1.08795772287015e-33 1.06587643435776e-33 
2897343.58769967 1.11006985942513e-33 1.08825104096461e-33 1.11006985942513e-33 1.08825104096461e-33 1.10844779228698e-33 1.08663367394971e-33 
3019951.72040028 1.13091953908205e-33 1.10936670537434e-33 1.13091953908205e-33 1.10936670537434e-33 1.12928037998174e-33 1.10773208841249e-33 
3147748.31409951 1.1521171006906e-33 1.13082913817358e-33 1.1521171006906e-33 1.13082913817358e-33 1.15045997466511e-33 1.12917702749129e-33 
3280952.9311293 1.1736683156573e-33 1.1526447427432e-33 1.1736683156573e-33 1.1526447427432e-33 1.17199106043043e-33 1.15097187310024e-33 
3419794.42513511 1.19557347082326e-33 1.17481287477349e-33 1.19557347082326e-33 1.17481287477349e-33 1.19388056398958e-33 1.1731242270955e-33 
3564511.33426038 1.21784355850537e-33 1.19734569663733e-33 1.21784355850537e-33 1.19734569663733e-33 1.2161326269816e-33 1.19563816881116e-33 
3715352.29096957 1.24048156878235e-33 1.22024353889982e-33 1.24048156878235e-33 1.22024353889982e-33 1.23875209585406e-33 1.21851827582733e-33 
3872576.44921391 1.26349286373924e-33 1.24351387715875e-33 1.26349286373924e-33 1.24351387715875e-33 1.2617448938429e-33 1.24177011739835e-33 
4036453.92967369 1.2868826602071e-33 1.26716171509339e-33 1.2868826602071e-33 1.26716171509339e-33 1.28511636486562e-33 1.26539899879232e-33 
4207266.28384197 1.31065833689259e-33 1.29119395286959e-33 1.31065833689259e-33 1.29119395286959e-33 1.30887135018096e-33 1.28941081618804e-33 
4385306.97774728 1.3348210094871e-33 1.31561088653989e-33 1.3348210094871e-33 1.31561088653989e-33 1.33301540466459e-33 1.31381002853526e-33 
4570881.89614606 1.35936763856276e-33 1.34041187040071e-33 1.35936763856276e-33 1.34041187040071e-33 1.35755380867741e-33 1.33860168397943e-33 
4764309.86805134 1.38433945770993e-33 1.36563581333838e-33 1.38433945770993e-33 1.36563581333838e-33 1.38249495776917e-33 1.36379483815801e-33 
4965923.21450042 1.40970602276484e-33 1.39125273160567e-33 1.40970602276484e-33 1.39125273160567e-33 1.4078416126328e-33 1.3893918655086e-33 
5176068.3195026 1.43548379146573e-33 1.41727831449854e-33 1.43548379146573e-33 1.41727831449854e-33 1.43360042761019e-33 1.41539914088521e-33 
5395106.22514806 1.46167930221437e-33 1.44372150408339e-33 1.46167930221437e-33 1.44372150408339e-33 1.45977590519507e-33 1.44182124957661e-33 
5623413.25190013 1.48829711967318e-33 1.47058451633945e-33 1.48829711967318e-33 1.47058451633945e-33 1.48637658965247e-33 1.46866705439216e-33 
5861381.64513678 1.51535129127436e-33 1.49788019451392e-33 1.51535129127436e-33 1.49788019451392e-33 1.51340449518535e-33 1.49593848023743e-33 
6109420.24905205 1.54283441185875e-33 1.52560672191112e-33 1.54283441185875e-33 1.52560672191112e-33 1.54087033518871e-33 1.52364550463482e-33 
6367955.20907532 1.57076347486723e-33 1.55377533660362e-33 1.57076347486723e-33 1.55377533660362e-33 1.56877759038843e-33 1.55179165170762e-33 
6637430.70401508 1.5991381552519e-33 1.58238749815289e-33 1.5991381552519e-33 1.58238749815289e-33 1.59713117036292e-33 1.58038384817276e-33 
6918309.70918518 1.62796911721721e-33 1.61145452402046e-33 1.62796911721721e-33 1.61145452402046e-33 1.62594009486183e-33 1.60942846781666e-33 
7211074.79182462 1.65725506399583e-33 1.64097434744507e-33 1.65725506399583e-33 1.64097434744507e-33 1.65521020418152e-33 1.63893236288396e-33 
7516228.94017748 1.68701799948519e-33 1.67096864154221e-33 1.68701799948519e-33 1.67096864154221e-33 1.6849460054431e-33 1.66889989677743e-33 
7834296.42765734 1.71724997555848e-33 1.70143064404161e-33 1.71724997555848e-33 1.70143064404161e-33 1.71515596690202e-33 1.69933949668474e-33 
8165823.71358093 1.74795876710147e-33 1.73236724192065e-33 1.74795876710147e-33 1.73236724192065e-33 1.74584470914905e-33 1.73025596284192e-33 
8511380.38201854 1.77915931295964e-33 1.7637933746315e-33 1.77915931295964e-33 1.7637933746315e-33 1.77702178115285e-33 1.76165866401343e-33 
8871560.12037415 1.81085183623584e-33 1.79570944369293e-33 1.81085183623584e-33 1.79570944369293e-33 1.80869088061897e-33 1.79355115811023e-33 
9246981.73937652 1.8430426214774e-33 1.82812253865641e-33 1.8430426214774e-33 1.82812253865641e-33 1.84085821253056e-33 1.82593982053039e-33 
9638290.23623375 1.87574240500667e-33 1.86104087063414e-33 1.87574240500667e-33 1.86104087063414e-33 1.87353474590838e-33 1.85883524624547e-33 
10046157.9027777 1.90895570967354e-33 1.89447119699017e-33 1.90895570967354e-33 1.89447119699017e-33 1.90672393097758e-33 1.89224211743735e-33 
10471285.4805025 1.94268824927722e-33 1.92841879788503e-33 1.94268824927722e-33 1.92841879788503e-33 1.94043382105917e-33 1.92616820669766e-33 
10914403.3644808 1.97695070047846e-33 1.96289417049813e-33 1.97695070047846e-33 1.96289417049813e-33 1.97467198038168e-33 1.96061839109251e-33 
11376272.8582272 2.01175041159042e-33 1.99790448685278e-33 2.01175041159042e-33 1.99790448685278e-33 2.0094442768045e-33 1.99560055330257e-33 
11857687.4816642 2.04708828469954e-33 2.03345070229176e-33 2.04708828469954e-33 2.03345070229176e-33 2.04475759700743e-33 2.03112294996578e-33 
12359474.3344373 2.08297651696969e-33 2.06954512637196e-33 2.08297651696969e-33 2.06954512637196e-33 2.08062223385074e-33 2.06719331994822e-33 
12882495.5169232 2.11942401464056e-33 2.10619661524736e-33 2.11942401464056e-33 2.10619661524736e-33 2.117043076174e-33 2.10381829795298e-33 
13427649.6113702 2.15643419348848e-33 2.14340662199409e-33 2.15643419348848e-33 2.14340662199409e-33 2.15402943325041e-33 2.1410057969337e-33 
13995873.2257173 2.19401820453881e-33 2.18119243419448e-33 2.19401820453881e-33 2.18119243419448e-33 2.19158748950206e-33 2.17876370687289e-33 
14588142.6027442 2.2321843256772e-33 2.21955561217475e-33 2.2321843256772e-33 2.21955561217475e-33 2.22972685342944e-33 2.21710026596812e-33 
15205475.2973153 2.2709329712592e-33 2.25849838267259e-33 2.2709329712592e-33 2.25849838267259e-33 2.26844987812125e-33 2.25601752487614e-33 
15848931.924601 2.31028039442879e-33 2.29803957023141e-33 2.31028039442879e-33 2.29803957023141e-33 2.3077716782234e-33 2.29553323165129e-33 
16519617.9822796 2.35023263108011e-33 2.33818257768383e-33 2.35023263108011e-33 2.33818257768383e-33 2.34769520608881e-33 2.33564724000974e-33 
17218685.749849 2.39079486116568e-33 2.37893299391697e-33 2.39079486116568e-33 2.37893299391697e-33 2.38822545169745e-33 2.37636855750948e-33 
17947336.2683137 2.4319721668301e-33 2.42029892324275e-33 2.4319721668301e-33 2.42029892324275e-33 2.42938177604517e-33 2.4177082698578e-33 
18706821.403646 2.47378416368294e-33 2.4622926320574e-33 2.47378416368294e-33 2.4622926320574e-33 2.47116482865405e-33 2.4596755538995e-33 
19498445.9975679 2.51623062956343e-33 2.50492069411833e-33 2.51623062956343e-33 2.50492069411833e-33 2.51358256699539e-33 2.50227481098406e-33 
20323570.1093491 2.55931965900879e-33 2.54818900185018e-33 2.55931965900879e-33 2.54818900185018e-33 2.55664645837614e-33 2.54551723830998e-33 
21183611.3524713 2.60306699675112e-33 2.59211383771742e-33 2.60306699675112e-33 2.59211383771742e-33 2.60035467177881e-33 2.58941039154791e-33 
22080047.3301746 2.64747288071113e-33 2.63669490517237e-33 2.64747288071113e-33 2.63669490517237e-33 2.64473815002265e-33 2.63396204475325e-33 
23014418.1740701 2.69255269142454e-33 2.68194478541464e-33 2.69255269142454e-33 2.68194478541464e-33 2.6897855195458e-33 2.67918191756393e-33 
23988329.1901792 2.73830641593537e-33 2.72787202372328e-33 2.73830641593537e-33 2.72787202372328e-33 2.7355137618438e-33 2.7250817665873e-33 
25003453.6169479 2.7847509243843e-33 2.77448360007649e-33 2.7847509243843e-33 2.77448360007649e-33 2.78192656724383e-33 2.77166272251985e-33 
26061535.4999719 2.83189794818602e-33 2.82179826909682e-33 2.83189794818602e-33 2.82179826909682e-33 2.82903729411669e-33 2.81893949998585e-33 
27164392.688373 2.87974120454857e-33 2.86980570326685e-33 2.87974120454857e-33 2.86980570326685e-33 2.87685469677435e-33 2.86692121126491e-33 
28313919.9579751 2.92830450283746e-33 2.91853100619928e-33 2.92830450283746e-33 2.91853100619928e-33 2.92538764778993e-33 2.91561594874015e-33 
29512092.2666443 2.97759526273222e-33 2.96798176047763e-33 2.97759526273222e-33 2.96798176047763e-33 2.97464329999281e-33 2.96503337667573e-33 
30760968.1473867 3.02762179931394e-33 3.01816596026766e-33 3.02762179931394e-33 3.01816596026766e-33 3.02463665364046e-33 3.01518265008012e-33 
32062693.2450334 3.07838653030851e-33 3.06908626658032e-33 3.07838653030851e-33 3.06908626658032e-33 3.07537012448105e-33 3.06606935183878e-33 
33419504.0025892 3.12991158838358e-33 3.1207650302624e-33 3.12991158838358e-33 3.1207650302624e-33 3.12686038607982e-33 3.11771518198723e-33 
34833731.5035779 3.18219521305903e-33 3.17319999026213e-33 3.18219521305903e-33 3.17319999026213e-33 3.17911184825033e-33 3.17011853841442e-33 
36307805.4769858 3.23525096944383e-33 3.22640126679633e-33 3.23525096944383e-33 3.22640126679633e-33 3.23212925573601e-33 3.22329118972859e-33 
37844258.4716839 3.28909541036449e-33 3.28039669066381e-33 3.28909541036449e-33 3.28039669066381e-33 3.28594412344055e-33 3.27724746500037e-33 
39445730.2075013 3.34373649857889e-33 3.33518329072816e-33 3.34373649857889e-33 3.33518329072816e-33 3.34054370980575e-33 3.33199263945387e-33 
41114972.1104245 3.39916489158961e-33 3.39075451172976e-33 3.39916489158961e-33 3.39075451172976e-33 3.39593806348518e-33 3.38753869468494e-33 
42854852.039715 3.45541637624685e-33 3.44714726200753e-33 3.45541637624685e-33 3.44714726200753e-33 3.45216321517881e-33 3.44389618267659e-33 
44668359.2150661 3.51249154314503e-33 3.50436167938191e-33 3.51249154314503e-33 3.50436167938191e-33 3.50920798995711e-33 3.50107818890525e-33 
46558609.3522643 3.57040429904971e-33 3.56241165259058e-33 3.57040429904971e-33 3.56241165259058e-33 3.56708123246542e-33 3.55909087331378e-33 
48528850.0161791 3.62916439858601e-33 3.62130692049366e-33 3.62916439858601e-33 3.62130692049366e-33 3.6258002765076e-33 3.61794487115261e-33 
50582466.2002769 3.68877575248224e-33 3.68105159617816e-33 3.68877575248224e-33 3.68105159617816e-33 3.68537751370213e-33 3.67765530087878e-33 
52722986.1422462 3.74925712202616e-33 3.74166421590886e-33 3.74925712202616e-33 3.74166421590886e-33 3.74581976940458e-33 3.73822898688559e-33 
54954087.3857248 3.8106138715885e-33 3.80315037550515e-33 3.8106138715885e-33 3.80315037550515e-33 3.80714088934119e-33 3.79968120432647e-33 
57279603.0985436 3.87286587236619e-33 3.86552986179197e-33 3.87286587236619e-33 3.86552986179197e-33 3.86935410968449e-33 3.86202114228088e-33 
59703528.6583426 3.93601756646337e-33 3.92880729853791e-33 3.93601756646337e-33 3.92880729853791e-33 3.93246375376729e-33 3.9252549639268e-33 
62230028.516873 4.00008236036157e-33 3.99299572772146e-33 4.00008236036157e-33 3.99299572772146e-33 3.9964881306776e-33 3.98940321784696e-33 
64863443.354779 4.0650604816788e-33 4.05809586558719e-33 4.0650604816788e-33 4.05809586558719e-33 4.06143727108138e-33 4.05447457766131e-33 
67608297.5391513 4.13098897276106e-33 4.12414453676324e-33 4.13098897276106e-33 4.12414453676324e-33 4.12731373874091e-33 4.12047130630392e-33 
70469306.8966658 4.19786256462084e-33 4.19113631354205e-33 4.19786256462084e-33 4.19113631354205e-33 4.19414678267772e-33 4.18742279400333e-33 
73451386.8156604 4.26568756357844e-33 4.25907935111385e-33 4.26568756357844e-33 4.25907935111385e-33 4.26193532589549e-33 4.25532770297744e-33 
76559660.6910722 4.33448935227695e-33 4.32799407746493e-33 4.33448935227695e-33 4.32799407746493e-33 4.3306919753587e-33 4.32419906166866e-33 
79799468.7267419 4.40427263008128e-33 4.39789016522925e-33 4.40427263008128e-33 4.39789016522925e-33 4.40043859363243e-33 4.39405907801566e-33 
83176377.1102088 4.47505734784427e-33 4.46878619338542e-33 4.47505734784427e-33 4.46878619338542e-33 4.47117741292332e-33 4.46490848254418e-33 
86696187.5757608 4.54684761768394e-33 4.54068584596976e-33 4.54684761768394e-33 4.54068584596976e-33 4.54291729176148e-33 4.53675857806742e-33 
90364947.3721665 4.61965775933802e-33 4.61360164130935e-33 4.61965775933802e-33 4.61360164130935e-33 4.61568762550362e-33 4.60963834592815e-33 
94188959.6522177 4.69350831547314e-33 4.68756040161704e-33 4.69350831547314e-33 4.68756040161704e-33 4.68949300749203e-33 4.68354792873893e-33 
98174794.301929 4.768399035115e-33 4.76255553495837e-33 4.768399035115e-33 4.76255553495837e-33 4.76433972461468e-33 4.75849763758718e-33 
102329299.228003 4.8443528314307e-33 4.83861203979278e-33 4.8443528314307e-33 4.83861203979278e-33 4.8402398783089e-33 4.83450448022744e-33 
106659612.12295 4.92137680440454e-33 4.91573714035349e-33 4.92137680440454e-33 4.91573714035349e-33 4.91722259057311e-33 4.91158510540982e-33 
111173172.72808 4.99949281214893e-33 4.99395265657916e-33 4.99949281214893e-33 4.99395265657916e-33 4.99529129136393e-33 4.98975379742862e-33 
115877735.61543 5.07871114150423e-33 5.07326886898426e-33 5.07871114150423e-33 5.07326886898426e-33 5.07445777228668e-33 5.06901707190586e-33 
120781383.510592 5.15903680148847e-33 5.15369077308833e-33 5.15903680148847e-33 5.15369077308833e-33 5.15473784271196e-33 5.14939516161294e-33 
125892541.179326 5.24049901516699e-33 5.2352473148265e-33 5.24049901516699e-33 5.2352473148265e-33 5.2361408700177e-33 5.23089315447788e-33 
131219989.901826 5.32309560498753e-33 5.31793765241594e-33 5.32309560498753e-33 5.31793765241594e-33 5.3186995641985e-33 5.31354589439165e-33 
136772882.559486 5.40685021389692e-33 5.40178403294413e-33 5.40685021389692e-33 5.40178403294413e-33 5.40240802672723e-33 5.39734050190768e-33 
142560759.360116 5.4917780123929e-33 5.48680194074969e-33 5.4917780123929e-33 5.48680194074969e-33 5.48727512226395e-33 5.48230280564538e-33 
148593564.228593 5.57789345596428e-33 5.57300625831262e-33 5.57789345596428e-33 5.57300625831262e-33 5.57334070942392e-33 5.56845739570901e-33 
154881661.891136 5.66520194829596e-33 5.66040208342818e-33 5.66520194829596e-33 5.66040208342818e-33 5.66060232655934e-33 5.65580681615712e-33 
161435855.682531 5.75373773658663e-33 5.74902358227999e-33 5.75373773658663e-33 5.74902358227999e-33 5.74908178134952e-33 5.74436480939277e-33 
168267406.106924 5.84349662153e-33 5.83886177167113e-33 5.84349662153e-33 5.83886177167113e-33 5.83877816586356e-33 5.83415316479524e-33 
175388050.184048 5.93449038845221e-33 5.92994345599488e-33 5.93449038845221e-33 5.92994345599488e-33 5.92972757779612e-33 5.9251850121842e-33 
182810021.614141 6.02674726088362e-33 6.02228185165831e-33 6.02674726088362e-33 6.02228185165831e-33 6.02193187918742e-33 6.01747471308669e-33 
190546071.796185 6.12029375135979e-33 6.1159084771722e-33 6.12029375135979e-33 6.1159084771722e-33 6.11541808561204e-33 6.11103749587953e-33 
198609491.735591 6.21512984511387e-33 6.21082338822721e-33 6.21512984511387e-33 6.21082338822721e-33 6.21019444922908e-33 6.20589273445355e-33 
207014134.878952 6.31126461956516e-33 6.3070355103879e-33 6.31126461956516e-33 6.3070355103879e-33 6.30627813751523e-33 6.30205114336661e-33 
215774440.915107 6.4087311739711e-33 6.40457830221924e-33 6.4087311739711e-33 6.40457830221924e-33 6.40367692115796e-33 6.39952920359804e-33 
224905460.583412 6.50752865952293e-33 6.50345065792151e-33 6.50752865952293e-33 6.50345065792151e-33 6.50241793748453e-33 6.4983457042323e-33 
234422881.531819 6.60768575403909e-33 6.60368119141248e-33 6.60768575403909e-33 6.60368119141248e-33 6.6025159211857e-33 6.59851685287829e-33 
244343055.269216 6.70923140921803e-33 6.7052857699761e-33 6.70923140921803e-33 6.7052857699761e-33 6.70399563910472e-33 6.7000664440702e-33 
254683025.258315 6.81214434919076e-33 6.80828297383365e-33 6.81214434919076e-33 6.80828297383365e-33 6.80685464618432e-33 6.80299906913435e-33 
265460556.197356 6.91648341153151e-33 6.91269173026699e-33 6.91648341153151e-33 6.91269173026699e-33 6.91112020142717e-33 6.907334503702e-33 
276694164.540944 7.02222186631069e-33 7.01849793597867e-33 7.02222186631069e-33 7.01849793597867e-33 7.01681195465365e-33 7.01309503521917e-33 
288403150.312445 7.12943795722712e-33 7.12578220950789e-33 7.12943795722712e-33 7.12578220950789e-33 7.12393818168289e-33 7.12028889208557e-33 
300607630.262598 7.2380870724536e-33 7.23449696731726e-33 7.2380870724536e-33 7.23449696731726e-33 7.23253348075839e-33 7.22894921135805e-33 
313328572.431323 7.34821829840417e-33 7.34469305903702e-33 7.34821829840417e-33 7.34469305903702e-33 7.34260336227205e-33 7.33907142211196e-33 
326587832.17209 7.45984363375567e-33 7.45638254435974e-33 7.45984363375567e-33 7.45638254435974e-33 7.45415729225829e-33 7.4507025002827e-33 
340408189.700744 7.57298999032095e-33 7.5695906381791e-33 7.57298999032095e-33 7.5695906381791e-33 7.56723635042751e-33 7.56384500802831e-33 
354813389.233307 7.68766385768994e-33 7.68432629110002e-33 7.68766385768994e-33 7.68432629110002e-33 7.68184043368247e-33 7.6785111585303e-33 
369828179.779986 7.80388605776331e-33 7.8006088863916e-33 7.80388605776331e-33 7.8006088863916e-33 7.79799671662075e-33 7.79472704601831e-33 
385478357.665479 7.92168050267058e-33 7.91846247960291e-33 7.92168050267058e-33 7.91846247960291e-33 7.91572596753556e-33 7.91251599851789e-33 
401790810.848634 8.04104601381021e-33 8.03788680240567e-33 8.04104601381021e-33 8.03788680240567e-33 8.03503578716505e-33 8.03188522113283e-33 
418793565.117599 8.16203673852607e-33 8.15895557652329e-33 8.16203673852607e-33 8.15895557652329e-33 8.15595263287819e-33 8.15285782428872e-33 
436515832.239832 8.28469842383185e-33 8.28165118124314e-33 8.28469842383185e-33 8.28165118124314e-33 8.27850459895117e-33 8.27546459631996e-33 
454988060.1497 8.40894696612191e-33 8.40595427244993e-33 8.40894696612191e-33 8.40595427244993e-33 8.40268831004421e-33 8.39970536043435e-33 
474241985.25988 8.53488545119933e-33 8.53194678678076e-33 8.53488545119933e-33 8.53194678678076e-33 8.52854868332872e-33 8.52562009533194e-33 
494310686.986455 8.66251670838284e-33 8.65963083180759e-33 8.66251670838284e-33 8.65963083180759e-33 8.65609706414067e-33 8.65322267137374e-33 
515228644.581359 8.79184076008966e-33 8.78900642472039e-33 8.79184076008966e-33 8.78900642472039e-33 8.78535740734443e-33 8.78253266615139e-33 
537031796.369838 8.92290688949345e-33 8.92012400637115e-33 8.92290688949345e-33 8.92012400637115e-33 8.91633624675324e-33 8.91356320612694e-33 
559757601.494677 9.05572381323429e-33 9.05298997468478e-33 9.05572381323429e-33 9.05298997468478e-33 9.04906189157823e-33 9.04633781303512e-33 
583445104.273292 9.19031405588367e-33 9.18762872722337e-33 9.19031405588367e-33 9.18762872722337e-33 9.18357592237532e-33 9.18090313049907e-33 
608135001.278245 9.32667750688858e-33 9.32404698536553e-33 9.32667750688858e-33 9.32404698536553e-33 9.31987040236887e-33 9.31724460945544e-33 
633869711.256433 9.46487397402755e-33 9.46228276496969e-33 9.46487397402755e-33 9.46228276496969e-33 9.457974115875e-33 9.45539624514084e-33 
660693448.00708 9.60490349264216e-33 9.60235782390273e-33 9.60490349264216e-33 9.60235782390273e-33 9.59792169400581e-33 9.59538130770078e-33 
688652296.343737 9.74679005690507e-33 9.74428922205529e-33 9.74679005690507e-33 9.74428922205529e-33 9.73972703076918e-33 9.7372398880976e-33 
717794291.270799 9.89056978678406e-33 9.88811301419645e-33 9.89056978678406e-33 9.88811301419645e-33 9.88340878727056e-33 9.88096614764086e-33 
748169500.510567 1.00362451474426e-32 1.00338313017881e-32 1.00362451474426e-32 1.00338313017881e-32 1.00290094303574e-32 1.00266063034488e-32 
779830110.522645 1.01838180876005e-32 1.01814461002453e-32 1.01838180876005e-32 1.01814461002453e-32 1.01765132353797e-32 1.01741561946719e-32 
812830516.163458 1.03334334942223e-32 1.03311021614253e-32 1.03334334942223e-32 1.03311021614253e-32 1.03259765881889e-32 1.0323664802082e-32 
847227414.139927 1.04849494075233e-32 1.04826585138827e-32 1.04849494075233e-32 1.04826585138827e-32 1.04774136856971e-32 1.04751415737805e-32 
883079900.417864 1.06384731433217e-32 1.06362215643748e-32 1.06384731433217e-32 1.06362215643748e-32 1.06308555816373e-32 1.06286223899907e-32 
920449571.752441 1.07940092954745e-32 1.0791795774925e-32 1.07940092954745e-32 1.0791795774925e-32 1.07863074435481e-32 1.07841126845215e-32 
959400631.51517 1.09515800747897e-32 1.09494043491329e-32 1.09515800747897e-32 1.09494043491329e-32 1.09438141150765e-32 1.09416551930987e-32 
999999999.999203 1.11112939096482e-32 1.11091538637526e-32 1.11112939096482e-32 1.11091538637526e-32 1.11033879488743e-32 1.11012677776391e-32 
