10 2.29654e-38 1.17371e-38 2.29654e-38 1.17371e-38 2.29654e-38 1.17371e-38 
10.1509 2.32976e-38 1.1914e-38 2.32976e-38 1.1914e-38 2.32976e-38 1.1914e-38 
10.3041 2.36347e-38 1.20935e-38 2.36347e-38 1.20935e-38 2.36347e-38 1.20935e-38 
10.4596 2.39767e-38 1.22756e-38 2.39767e-38 1.22756e-38 2.39767e-38 1.22756e-38 
10.6175 2.43236e-38 1.24604e-38 2.43236e-38 1.24604e-38 2.43236e-38 1.24604e-38 
10.7777 2.46757e-38 1.26481e-38 2.46757e-38 1.26481e-38 2.46757e-38 1.26481e-38 
10.9403 2.50327e-38 1.28385e-38 2.50327e-38 1.28385e-38 2.50327e-38 1.28385e-38 
11.1054 2.53951e-38 1.30318e-38 2.53951e-38 1.30318e-38 2.53951e-38 1.30318e-38 
11.273 2.57626e-38 1.3228e-38 2.57626e-38 1.3228e-38 2.57626e-38 1.3228e-38 
11.4432 2.61356e-38 1.34271e-38 2.61356e-38 1.34271e-38 2.61356e-38 1.34271e-38 
11.6159 2.65139e-38 1.36292e-38 2.65139e-38 1.36292e-38 2.65139e-38 1.36292e-38 
11.7912 2.68977e-38 1.38344e-38 2.68977e-38 1.38344e-38 2.68977e-38 1.38344e-38 
11.9691 2.72876e-38 1.40426e-38 2.72876e-38 1.40426e-38 2.72876e-38 1.40426e-38 
12.1497 2.76823e-38 1.4254e-38 2.76823e-38 1.4254e-38 2.76823e-38 1.4254e-38 
12.3331 2.80832e-38 1.44685e-38 2.80832e-38 1.44685e-38 2.80832e-38 1.44685e-38 
12.5192 2.84899e-38 1.46862e-38 2.84899e-38 1.46862e-38 2.84899e-38 1.46862e-38 
12.7082 2.89025e-38 1.49072e-38 2.89025e-38 1.49072e-38 2.89025e-38 1.49072e-38 
12.8999 2.93211e-38 1.51316e-38 2.93211e-38 1.51316e-38 2.93211e-38 1.51316e-38 
13.0946 2.97459e-38 1.53593e-38 2.97459e-38 1.53593e-38 2.97459e-38 1.53593e-38 
13.2922 3.01767e-38 1.55904e-38 3.01767e-38 1.55904e-38 3.01767e-38 1.55904e-38 
13.4928 3.06141e-38 1.5825e-38 3.06141e-38 1.5825e-38 3.06141e-38 1.5825e-38 
13.6965 3.10575e-38 1.6063e-38 3.10575e-38 1.6063e-38 3.10575e-38 1.6063e-38 
13.9032 3.15076e-38 1.63048e-38 3.15076e-38 1.63048e-38 3.15076e-38 1.63048e-38 
14.113 3.19642e-38 1.65501e-38 3.19642e-38 1.65501e-38 3.19642e-38 1.65501e-38 
14.326 3.24274e-38 1.67991e-38 3.24274e-38 1.67991e-38 3.24274e-38 1.67991e-38 
14.5422 3.28974e-38 1.70518e-38 3.28974e-38 1.70518e-38 3.28974e-38 1.70518e-38 
14.7616 3.33742e-38 1.73084e-38 3.33742e-38 1.73084e-38 3.33742e-38 1.73084e-38 
14.9844 3.3858e-38 1.75688e-38 3.3858e-38 1.75688e-38 3.3858e-38 1.75688e-38 
15.2105 3.43489e-38 1.78331e-38 3.43489e-38 1.78331e-38 3.43489e-38 1.78331e-38 
15.4401 3.4847e-38 1.81013e-38 3.4847e-38 1.81013e-38 3.4847e-38 1.81013e-38 
15.6731 3.53522e-38 1.83737e-38 3.53522e-38 1.83737e-38 3.53522e-38 1.83737e-38 
15.9096 3.58647e-38 1.86501e-38 3.58647e-38 1.86501e-38 3.58647e-38 1.86501e-38 
16.1497 3.63849e-38 1.89306e-38 3.63849e-38 1.89306e-38 3.63849e-38 1.89306e-38 
16.3934 3.69126e-38 1.92154e-38 3.69126e-38 1.92154e-38 3.69126e-38 1.92154e-38 
16.6408 3.7448e-38 1.95045e-38 3.7448e-38 1.95045e-38 3.7448e-38 1.95045e-38 
16.892 3.79912e-38 1.97979e-38 3.79912e-38 1.97979e-38 3.79912e-38 1.97979e-38 
17.1469 3.85424e-38 2.00958e-38 3.85424e-38 2.00958e-38 3.85424e-38 2.00958e-38 
17.4057 3.91016e-38 2.0398e-38 3.91016e-38 2.0398e-38 3.91016e-38 2.0398e-38 
17.6683 3.9669e-38 2.07049e-38 3.9669e-38 2.07049e-38 3.9669e-38 2.07049e-38 
17.935 4.02446e-38 2.10163e-38 4.02446e-38 2.10163e-38 4.02446e-38 2.10163e-38 
18.2056 4.08287e-38 2.13324e-38 4.08287e-38 2.13324e-38 4.08287e-38 2.13324e-38 
18.4804 4.14213e-38 2.16534e-38 4.14213e-38 2.16534e-38 4.14213e-38 2.16534e-38 
18.7593 4.20225e-38 2.19791e-38 4.20225e-38 2.19791e-38 4.20225e-38 2.19791e-38 
19.0424 4.26325e-38 2.23098e-38 4.26325e-38 2.23098e-38 4.26325e-38 2.23098e-38 
19.3298 4.32514e-38 2.26455e-38 4.32514e-38 2.26455e-38 4.32514e-38 2.26455e-38 
19.6215 4.38794e-38 2.29861e-38 4.38794e-38 2.29861e-38 4.38794e-38 2.29861e-38 
19.9176 4.45166e-38 2.33318e-38 4.45166e-38 2.33318e-38 4.45166e-38 2.33318e-38 
20.2182 4.51632e-38 2.36829e-38 4.51632e-38 2.36829e-38 4.51632e-38 2.36829e-38 
20.5233 4.58191e-38 2.40392e-38 4.58191e-38 2.40392e-38 4.58191e-38 2.40392e-38 
20.833 4.64846e-38 2.44009e-38 4.64846e-38 2.44009e-38 4.64846e-38 2.44009e-38 
21.1474 4.71598e-38 2.4768e-38 4.71598e-38 2.4768e-38 4.71598e-38 2.4768e-38 
21.4666 4.78449e-38 2.51406e-38 4.78449e-38 2.51406e-38 4.78449e-38 2.51406e-38 
21.7905 4.85401e-38 2.55189e-38 4.85401e-38 2.55189e-38 4.85401e-38 2.55189e-38 
22.1194 4.92454e-38 2.59029e-38 4.92454e-38 2.59029e-38 4.92454e-38 2.59029e-38 
22.4532 4.99612e-38 2.62927e-38 4.99612e-38 2.62927e-38 4.99612e-38 2.62927e-38 
22.792 5.06872e-38 2.66883e-38 5.06872e-38 2.66883e-38 5.06872e-38 2.66883e-38 
23.136 5.1424e-38 2.70899e-38 5.1424e-38 2.70899e-38 5.1424e-38 2.70899e-38 
23.4852 5.21715e-38 2.74976e-38 5.21715e-38 2.74976e-38 5.21715e-38 2.74976e-38 
23.8396 5.293e-38 2.79114e-38 5.293e-38 2.79114e-38 5.293e-38 2.79114e-38 
24.1994 5.36996e-38 2.83315e-38 5.36996e-38 2.83315e-38 5.36996e-38 2.83315e-38 
24.5646 5.44805e-38 2.87579e-38 5.44805e-38 2.87579e-38 5.44805e-38 2.87579e-38 
24.9353 5.52728e-38 2.91907e-38 5.52728e-38 2.91907e-38 5.52728e-38 2.91907e-38 
25.3116 5.60768e-38 2.96301e-38 5.60768e-38 2.96301e-38 5.60768e-38 2.96301e-38 
25.6936 5.68924e-38 3.0076e-38 5.68924e-38 3.0076e-38 5.68924e-38 3.0076e-38 
26.0813 5.77201e-38 3.05288e-38 5.77201e-38 3.05288e-38 5.77201e-38 3.05288e-38 
26.4749 5.85599e-38 3.09884e-38 5.85599e-38 3.09884e-38 5.85599e-38 3.09884e-38 
26.8745 5.94119e-38 3.14548e-38 5.94119e-38 3.14548e-38 5.94119e-38 3.14548e-38 
27.28 6.02765e-38 3.19284e-38 6.02765e-38 3.19284e-38 6.02765e-38 3.19284e-38 
27.6917 6.11538e-38 3.24091e-38 6.11538e-38 3.24091e-38 6.11538e-38 3.24091e-38 
28.1096 6.20439e-38 3.28971e-38 6.20439e-38 3.28971e-38 6.20439e-38 3.28971e-38 
28.5339 6.29471e-38 3.33924e-38 6.29471e-38 3.33924e-38 6.29471e-38 3.33924e-38 
28.9645 6.38635e-38 3.38952e-38 6.38635e-38 3.38952e-38 6.38635e-38 3.38952e-38 
29.4016 6.47933e-38 3.44056e-38 6.47933e-38 3.44056e-38 6.47933e-38 3.44056e-38 
29.8453 6.57368e-38 3.49238e-38 6.57368e-38 3.49238e-38 6.57368e-38 3.49238e-38 
30.2957 6.66941e-38 3.54498e-38 6.66941e-38 3.54498e-38 6.66941e-38 3.54498e-38 
30.7529 6.76655e-38 3.59837e-38 6.76655e-38 3.59837e-38 6.76655e-38 3.59837e-38 
31.217 6.86512e-38 3.65257e-38 6.86512e-38 3.65257e-38 6.86512e-38 3.65257e-38 
31.6881 6.96513e-38 3.70759e-38 6.96513e-38 3.70759e-38 6.96513e-38 3.70759e-38 
32.1663 7.06661e-38 3.76343e-38 7.06661e-38 3.76343e-38 7.06661e-38 3.76343e-38 
32.6518 7.16956e-38 3.82012e-38 7.16956e-38 3.82012e-38 7.16956e-38 3.82012e-38 
33.1445 7.27405e-38 3.87768e-38 7.27405e-38 3.87768e-38 7.27405e-38 3.87768e-38 
33.6447 7.38006e-38 3.93611e-38 7.38006e-38 3.93611e-38 7.38006e-38 3.93611e-38 
34.1525 7.48761e-38 3.99541e-38 7.48761e-38 3.99541e-38 7.48761e-38 3.99541e-38 
34.6679 7.59675e-38 4.05561e-38 7.59675e-38 4.05561e-38 7.59675e-38 4.05561e-38 
35.1911 7.70753e-38 4.11673e-38 7.70753e-38 4.11673e-38 7.70753e-38 4.11673e-38 
35.7222 7.81991e-38 4.17875e-38 7.81991e-38 4.17875e-38 7.81991e-38 4.17875e-38 
36.2613 7.93393e-38 4.24174e-38 7.93393e-38 4.24174e-38 7.93393e-38 4.24174e-38 
36.8085 8.04963e-38 4.30568e-38 8.04963e-38 4.30568e-38 8.04963e-38 4.30568e-38 
37.364 8.16703e-38 4.37057e-38 8.16703e-38 4.37057e-38 8.16703e-38 4.37057e-38 
37.9279 8.28615e-38 4.43645e-38 8.28615e-38 4.43645e-38 8.28615e-38 4.43645e-38 
38.5002 8.40706e-38 4.50334e-38 8.40706e-38 4.50334e-38 8.40706e-38 4.50334e-38 
39.0813 8.52969e-38 4.57123e-38 8.52969e-38 4.57123e-38 8.52969e-38 4.57123e-38 
39.6711 8.65416e-38 4.64014e-38 8.65416e-38 4.64014e-38 8.65416e-38 4.64014e-38 
40.2698 8.78043e-38 4.71011e-38 8.78043e-38 4.71011e-38 8.78043e-38 4.71011e-38 
40.8775 8.90856e-38 4.78113e-38 8.90856e-38 4.78113e-38 8.90856e-38 4.78113e-38 
41.4944 9.03858e-38 4.85322e-38 9.03858e-38 4.85322e-38 9.03858e-38 4.85322e-38 
42.1206 9.17051e-38 4.92641e-38 9.17051e-38 4.92641e-38 9.17051e-38 4.92641e-38 
42.7562 9.30438e-38 5.00071e-38 9.30438e-38 5.00071e-38 9.30438e-38 5.00071e-38 
43.4015 9.44023e-38 5.07614e-38 9.44023e-38 5.07614e-38 9.44023e-38 5.07614e-38 
44.0565 9.57807e-38 5.1527e-38 9.57807e-38 5.1527e-38 9.57807e-38 5.1527e-38 
44.7214 9.71792e-38 5.23044e-38 9.71792e-38 5.23044e-38 9.71792e-38 5.23044e-38 
45.3963 9.85985e-38 5.30933e-38 9.85985e-38 5.30933e-38 9.85985e-38 5.30933e-38 
46.0814 1.00038e-37 5.38943e-38 1.00038e-37 5.38943e-38 1.00038e-37 5.38943e-38 
46.7768 1.015e-37 5.47076e-38 1.015e-37 5.47076e-38 1.015e-37 5.47076e-38 
47.4827 1.02982e-37 5.55331e-38 1.02982e-37 5.55331e-38 1.02982e-37 5.55331e-38 
48.1993 1.04487e-37 5.6371e-38 1.04487e-37 5.6371e-38 1.04487e-37 5.6371e-38 
48.9267 1.06014e-37 5.72216e-38 1.06014e-37 5.72216e-38 1.06014e-37 5.72216e-38 
49.6651 1.07563e-37 5.80853e-38 1.07563e-37 5.80853e-38 1.07563e-37 5.80853e-38 
50.4146 1.09135e-37 5.8962e-38 1.09135e-37 5.8962e-38 1.09135e-37 5.8962e-38 
51.1754 1.1073e-37 5.9852e-38 1.1073e-37 5.9852e-38 1.1073e-37 5.9852e-38 
51.9477 1.12348e-37 6.07553e-38 1.12348e-37 6.07553e-38 1.12348e-37 6.07553e-38 
52.7317 1.1399e-37 6.16725e-38 1.1399e-37 6.16725e-38 1.1399e-37 6.16725e-38 
53.5275 1.15657e-37 6.26034e-38 1.15657e-37 6.26034e-38 1.15657e-37 6.26034e-38 
54.3353 1.17348e-37 6.35486e-38 1.17348e-37 6.35486e-38 1.17348e-37 6.35486e-38 
55.1553 1.19063e-37 6.45081e-38 1.19063e-37 6.45081e-38 1.19063e-37 6.45081e-38 
55.9877 1.20804e-37 6.54821e-38 1.20804e-37 6.54821e-38 1.20804e-37 6.54821e-38 
56.8326 1.22571e-37 6.64709e-38 1.22571e-37 6.64709e-38 1.22571e-37 6.64709e-38 
57.6903 1.24364e-37 6.74747e-38 1.24364e-37 6.74747e-38 1.24364e-37 6.74747e-38 
58.5609 1.26183e-37 6.84939e-38 1.26183e-37 6.84939e-38 1.26183e-37 6.84939e-38 
59.4447 1.28028e-37 6.95284e-38 1.28028e-37 6.95284e-38 1.28028e-37 6.95284e-38 
60.3418 1.29901e-37 7.05785e-38 1.29901e-37 7.05785e-38 1.29901e-37 7.05785e-38 
61.2524 1.31802e-37 7.16447e-38 1.31802e-37 7.16447e-38 1.31802e-37 7.16447e-38 
62.1768 1.3373e-37 7.27269e-38 1.3373e-37 7.27269e-38 1.3373e-37 7.27269e-38 
63.1151 1.35687e-37 7.38258e-38 1.35687e-37 7.38258e-38 1.35687e-37 7.38258e-38 
64.0676 1.37673e-37 7.4941e-38 1.37673e-37 7.4941e-38 1.37673e-37 7.4941e-38 
65.0345 1.39687e-37 7.60734e-38 1.39687e-37 7.60734e-38 1.39687e-37 7.60734e-38 
66.016 1.41731e-37 7.72228e-38 1.41731e-37 7.72228e-38 1.41731e-37 7.72228e-38 
67.0122 1.43806e-37 7.83898e-38 1.43806e-37 7.83898e-38 1.43806e-37 7.83898e-38 
68.0235 1.45911e-37 7.95744e-38 1.45911e-37 7.95744e-38 1.45911e-37 7.95744e-38 
69.0501 1.48048e-37 8.07771e-38 1.48048e-37 8.07771e-38 1.48048e-37 8.07771e-38 
70.0922 1.50215e-37 8.19979e-38 1.50215e-37 8.19979e-38 1.50215e-37 8.19979e-38 
71.15 1.52414e-37 8.32374e-38 1.52414e-37 8.32374e-38 1.52414e-37 8.32374e-38 
72.2237 1.54646e-37 8.44956e-38 1.54646e-37 8.44956e-38 1.54646e-37 8.44956e-38 
73.3137 1.5691e-37 8.57728e-38 1.5691e-37 8.57728e-38 1.5691e-37 8.57728e-38 
74.4201 1.59209e-37 8.70695e-38 1.59209e-37 8.70695e-38 1.59209e-37 8.70695e-38 
75.5432 1.6154e-37 8.83859e-38 1.6154e-37 8.83859e-38 1.6154e-37 8.83859e-38 
76.6832 1.63906e-37 8.97222e-38 1.63906e-37 8.97222e-38 1.63906e-37 8.97222e-38 
77.8405 1.66307e-37 9.10789e-38 1.66307e-37 9.10789e-38 1.66307e-37 9.10789e-38 
79.0152 1.68743e-37 9.24561e-38 1.68743e-37 9.24561e-38 1.68743e-37 9.24561e-38 
80.2077 1.71215e-37 9.38543e-38 1.71215e-37 9.38543e-38 1.71215e-37 9.38543e-38 
81.4181 1.73724e-37 9.52736e-38 1.73724e-37 9.52736e-38 1.73724e-37 9.52736e-38 
82.6468 1.76269e-37 9.67145e-38 1.76269e-37 9.67145e-38 1.76269e-37 9.67145e-38 
83.8941 1.78852e-37 9.81772e-38 1.78852e-37 9.81772e-38 1.78852e-37 9.81772e-38 
85.1602 1.81472e-37 9.96622e-38 1.81472e-37 9.96622e-38 1.81472e-37 9.96622e-38 
86.4453 1.84132e-37 1.0117e-37 1.84132e-37 1.0117e-37 1.84132e-37 1.0117e-37 
87.7499 1.8683e-37 1.027e-37 1.8683e-37 1.027e-37 1.8683e-37 1.027e-37 
89.0742 1.89568e-37 1.04254e-37 1.89568e-37 1.04254e-37 1.89568e-37 1.04254e-37 
90.4184 1.92347e-37 1.05831e-37 1.92347e-37 1.05831e-37 1.92347e-37 1.05831e-37 
91.783 1.95166e-37 1.07432e-37 1.95166e-37 1.07432e-37 1.95166e-37 1.07432e-37 
93.1681 1.98026e-37 1.09058e-37 1.98026e-37 1.09058e-37 1.98026e-37 1.09058e-37 
94.5742 2.00929e-37 1.10708e-37 2.00929e-37 1.10708e-37 2.00929e-37 1.10708e-37 
96.0014 2.03875e-37 1.12383e-37 2.03875e-37 1.12383e-37 2.03875e-37 1.12383e-37 
97.4502 2.06864e-37 1.14084e-37 2.06864e-37 1.14084e-37 2.06864e-37 1.14084e-37 
98.9209 2.09897e-37 1.1581e-37 2.09897e-37 1.1581e-37 2.09897e-37 1.1581e-37 
100.414 2.12974e-37 1.17563e-37 2.12974e-37 1.17563e-37 2.12974e-37 1.17563e-37 
101.929 2.16098e-37 1.19342e-37 2.16098e-37 1.19342e-37 2.16098e-37 1.19342e-37 
103.467 2.19266e-37 1.21148e-37 2.19266e-37 1.21148e-37 2.19266e-37 1.21148e-37 
105.029 2.22481e-37 1.22982e-37 2.22481e-37 1.22982e-37 2.22481e-37 1.22982e-37 
106.614 2.25744e-37 1.24843e-37 2.25744e-37 1.24843e-37 2.25744e-37 1.24843e-37 
108.223 2.29055e-37 1.26733e-37 2.29055e-37 1.26733e-37 2.29055e-37 1.26733e-37 
109.856 2.32414e-37 1.28652e-37 2.32414e-37 1.28652e-37 2.32414e-37 1.28652e-37 
111.514 2.35822e-37 1.30599e-37 2.35822e-37 1.30599e-37 2.35822e-37 1.30599e-37 
113.197 2.39281e-37 1.32576e-37 2.39281e-37 1.32576e-37 2.39281e-37 1.32576e-37 
114.905 2.42791e-37 1.34584e-37 2.42791e-37 1.34584e-37 2.42791e-37 1.34584e-37 
116.639 2.46352e-37 1.36621e-37 2.46352e-37 1.36621e-37 2.46352e-37 1.36621e-37 
118.399 2.49966e-37 1.3869e-37 2.49966e-37 1.3869e-37 2.49966e-37 1.3869e-37 
120.186 2.53632e-37 1.40789e-37 2.53632e-37 1.40789e-37 2.53632e-37 1.40789e-37 
122 2.57353e-37 1.42921e-37 2.57353e-37 1.42921e-37 2.57353e-37 1.42921e-37 
123.841 2.61128e-37 1.45085e-37 2.61128e-37 1.45085e-37 2.61128e-37 1.45085e-37 
125.71 2.64959e-37 1.47282e-37 2.64959e-37 1.47282e-37 2.64959e-37 1.47282e-37 
127.607 2.68846e-37 1.49513e-37 2.68846e-37 1.49513e-37 2.68846e-37 1.49513e-37 
129.533 2.7279e-37 1.51777e-37 2.7279e-37 1.51777e-37 2.7279e-37 1.51777e-37 
131.488 2.76792e-37 1.54075e-37 2.76792e-37 1.54075e-37 2.76792e-37 1.54075e-37 
133.472 2.80853e-37 1.56409e-37 2.80853e-37 1.56409e-37 2.80853e-37 1.56409e-37 
135.487 2.84974e-37 1.58778e-37 2.84974e-37 1.58778e-37 2.84974e-37 1.58778e-37 
137.531 2.89155e-37 1.61182e-37 2.89155e-37 1.61182e-37 2.89155e-37 1.61182e-37 
139.607 2.93397e-37 1.63623e-37 2.93397e-37 1.63623e-37 2.93397e-37 1.63623e-37 
141.714 2.97702e-37 1.66102e-37 2.97702e-37 1.66102e-37 2.97702e-37 1.66102e-37 
143.852 3.0207e-37 1.68617e-37 3.0207e-37 1.68617e-37 3.0207e-37 1.68617e-37 
146.023 3.06502e-37 1.71171e-37 3.06502e-37 1.71171e-37 3.06502e-37 1.71171e-37 
148.227 3.10999e-37 1.73765e-37 3.10999e-37 1.73765e-37 3.10999e-37 1.73765e-37 
150.464 3.15563e-37 1.76396e-37 3.15563e-37 1.76396e-37 3.15563e-37 1.76396e-37 
152.735 3.20193e-37 1.79067e-37 3.20193e-37 1.79067e-37 3.20193e-37 1.79067e-37 
155.04 3.24891e-37 1.8178e-37 3.24891e-37 1.8178e-37 3.24891e-37 1.8178e-37 
157.379 3.29659e-37 1.84534e-37 3.29659e-37 1.84534e-37 3.29659e-37 1.84534e-37 
159.754 3.34496e-37 1.87329e-37 3.34496e-37 1.87329e-37 3.34496e-37 1.87329e-37 
162.165 3.39404e-37 1.90167e-37 3.39404e-37 1.90167e-37 3.39404e-37 1.90167e-37 
164.613 3.44384e-37 1.93048e-37 3.44384e-37 1.93048e-37 3.44384e-37 1.93048e-37 
167.097 3.49438e-37 1.95972e-37 3.49438e-37 1.95972e-37 3.49438e-37 1.95972e-37 
169.619 3.54565e-37 1.98941e-37 3.54565e-37 1.98941e-37 3.54565e-37 1.98941e-37 
172.178 3.59767e-37 2.01955e-37 3.59767e-37 2.01955e-37 3.59767e-37 2.01955e-37 
174.777 3.65046e-37 2.05014e-37 3.65046e-37 2.05014e-37 3.65046e-37 2.05014e-37 
177.414 3.70402e-37 2.0812e-37 3.70402e-37 2.0812e-37 3.70402e-37 2.0812e-37 
180.092 3.75837e-37 2.11273e-37 3.75837e-37 2.11273e-37 3.75837e-37 2.11273e-37 
182.81 3.81352e-37 2.14473e-37 3.81352e-37 2.14473e-37 3.81352e-37 2.14473e-37 
185.568 3.86946e-37 2.17722e-37 3.86946e-37 2.17722e-37 3.86946e-37 2.17722e-37 
188.369 3.92623e-37 2.21021e-37 3.92623e-37 2.21021e-37 3.92623e-37 2.21021e-37 
191.212 3.98383e-37 2.24369e-37 3.98383e-37 2.24369e-37 3.98383e-37 2.24369e-37 
194.097 4.04228e-37 2.27768e-37 4.04228e-37 2.27768e-37 4.04228e-37 2.27768e-37 
197.027 4.10158e-37 2.31218e-37 4.10158e-37 2.31218e-37 4.10158e-37 2.31218e-37 
200 4.16175e-37 2.34721e-37 4.16175e-37 2.34721e-37 4.16175e-37 2.34721e-37 
