100 6.83656678422631e-37 3.30739408900946e-37 6.83656678422631e-37 3.30739408900946e-37 5.83732358111647e-37 2.88712170759144e-37 
103.282812594103 7.05399138389892e-37 3.41701550223598e-37 7.05399138389892e-37 3.41701550223598e-37 6.04641227189768e-37 2.99057568014254e-37 
106.673393773486 7.27833502544982e-37 3.53026940155794e-37 7.27833502544982e-37 3.53026940155794e-37 6.26237348666725e-37 3.09758538604887e-37 
110.175281378838 7.50982441563643e-37 3.64728628282982e-37 7.50982441563643e-37 3.64728628282982e-37 6.48542764073517e-37 3.20827576725012e-37 
113.792129391531 7.74869122372631e-37 3.76818678235531e-37 7.74869122372631e-37 3.76818678235531e-37 6.71580366257471e-37 3.32275650523892e-37 
117.527711746294 7.99515717966742e-37 3.89310063686601e-37 7.99515717966742e-37 3.89310063686601e-37 6.95371632065966e-37 3.44117205262099e-37 
121.385926269062 8.24947103818846e-37 4.02216416933974e-37 8.24947103818846e-37 4.02216416933974e-37 7.19946470033701e-37 3.56363958207965e-37 
125.370798744091 8.51186954769964e-37 4.15551087765696e-37 8.51186954769964e-37 4.15551087765696e-37 7.4532164466564e-37 3.69029056162184e-37 
129.486487114589 8.7826304771342e-37 4.2932883542395e-37 8.7826304771342e-37 4.2932883542395e-37 7.7152769180495e-37 3.82130161879137e-37 
133.737285821248 9.06199219925024e-37 4.43563081013526e-37 9.06199219925024e-37 4.43563081013526e-37 7.98587257643291e-37 3.95677735290023e-37 
138.127630283199 9.35024331937797e-37 4.5827041242967e-37 9.35024331937797e-37 4.5827041242967e-37 8.26528475531076e-37 4.09686899912221e-37 
142.662101526072 9.64765942154432e-37 4.73465614560072e-37 9.64765942154432e-37 4.73465614560072e-37 8.55380679215057e-37 4.24174604439622e-37 
147.345430961982 9.95451012786051e-37 4.89164865841495e-37 9.95451012786051e-37 4.89164865841495e-37 8.8516786537605e-37 4.39155657652492e-37 
152.182505326437 1.02711374781574e-36 5.05384054829319e-37 1.02711374781574e-36 5.05384054829319e-37 9.15924883940073e-37 4.5464536106949e-37 
157.178371777314 1.05978084111805e-36 5.22143690091998e-37 1.05978084111805e-36 5.22143690091998e-37 9.47682338281062e-37 4.70665801116191e-37 
162.338243161225 1.09348495402673e-36 5.39458551228529e-37 1.09348495402673e-36 5.39458551228529e-37 9.80465550196794e-37 4.87229018435047e-37 
167.667503452767 1.12825897899337e-36 5.57347299805428e-37 1.12825897899337e-36 5.57347299805428e-37 1.01431130117145e-36 5.04356662278867e-37 
173.171713372332 1.16413728479319e-36 5.75829935085415e-37 1.16413728479319e-36 5.75829935085415e-37 1.0492540037923e-36 5.22065502892082e-37 
178.856616188343 1.20114964805461e-36 5.94924876796908e-37 1.20114964805461e-36 5.94924876796908e-37 1.08532635933293e-36 5.40377104189305e-37 
184.72814370996 1.23933906537472e-36 6.14652447234385e-37 1.23933906537472e-36 6.14652447234385e-37 1.12256402012613e-36 5.59309198965894e-37 
190.792422476522 1.27873717396262e-36 6.35034100044979e-37 1.27873717396262e-36 6.35034100044979e-37 1.16118632123714e-36 5.78885186255705e-37 
197.055780150175 1.31938277199309e-36 6.56090941083805e-37 1.31938277199309e-36 6.56090941083805e-37 1.20068136137605e-36 5.99125178518152e-37 
203.524752118353 1.3613143044204e-36 6.7784554307324e-37 1.3613143044204e-36 6.7784554307324e-37 1.2416387391258e-36 6.20049098281029e-37 
210.20608831301 1.40457341174843e-36 7.00320499302267e-37 1.40457341174843e-36 7.00320499302267e-37 1.28391361399009e-36 6.41681338544071e-37 
217.106760253721 1.44920218264407e-36 7.2353979436989e-37 1.44920218264407e-36 7.2353979436989e-37 1.3275465659546e-36 6.64048577845028e-37 
224.233968321978 1.49523708684817e-36 7.47527998044347e-37 1.49523708684817e-36 7.47527998044347e-37 1.37258012347051e-36 6.87167411254187e-37 
231.595149274309 1.54272963276378e-36 7.72309850208344e-37 1.54272963276378e-36 7.72309850208344e-37 1.41905765346497e-36 7.1106864113177e-37 
239.197984002017 1.591718132611e-36 7.97910342402193e-37 1.591718132611e-36 7.97910342402193e-37 1.46702618906143e-36 7.35779768464984e-37 
247.050405545675 1.64225295790719e-36 8.2436132608988e-37 1.64225295790719e-36 8.2436132608988e-37 1.51653229614495e-36 7.61321386496523e-37 
255.16060737271 1.69438634609722e-36 8.51683017174363e-37 1.69438634609722e-36 8.51683017174363e-37 1.56761629255519e-36 7.87725266787351e-37 
263.53705192673 1.74815593267912e-36 8.7990993525937e-37 1.74815593267912e-36 8.7990993525937e-37 1.6203342233976e-36 8.15018533670622e-37 
272.188479457508 1.8036202995745e-36 9.09069764085676e-37 1.8036202995745e-36 9.09069764085676e-37 1.67473700110628e-36 8.43231518136914e-37 
281.123917140836 1.86083114659588e-36 9.3919153000007e-37 1.86083114659588e-36 9.3919153000007e-37 1.73087342605939e-36 8.72394534857362e-37 
290.35268849777 1.91983617776102e-36 9.70309466485083e-37 1.91983617776102e-36 9.70309466485083e-37 1.78880752056223e-36 9.02539042043581e-37 
299.884423123091 1.98070030211572e-36 1.00245388257361e-36 1.98070030211572e-36 1.00245388257361e-36 1.84857513747905e-36 9.33694328233522e-37 
309.729066733128 2.04347311417557e-36 1.0356600377448e-36 2.04347311417557e-36 1.0356600377448e-36 1.9102467320414e-36 9.65899702238972e-37 
319.89689154344 2.10821204761218e-36 1.06995894571208e-36 2.10821204761218e-36 1.06995894571208e-36 1.97387152479439e-36 9.99182245458513e-37 
330.398506987172 2.17498092019514e-36 1.10538959839358e-36 2.17498092019514e-36 1.10538959839358e-36 2.03949649080181e-36 1.03358273639203e-36 
341.244870785274 2.24384031865312e-36 1.14198754357326e-36 2.24384031865312e-36 1.14198754357326e-36 2.10721587825098e-36 1.06913533343755e-36 
352.447300380143 2.3148563843316e-36 1.17979350230519e-36 2.3148563843316e-36 1.17979350230519e-36 2.17708021442481e-36 1.10587787156989e-36 
364.017484744597 2.38808735828122e-36 1.21884122408525e-36 2.38808735828122e-36 1.21884122408525e-36 2.24914307578202e-36 1.14384994536048e-36 
375.967496578529 2.46360832814885e-36 1.25917607512026e-36 2.46360832814885e-36 1.25917607512026e-36 2.32348742881577e-36 1.18309099586241e-36 
388.309804905942 2.54147667800107e-36 1.30083518378446e-36 2.54147667800107e-36 1.30083518378446e-36 2.40017198003224e-36 1.22364594790227e-36 
401.05728808553 2.62177862130886e-36 1.34386580094666e-36 2.62177862130886e-36 1.34386580094666e-36 2.47926932305651e-36 1.26555084531044e-36 
414.223247248368 2.70457249116251e-36 1.38830782268065e-36 2.70457249116251e-36 1.38830782268065e-36 2.56085246020123e-36 1.30885349167597e-36 
427.821420176739 2.78994564864867e-36 1.43421080692038e-36 2.78994564864867e-36 1.43421080692038e-36 2.64499707099693e-36 1.35359987453377e-36 
441.865995638571 2.87796696111433e-36 1.48161983300965e-36 2.87796696111433e-36 1.48161983300965e-36 2.73177958445308e-36 1.3998362508461e-36 
456.371628192451 2.96871892345943e-36 1.53058121244252e-36 2.96871892345943e-36 1.53058121244252e-36 2.82125973231325e-36 1.44761373411049e-36 
471.353453478665 3.06227853846729e-36 1.58114927969576e-36 3.06227853846729e-36 1.58114927969576e-36 2.91356954134021e-36 1.49697329962429e-36 
486.8271040122 3.15873229124751e-36 1.63337298766274e-36 3.15873229124751e-36 1.63337298766274e-36 3.00874435792359e-36 1.54797490928863e-36 
502.808725494219 3.25816644475718e-36 1.68730436978743e-36 3.25816644475718e-36 1.68730436978743e-36 3.10688693855622e-36 1.60066750292646e-36 
519.31499365899 3.36069136718667e-36 1.74300066516953e-36 3.36069136718667e-36 1.74300066516953e-36 3.20807845902654e-36 1.65511111784521e-36 
536.363131673892 3.46632974582804e-36 1.80051357710806e-36 3.46632974582804e-36 1.80051357710806e-36 3.31241576352926e-36 1.7113505761436e-36 
553.970928110606 3.57522616886506e-36 1.85990868540855e-36 3.57522616886506e-36 1.85990868540855e-36 3.41998974723614e-36 1.76945369430109e-36 
572.156755506289 3.68747860820138e-36 1.9212420406987e-36 3.68747860820138e-36 1.9212420406987e-36 3.5308942508947e-36 1.82947938967005e-36 
590.939589534059 3.80316938136282e-36 1.98455895220378e-36 3.80316938136282e-36 1.98455895220378e-36 3.6452270301604e-36 1.89147929473067e-36 
610.339028802822 3.9224001283608e-36 2.04996243200576e-36 3.9224001283608e-36 2.04996243200576e-36 3.76308318695021e-36 1.95552586747219e-36 
630.375315307086 4.04528211754405e-36 2.11748160033369e-36 4.04528211754405e-36 2.11748160033369e-36 3.88456187636322e-36 2.02168176325631e-36 
651.069355548102 4.17189838000442e-36 2.18719599758933e-36 4.17189838000442e-36 2.18719599758933e-36 4.0097702558818e-36 2.09003113853325e-36 
672.442742348378 4.30238075144853e-36 2.25917680201709e-36 4.30238075144853e-36 2.25917680201709e-36 4.13882615466768e-36 2.16059779959593e-36 
694.517777382321 4.43682492532541e-36 2.33349187614979e-36 4.43682492532541e-36 2.33349187614979e-36 4.27183317783111e-36 2.23348766763149e-36 
717.31749444651 4.57534612698566e-36 2.41021570965178e-36 4.57534612698566e-36 2.41021570965178e-36 4.40890409293701e-36 2.30877868946566e-36 
740.865683493903 4.71806804497372e-36 2.48942670837455e-36 4.71806804497372e-36 2.48942670837455e-36 4.55016389892739e-36 2.38653507734648e-36 
765.186915457026 4.86509949845709e-36 2.57119610163836e-36 4.86509949845709e-36 2.57119610163836e-36 4.69570324317639e-36 2.4668269620014e-36 
790.306567886076 5.01657249374423e-36 2.65561247491489e-36 5.01657249374423e-36 2.65561247491489e-36 4.84567643259407e-36 2.54974722064242e-36 
816.250851428661 5.17261037364196e-36 2.7427496341387e-36 5.17261037364196e-36 2.7427496341387e-36 5.00019280249417e-36 2.63537163662736e-36 
843.046837178832 5.33331014794165e-36 2.83269241630509e-36 5.33331014794165e-36 2.83269241630509e-36 5.15937818015839e-36 2.72378721300613e-36 
870.722484923924 5.4988339549055e-36 2.92554765151277e-36 5.4988339549055e-36 2.92554765151277e-36 5.32336008863548e-36 2.81507592411014e-36 
899.306672318691 5.66931352791198e-36 3.02137143609117e-36 5.66931352791198e-36 3.02137143609117e-36 5.49226491884881e-36 2.90933452514801e-36 
928.829225017175 5.84487871203741e-36 3.12027845741032e-36 5.84487871203741e-36 3.12027845741032e-36 5.66625088045317e-36 3.00664802388975e-36 
959.320947793746 6.02565979961742e-36 3.2223592265451e-36 6.02565979961742e-36 3.2223592265451e-36 5.84543977969544e-36 3.10711438652084e-36 
990.813656685785 6.21182229232558e-36 3.32771104318268e-36 6.21182229232558e-36 3.32771104318268e-36 6.03000470859123e-36 3.21083305421857e-36 
1023.34021219156 6.40348815817656e-36 3.43643759163229e-36 6.40348815817656e-36 3.43643759163229e-36 6.22004169458976e-36 3.31790165312037e-36 
1056.9345535579 6.60081528227327e-36 3.54862872594452e-36 6.60081528227327e-36 3.54862872594452e-36 6.41572678050308e-36 3.42842439049998e-36 
1091.63173419352 6.8039640575324e-36 3.66440771026657e-36 6.8039640575324e-36 3.66440771026657e-36 6.61720784628943e-36 3.54250120945397e-36 
1127.46795824485 7.01305753613339e-36 3.78387601386147e-36 7.01305753613339e-36 3.78387601386147e-36 6.82464406278076e-36 3.66024606866706e-36 
1164.48061837258 7.2283104098294e-36 3.90714670966833e-36 7.2283104098294e-36 3.90714670966833e-36 7.03819103233834e-36 3.78177391601381e-36 
1202.7083347684 7.44984600487271e-36 4.03432304802368e-36 7.44984600487271e-36 4.03432304802368e-36 7.25802396313089e-36 3.90720474665069e-36 
1242.1909954525 7.67783112914313e-36 4.16554692814664e-36 7.67783112914313e-36 4.16554692814664e-36 7.48426662487586e-36 4.03663953144232e-36 
1282.96979789403 7.91243127228712e-36 4.30092433069047e-36 7.91243127228712e-36 4.30092433069047e-36 7.71712793183936e-36 4.17019846024828e-36 
1325.08729199783 8.15382365214912e-36 4.44057555494708e-36 8.15382365214912e-36 4.44057555494708e-36 7.95677069936585e-36 4.30801879937745e-36 
1368.58742450239 8.40218844136957e-36 4.58462942092099e-36 8.40218844136957e-36 4.58462942092099e-36 8.20334547820249e-36 4.45023649635634e-36 
1413.51558483526 8.65770828764578e-36 4.73322289861371e-36 8.65770828764578e-36 4.73322289861371e-36 8.4570600777641e-36 4.5969507216519e-36 
1459.91865247384 8.920546536593e-36 4.88649341502687e-36 8.920546536593e-36 4.88649341502687e-36 8.71807618247913e-36 4.7483328721806e-36 
1507.8450458609 9.19089689848289e-36 5.04457146940748e-36 9.19089689848289e-36 5.04457146940748e-36 8.98658499914278e-36 4.90448944078898e-36 
1557.34477292598 9.46895807989981e-36 5.20761075456038e-36 9.46895807989981e-36 5.20761075456038e-36 9.26279340122461e-36 5.0655925354869e-36 
1608.46948326519 9.75488805927442e-36 5.37572088057281e-36 9.75488805927442e-36 5.37572088057281e-36 9.54686122251453e-36 5.23174995873551e-36 
1661.27252203412 1.00489268825858e-35 5.5490999356465e-36 1.00489268825858e-35 5.5490999356465e-36 9.8390025240628e-36 5.40314249060351e-36 
1715.80898560983 1.03512470268444e-35 5.72787540758169e-36 1.03512470268444e-35 5.72787540758169e-36 1.0139404484281e-35 5.57991597355139e-36 
1772.13577908017 1.06620578118963e-35 5.91220631173194e-36 1.06620578118963e-35 5.91220631173194e-36 1.04483076172083e-35 5.76221190745398e-36 
1830.31167562042 1.09815602724432e-35 6.10225534790519e-36 1.09815602724432e-35 6.10225534790519e-36 1.07658600703341e-35 5.95020171540789e-36 
1890.39737781902 1.13099919619902e-35 6.29818439297932e-36 1.13099919619902e-35 6.29818439297932e-36 1.10923065666333e-35 6.14405252111299e-36 
1952.45558101665 1.16474776977867e-35 6.50016891757336e-36 1.16474776977867e-35 6.50016891757336e-36 1.14278300405232e-35 6.34392772615219e-36 
2016.55103872453 1.1994407532016e-35 6.70836939215981e-36 1.1994407532016e-35 6.70836939215981e-36 1.17726815382276e-35 6.54999804319367e-36 
2082.75063019028 1.23508081838895e-35 6.9229701910391e-36 1.23508081838895e-35 6.9229701910391e-36 1.21270463835456e-35 6.76244668630567e-36 
2151.12343018193 1.2716871499645e-35 7.14414774985543e-36 1.2716871499645e-35 7.14414774985543e-36 1.24911663572293e-35 6.98145509545586e-36 
2221.74078106263 1.30930219441464e-35 7.37209166089337e-36 1.30930219441464e-35 7.37209166089337e-36 1.28652591108008e-35 7.20720679086924e-36 
2294.67636723167 1.34793866580078e-35 7.60699369291835e-36 1.34793866580078e-35 7.60699369291835e-36 1.32495521012382e-35 7.43987973883921e-36 
2370.00629200906 1.38762102915872e-35 7.84904542219369e-36 1.38762102915872e-35 7.84904542219369e-36 1.36442898927989e-35 7.67968404831556e-36 
2447.80915704416 1.42837094551057e-35 8.09843582924067e-36 1.42837094551057e-35 8.09843582924067e-36 1.40496689701444e-35 7.9268160912028e-36 
2528.1661443312 1.47021361659407e-35 8.35538810128707e-36 1.47021361659407e-35 8.35538810128707e-36 1.44659547044938e-35 8.18146287445056e-36 
2611.16110091715 1.51317189448466e-35 8.62008771545724e-36 1.51317189448466e-35 8.62008771545724e-36 1.48933782551774e-35 8.44384958676555e-36 
2696.88062639037 1.55726960618189e-35 8.8927721486197e-36 1.55726960618189e-35 8.8927721486197e-36 1.53321826473443e-35 8.71418356478213e-36 
2785.41416324143 1.60253434135849e-35 9.17364164559047e-36 1.60253434135849e-35 9.17364164559047e-36 1.57826322628115e-35 8.99267642702455e-36 
2876.85409019024 1.64898718409583e-35 9.46291506660949e-36 1.64898718409583e-35 9.46291506660949e-36 1.62449341401188e-35 9.27957093012547e-36 
2971.29581857697 1.69665592904752e-35 9.76082542617382e-36 1.69665592904752e-35 9.76082542617382e-36 1.67193911149939e-35 9.57506800503932e-36 
3068.83789191726 1.74556465702525e-35 1.00676062342312e-35 1.74556465702525e-35 1.00676062342312e-35 1.72062293586997e-35 9.87940213761113e-36 
3169.58208872571 1.79573227436272e-35 1.03834912658577e-35 1.79573227436272e-35 1.03834912658577e-35 1.77056923071022e-35 1.01928038318699e-35 
3273.63352871483 1.84720096894641e-35 1.07086765517899e-35 1.84720096894641e-35 1.07086765517899e-35 1.82180468207044e-35 1.05155207348092e-35 
3381.10078248025 1.89998865073684e-35 1.10434999641988e-35 1.89998865073684e-35 1.10434999641988e-35 1.87435745103283e-35 1.08478229746184e-35 
3492.09598478682 1.95411727362395e-35 1.13881995276742e-35 1.95411727362395e-35 1.13881995276742e-35 1.92825209345884e-35 1.11899308560834e-35 
3606.73495157355 2.00961515570435e-35 1.17429528569551e-35 2.00961515570435e-35 1.17429528569551e-35 1.98351428624203e-35 1.15421095519646e-35 
3725.13730079972 2.06651317235832e-35 1.21080710426235e-35 2.06651317235832e-35 1.21080710426235e-35 2.04017358717818e-35 1.19046295690649e-35 
3847.42657725799 2.12483421782795e-35 1.24838030112269e-35 2.12483421782795e-35 1.24838030112269e-35 2.09825589222238e-35 1.22777346807419e-35 
3973.73038148507 2.18460821068024e-35 1.28704478575e-35 2.18460821068024e-35 1.28704478575e-35 2.15778601505406e-35 1.26617268942441e-35 
4104.18050290415 2.2458614071516e-35 1.32682602179146e-35 2.2458614071516e-35 1.32682602179146e-35 2.21879496119007e-35 1.30568588791122e-35 
4238.9130573382 2.3086202067736e-35 1.36775200202414e-35 2.3086202067736e-35 1.36775200202414e-35 2.28130867109885e-35 1.34634071026002e-35 
4378.06862903756 2.37291488809705e-35 1.40985245175436e-35 2.37291488809705e-35 1.40985245175436e-35 2.34535599655958e-35 1.38816874966915e-35 
4521.79241737007 2.43877372648873e-35 1.45315656949373e-35 2.43877372648873e-35 1.45315656949373e-35 2.41096291044e-35 1.43119615491111e-35 
4670.23438832667 2.5062262521915e-35 1.4976936956857e-35 2.5062262521915e-35 1.4976936956857e-35 2.47816167676513e-35 1.47545490686785e-35 
4823.54943100078 2.57529014265564e-35 1.54349301539983e-35 2.57529014265564e-35 1.54349301539983e-35 2.54697480842627e-35 1.52097253936258e-35 
4981.89751920445 2.64600906501327e-35 1.59059054862581e-35 2.64600906501327e-35 1.59059054862581e-35 2.617434434127e-35 1.56778407362941e-35 
5145.44387839018 2.71840284399368e-35 1.63900852546766e-35 2.71840284399368e-35 1.63900852546766e-35 2.68957005658105e-35 1.61591756721361e-35 
5314.35915805246 2.79250269134183e-35 1.6887843082677e-35 2.79250269134183e-35 1.6887843082677e-35 2.76340728028641e-35 1.66540394004498e-35 
5488.81960978886 2.86833823652565e-35 1.73995340469355e-35 2.86833823652565e-35 1.73995340469355e-35 2.83897772557227e-35 1.71627847573731e-35 
5669.00727120659 2.94593587662781e-35 1.79254160518271e-35 2.94593587662781e-35 1.79254160518271e-35 2.91631078547287e-35 1.76857265020979e-35 
5855.11015586636 3.02532858338774e-35 1.84658716370549e-35 3.02532858338774e-35 1.84658716370549e-35 2.99543020908752e-35 1.82231871114372e-35 
6047.32244946174 3.1065387717763e-35 1.9021222919074e-35 3.1065387717763e-35 1.9021222919074e-35 3.07637424424228e-35 1.87755496829037e-35 
6245.84471243867 3.18960584283625e-35 1.95917553977495e-35 3.18960584283625e-35 1.95917553977495e-35 3.15916789470732e-35 1.93431191135623e-35 
6450.88408926671 3.27455471660763e-35 2.01779721354135e-35 3.27455471660763e-35 2.01779721354135e-35 3.24383932636293e-35 1.99262405574737e-35 
6662.65452458012 3.36141164691816e-35 2.07801252208773e-35 3.36141164691816e-35 2.07801252208773e-35 3.33041844918077e-35 2.05252546461268e-35 
6881.3769864146 3.45021083208401e-35 2.13985626369376e-35 3.45021083208401e-35 2.13985626369376e-35 3.41893867052614e-35 2.11405582284019e-35 
7107.2796967723 3.54098208179231e-35 2.20336658970034e-35 3.54098208179231e-35 2.20336658970034e-35 3.50942418077675e-35 2.17725243761114e-35 
7340.59836975605 3.63375239653873e-35 2.26858235085971e-35 3.63375239653873e-35 2.26858235085971e-35 3.60190893783089e-35 2.24214835763338e-35 
7581.57645752091 3.72855592505043e-35 2.33554286583858e-35 3.72855592505043e-35 2.33554286583858e-35 3.69642565013083e-35 2.30878560915899e-35 
7830.46540429993 3.82541716686534e-35 2.40428136568148e-35 3.82541716686534e-35 2.40428136568148e-35 3.79299681052949e-35 2.37719828985486e-35 
8087.52490876915 3.92435937105378e-35 2.47483244835732e-35 3.92435937105378e-35 2.47483244835732e-35 3.8916579048465e-35 2.44742811729025e-35 
8353.02319502542 4.02544820089553e-35 2.54724521453754e-35 4.02544820089553e-35 2.54724521453754e-35 3.99243476299219e-35 2.51950868223214e-35 
8627.23729246004 4.12866923204468e-35 2.62155698864047e-35 4.12866923204468e-35 2.62155698864047e-35 4.09536704554669e-35 2.59348870029915e-35 
8910.45332482004 4.23408903826455e-35 2.6978043735744e-35 4.23408903826455e-35 2.6978043735744e-35 4.2004782766616e-35 2.66939948587937e-35 
9202.96680875889 4.34171734869614e-35 2.77603107096624e-35 4.34171734869614e-35 2.77603107096624e-35 4.30779786485223e-35 2.74728650684524e-35 
9505.08296218792 4.45158271054336e-35 2.85627404380644e-35 4.45158271054336e-35 2.85627404380644e-35 4.41736281467277e-35 2.82719078218436e-35 
9817.11702275054 4.56374260449655e-35 2.93857823596125e-35 4.56374260449655e-35 2.93857823596125e-35 4.52919769795906e-35 2.90914917020742e-35 
10139.3945767512 4.67817691849083e-35 3.02298481840847e-35 4.67817691849083e-35 3.02298481840847e-35 4.64333897650885e-35 2.99320576253617e-35 
10472.2518988826 4.79496858492033e-35 3.10953637229334e-35 4.79496858492033e-35 3.10953637229334e-35 4.75981416213105e-35 3.07940171762685e-35 
10816.0363031052 4.91412241474181e-35 3.19827781936294e-35 4.91412241474181e-35 3.19827781936294e-35 4.87865567884072e-35 3.16779207021167e-35 
11171.1065050463 5.03567486003471e-35 3.28923844754038e-35 5.03567486003471e-35 3.28923844754038e-35 4.99989026690814e-35 3.25840484975889e-35 
11537.8329962946 5.15965941876707e-35 3.38248704025506e-35 5.15965941876707e-35 3.38248704025506e-35 5.12355611910519e-35 3.35129265531967e-35 
11916.5984309835 5.28611666805893e-35 3.47805433246899e-35 5.28611666805893e-35 3.47805433246899e-35 5.24967967611065e-35 3.44649294058728e-35 
12307.7980250645 5.41506843063409e-35 3.57598055444076e-35 5.41506843063409e-35 3.57598055444076e-35 5.37829943944696e-35 3.54405626123054e-35 
12711.839968688 5.54653951771941e-35 3.67632333057044e-35 5.54653951771941e-35 3.67632333057044e-35 5.50944006701764e-35 3.64402582225076e-35 
13129.1458521223 5.68056526228245e-35 3.77911316763566e-35 5.68056526228245e-35 3.77911316763566e-35 5.64313419833945e-35 3.74644598843005e-35 
13560.1511056539 5.81719474114903e-35 3.88440649258521e-35 5.81719474114903e-35 3.88440649258521e-35 5.77941643501311e-35 3.85136257331369e-35 
14005.3054539297 5.95642480978208e-35 3.99224797096074e-35 5.95642480978208e-35 3.99224797096074e-35 5.91832035870868e-35 3.95882572796733e-35 
14465.0733852138 6.09832611006793e-35 4.10268386170171e-35 6.09832611006793e-35 4.10268386170171e-35 6.05987926108112e-35 4.06888127218567e-35 
14939.9346360498 6.24290988397902e-35 4.21576208235003e-35 6.24290988397902e-35 4.21576208235003e-35 6.20411532603485e-35 4.18157098883241e-35 
15430.3846918328 6.39021251134926e-35 4.33152343752885e-35 6.39021251134926e-35 4.33152343752885e-35 6.35107076651702e-35 4.2969527446339e-35 
15936.9353038148 6.5402752026684e-35 4.45003557327692e-35 6.5402752026684e-35 4.45003557327692e-35 6.50077914831123e-35 4.41506567867129e-35 
16460.1150230824 6.69313555420481e-35 4.57132236600277e-35 6.69313555420481e-35 4.57132236600277e-35 6.65327654170963e-35 4.5359664347293e-35 
17000.469752064 6.84878812648773e-35 4.69544345179598e-35 6.84878812648773e-35 4.69544345179598e-35 6.8085861308036e-35 4.65969119276845e-35 
17558.5633141413 7.00731194627751e-35 4.82246633944629e-35 7.00731194627751e-35 4.82246633944629e-35 6.96674825024255e-35 4.78630190904806e-35 
18134.9780419615 7.16872811127847e-35 4.95240436124732e-35 7.16872811127847e-35 4.95240436124732e-35 7.12779438513853e-35 4.91584621422476e-35 
18730.3153850608 7.33305771122748e-35 5.08533377129731e-35 7.33305771122748e-35 5.08533377129731e-35 7.29176272324484e-35 5.04836204373652e-35 
19345.1965374367 7.50034557394973e-35 5.22129269388815e-35 7.50034557394973e-35 5.22129269388815e-35 7.45868691994359e-35 5.1839200628433e-35 
19980.2630857216 7.67063929034711e-35 5.36034956448824e-35 7.67063929034711e-35 5.36034956448824e-35 7.62860518937338e-35 5.32255809612892e-35 
20636.1776786345 7.84395708258486e-35 5.50254025615921e-35 7.84395708258486e-35 5.50254025615921e-35 7.80153945931649e-35 5.4643303618852e-35 
21313.6247184102 8.02034528529104e-35 5.6479191873639e-35 8.02034528529104e-35 5.6479191873639e-35 7.97754393573896e-35 5.60928875137944e-35 
22013.3110749259 8.19983518396406e-35 5.796540375025e-35 8.19983518396406e-35 5.796540375025e-35 8.15663596251595e-35 5.75748550795114e-35 
22735.9668232726 8.38244044720193e-35 5.94846406770804e-35 8.38244044720193e-35 5.94846406770804e-35 8.3388715030576e-35 5.90896953637539e-35 
23482.346005538 8.56824592172897e-35 6.10371337828801e-35 8.56824592172897e-35 6.10371337828801e-35 8.52427107949816e-35 6.06379633769083e-35 
24253.2274175986 8.75723432359651e-35 6.2623741280738e-35 8.75723432359651e-35 6.2623741280738e-35 8.71288221253136e-35 6.22202217907387e-35 
25049.4154217399 8.94950140102522e-35 6.42448681186353e-35 8.94950140102522e-35 6.42448681186353e-35 8.90474287629759e-35 6.38369869632814e-35 
25871.7407859539 9.14504568266838e-35 6.59010822381361e-35 9.14504568266838e-35 6.59010822381361e-35 9.09988885840001e-35 6.54887985656674e-35 
26721.0615507889 9.34391422304393e-35 6.7592915330303e-35 9.34391422304393e-35 6.7592915330303e-35 9.29836427076405e-35 6.71761400548369e-35 
27598.2639246561 9.54614615863633e-35 6.93208690030346e-35 9.54614615863633e-35 6.93208690030346e-35 9.50018114664027e-35 6.88996860785374e-35 
28504.2632085284 9.75178214381822e-35 7.10855407833059e-35 9.75178214381822e-35 7.10855407833059e-35 9.70541096655787e-35 7.06598312401828e-35 
29440.0047509942 9.96087461850784e-35 7.28876107957569e-35 9.96087461850784e-35 7.28876107957569e-35 9.91408417141045e-35 7.24572320648627e-35 
30406.4649346643 1.01734613146792e-34 7.47274173387169e-35 1.01734613146792e-34 7.47274173387169e-35 1.01262483865563e-34 7.42924410600954e-35 
31404.6521949609 1.03895566660998e-34 7.66055170496198e-35 1.03895566660998e-34 7.66055170496198e-35 1.03419225721567e-34 7.61660488112119e-35 
32435.6080723512 1.06092292806195e-34 7.8522620120028e-35 1.06092292806195e-34 7.8522620120028e-35 1.05611689276102e-34 7.80784691022669e-35 
33500.4082991242 1.08325303858291e-34 8.0479303795292e-35 1.08325303858291e-34 8.0479303795292e-35 1.07840283742108e-34 8.00304022556194e-35 
34600.1639218437 1.10594763068161e-34 8.2476032892162e-35 1.10594763068161e-34 8.2476032892162e-35 1.10105363470608e-34 8.20224086947321e-35 
35736.0224606501 1.12901081722527e-34 8.45134340083056e-35 1.12901081722527e-34 8.45134340083056e-35 1.12407407259454e-34 8.40549869076519e-35 
36909.1691066198 1.15245105290574e-34 8.65922725015067e-35 1.15245105290574e-34 8.65922725015067e-35 1.14746929560914e-34 8.61288140444814e-35 
38120.8279584305 1.17627065035146e-34 8.87126229746179e-35 1.17627065035146e-34 8.87126229746179e-35 1.17124175332934e-34 8.82445068686164e-35 
39372.2632996262 1.20047007320007e-34 9.08755530763123e-35 1.20047007320007e-34 9.08755530763123e-35 1.19539925412052e-34 9.040258351965e-35 
40664.7809178096 1.22505909403234e-34 9.30815014719191e-35 1.22505909403234e-34 9.30815014719191e-35 1.21994246341193e-34 9.26035392522445e-35 
41999.7294671437 1.25003912419917e-34 9.53310268954275e-35 1.25003912419917e-34 9.53310268954275e-35 1.24488059994257e-34 9.48480876605323e-35 
43378.5018755802 1.27542370037713e-34 9.76248269599058e-35 1.27542370037713e-34 9.76248269599058e-35 1.2702171833523e-34 9.71369167761775e-35 
44802.5367982848 1.30120619521538e-34 9.99632907549578e-35 1.30120619521538e-34 9.99632907549578e-35 1.29596190783412e-34 9.94703676572939e-35 
46273.3201187765 1.32739854125337e-34 1.02347363618532e-34 1.32739854125337e-34 1.02347363618532e-34 1.3221000291122e-34 1.018492294864e-34 
47792.3864993451 1.35400272505061e-34 1.04777355819515e-34 1.35400272505061e-34 1.04777355819515e-34 1.34865315589726e-34 1.04274179474231e-34 
49361.3209823679 1.38102488325094e-34 1.07254059961528e-34 1.38102488325094e-34 1.07254059961528e-34 1.37562634981998e-34 1.06745671051594e-34 
50981.7606441926 1.40847013495746e-34 1.09778044349348e-34 1.40847013495746e-34 1.09778044349348e-34 1.40302407370512e-34 1.0926445866562e-34 
52655.3963033154 1.43634393014096e-34 1.12349976793991e-34 1.43634393014096e-34 1.12349976793991e-34 1.43084822074112e-34 1.11831022814328e-34 
54383.9742846354 1.46465079098753e-34 1.14970283149681e-34 1.46465079098753e-34 1.14970283149681e-34 1.45910674967976e-34 1.14446152167158e-34 
56169.298241625 1.49339519148668e-34 1.1763985988921e-34 1.49339519148668e-34 1.1763985988921e-34 1.48780442495574e-34 1.17110364721025e-34 
58013.2310383202 1.52258920348791e-34 1.20359221752795e-34 1.52258920348791e-34 1.20359221752795e-34 1.5169457111769e-34 1.19824358511e-34 
59917.6966930921 1.5522285844817e-34 1.2312905597465e-34 1.5522285844817e-34 1.2312905597465e-34 1.54653561760891e-34 1.22588622605893e-34 
61884.6823862292 1.58233077098033e-34 1.25949956879363e-34 1.58233077098033e-34 1.25949956879363e-34 1.57658391768495e-34 1.25404283653823e-34 
63916.2405334248 1.61289017624451e-34 1.28822619978157e-34 1.61289017624451e-34 1.28822619978157e-34 1.60709252014889e-34 1.28271293188436e-34 
66014.4909273331 1.64391562670634e-34 1.31747748042268e-34 1.64391562670634e-34 1.31747748042268e-34 1.63806986544803e-34 1.31190907858186e-34 
68181.6229494284 1.67542093480549e-34 1.34725734889714e-34 1.67542093480549e-34 1.34725734889714e-34 1.66951910571081e-34 1.34163447703404e-34 
70419.8978544759 1.70739639389419e-34 1.37757929206749e-34 1.70739639389419e-34 1.37757929206749e-34 1.70144787573171e-34 1.37189749806371e-34 
72731.6511299969 1.73987314306185e-34 1.4084419812067e-34 1.73987314306185e-34 1.4084419812067e-34 1.73386557000065e-34 1.40270397851151e-34 
75119.2949331914 1.77283485837131e-34 1.43985659191443e-34 1.77283485837131e-34 1.43985659191443e-34 1.76677259855299e-34 1.43406118081975e-34 
77585.3206078594 1.80629521058488e-34 1.47182855767424e-34 1.80629521058488e-34 1.47182855767424e-34 1.80017657885385e-34 1.46597648083021e-34 
80132.3012839492 1.840262348111e-34 1.50436583365736e-34 1.840262348111e-34 1.50436583365736e-34 1.83409249099212e-34 1.49845528547324e-34 
82762.894562443 1.8747425301208e-34 1.53747709777123e-34 1.8747425301208e-34 1.53747709777123e-34 1.86851061635557e-34 1.53150539698418e-34 
85479.8452883829 1.90973958043057e-34 1.57116382814598e-34 1.90973958043057e-34 1.57116382814598e-34 1.90345611194922e-34 1.56513308244598e-34 
88285.9884149294 1.94526515327664e-34 1.60543978340925e-34 1.94526515327664e-34 1.60543978340925e-34 1.93892307268924e-34 1.5993489079531e-34 
91184.2519614428 1.98131835174959e-34 1.64030378205582e-34 1.98131835174959e-34 1.64030378205582e-34 1.97492410992694e-34 1.63415606136616e-34 
94177.6600686715 2.01791718992125e-34 1.67577385038894e-34 2.01791718992125e-34 1.67577385038894e-34 2.0114662507861e-34 1.66956379268725e-34 
97269.3361542371 2.05506158496518e-34 1.71185008114035e-34 2.05506158496518e-34 1.71185008114035e-34 2.04854327864999e-34 1.7055771525556e-34 
100462.506171709 2.09275635186293e-34 1.74854042597222e-34 2.09275635186293e-34 1.74854042597222e-34 2.08618961485725e-34 1.74220816364472e-34 
103760.501976665 2.1310193631752e-34 1.7858547549615e-34 2.1310193631752e-34 1.7858547549615e-34 2.12438939437478e-34 1.77945976217054e-34 
107166.764803259 2.16984529572875e-34 1.8237981774491e-34 2.16984529572875e-34 1.8237981774491e-34 2.16315894317666e-34 1.81734011108713e-34 
110684.848854913 2.2092532319445e-34 1.86238000196751e-34 2.2092532319445e-34 1.86238000196751e-34 2.20250588255788e-34 1.85585844784634e-34 
114318.425012885 2.24924383916263e-34 1.90160679300418e-34 2.24924383916263e-34 1.90160679300418e-34 2.24243307370467e-34 1.89502027551232e-34 
118071.284666588 2.28982716127424e-34 1.94148722866188e-34 2.28982716127424e-34 1.94148722866188e-34 2.28295736133141e-34 1.93483852009777e-34 
121947.343669642 2.33101017978238e-34 1.98202775963179e-34 2.33101017978238e-34 1.98202775963179e-34 2.32407844532293e-34 1.97531476133018e-34 
125950.646425803 2.37280087967466e-34 2.02323815270851e-34 2.37280087967466e-34 2.02323815270851e-34 2.36580814709486e-34 2.01646073882664e-34 
130085.370109023 2.41520919552599e-34 2.06512523982002e-34 2.41520919552599e-34 2.06512523982002e-34 2.40815246089621e-34 2.05828222083004e-34 
134355.829022047 2.4582422143278e-34 2.1076980741136e-34 2.4582422143278e-34 2.1076980741136e-34 2.45112103310846e-34 2.10078719819377e-34 
138766.479098094 2.5019076470197e-34 2.15096276078777e-34 2.5019076470197e-34 2.15096276078777e-34 2.49472459819045e-34 2.14398646818638e-34 
143321.922550319 2.54621652895514e-34 2.19493095812945e-34 2.54621652895514e-34 2.19493095812945e-34 2.53896810451304e-34 2.18788473546679e-34 
148026.912673911 2.59117374838811e-34 2.23960648124665e-34 2.59117374838811e-34 2.23960648124665e-34 2.58386058746073e-34 2.23249330757357e-34 
152886.358805832 2.63678816351318e-34 2.28499559540066e-34 2.63678816351318e-34 2.28499559540066e-34 2.62941268198278e-34 2.27781830641109e-34 
157905.331447375 2.68307472004567e-34 2.33111767588132e-34 2.68307472004567e-34 2.33111767588132e-34 2.67562980148848e-34 2.32386961021194e-34 
163089.067554889 2.73003902197424e-34 2.37797453860224e-34 2.73003902197424e-34 2.37797453860224e-34 2.72252671184433e-34 2.370655543043e-34 
168442.976004185 2.7776869694492e-34 2.42557448838639e-34 2.7776869694492e-34 2.42557448838639e-34 2.77010799801804e-34 2.41818528925997e-34 
173972.643234332 2.82602951300778e-34 2.47392677440634e-34 2.82602951300778e-34 2.47392677440634e-34 2.81838269090687e-34 2.46646706348938e-34 
179683.839076722 2.87507522590334e-34 2.52303264043706e-34 2.87507522590334e-34 2.52303264043706e-34 2.86736227423734e-34 2.5155058266456e-34 
185582.5227755 2.92484051428268e-34 2.57291990350611e-34 2.92484051428268e-34 2.57291990350611e-34 2.91705804313925e-34 2.56532074358619e-34 
191674.849205628 2.97532768148792e-34 2.62358273814999e-34 2.97532768148792e-34 2.62358273814999e-34 2.96747492818116e-34 2.61591081315661e-34 
197967.175295078 3.02654560705488e-34 2.67503650318074e-34 3.02654560705488e-34 2.67503650318074e-34 3.01862326368713e-34 2.66728905874988e-34 
204466.066657854 3.07851127719379e-34 2.727283517219e-34 3.07851127719379e-34 2.727283517219e-34 3.07051527676077e-34 2.71946325151263e-34 
211178.304444765 3.13122878822123e-34 2.78034476475176e-34 3.13122878822123e-34 2.78034476475176e-34 3.12316363264306e-34 2.77244737600326e-34 
218110.89241909 3.18470948641639e-34 2.83421375111731e-34 3.18470948641639e-34 2.83421375111731e-34 3.17657406471675e-34 2.82624717271337e-34 
225271.064264534 3.23896557273622e-34 2.88891400657601e-34 3.23896557273622e-34 2.88891400657601e-34 3.23075414474077e-34 2.88087078728777e-34 
232666.291133079 3.29400256459877e-34 2.944446906607e-34 3.29400256459877e-34 2.944446906607e-34 3.28572057675306e-34 2.93633058422693e-34 
240304.289440628 3.34984024081015e-34 3.00083050060279e-34 3.34984024081015e-34 3.00083050060279e-34 3.34147736565776e-34 2.99263486693204e-34 
248193.028918554 3.40647354640833e-34 3.05806316341212e-34 3.40647354640833e-34 3.05806316341212e-34 3.39804451550499e-34 3.04979629183979e-34 
256340.740929577 3.46393119419914e-34 3.11616764014564e-34 3.46393119419914e-34 3.11616764014564e-34 3.455421712065e-34 3.10781236312205e-34 
264755.92705663 3.52221379792639e-34 3.1751452711535e-34 3.52221379792639e-34 3.1751452711535e-34 3.51362899309775e-34 3.16671975902864e-34 
273447.367973678 3.58133277358731e-34 3.23500977215818e-34 3.58133277358731e-34 3.23500977215818e-34 3.57267399978225e-34 3.22650406627102e-34 
282424.132607761 3.64130273995458e-34 3.29577720074602e-34 3.64130273995458e-34 3.29577720074602e-34 3.63256766636539e-34 3.28718748999098e-34 
291695.587601794 3.70213086068806e-34 3.357441558829e-34 3.70213086068806e-34 3.357441558829e-34 3.69331879599509e-34 3.34877568341207e-34 
301271.407088028 3.76383278245916e-34 3.42001815722804e-34 3.76383278245916e-34 3.42001815722804e-34 3.75494080819053e-34 3.41127881534661e-34 
311161.582782344 3.82641661564507e-34 3.48353320185253e-34 3.82641661564507e-34 3.48353320185253e-34 3.81744785953855e-34 3.47470942976689e-34 
321376.434409932 3.88989766637141e-34 3.54798641607523e-34 3.88989766637141e-34 3.54798641607523e-34 3.88085102475043e-34 3.53908041234204e-34 
331926.62047322 3.95428497124083e-34 3.61338932338581e-34 3.95428497124083e-34 3.61338932338581e-34 3.94515177367669e-34 3.60439716238453e-34 
342823.149373294 4.01958997211114e-34 3.67976210651066e-34 4.01958997211114e-34 3.67976210651066e-34 4.01038075918321e-34 3.67068066722077e-34 
354077.390896421 4.08582355744547e-34 3.74708456551849e-34 4.08582355744547e-34 3.74708456551849e-34 4.07653484667348e-34 3.73793210021586e-34 
365701.088077639 4.15300862726442e-34 3.81540831505977e-34 4.15300862726442e-34 3.81540831505977e-34 4.14363349023729e-34 3.80616945751588e-34 
377706.369453822 4.22114329903564e-34 3.88472377075384e-34 4.22114329903564e-34 3.88472377075384e-34 4.21168599818687e-34 3.87539975325271e-34 
390105.761718981 4.29024892184444e-34 3.95504761062165e-34 4.29024892184444e-34 3.95504761062165e-34 4.28070587241469e-34 3.94563566052472e-34 
402912.202795012 4.360331962942e-34 4.0263952260261e-34 4.360331962942e-34 4.0263952260261e-34 4.35070363265273e-34 4.01688771442728e-34 
416139.055331543 4.43140336115161e-34 4.09876409183171e-34 4.43140336115161e-34 4.09876409183171e-34 4.42169848855776e-34 4.08917414342837e-34 
429800.120648947 4.50349419734681e-34 4.17217177505458e-34 4.50349419734681e-34 4.17217177505458e-34 4.49369544731801e-34 4.16249891278326e-34 
443909.65313908 4.57659750267186e-34 4.24664251670948e-34 4.57659750267186e-34 4.24664251670948e-34 4.56671672178153e-34 4.2368808920893e-34 
458482.375138767 4.65073476941863e-34 4.32217990513095e-34 4.65073476941863e-34 4.32217990513095e-34 4.64076150146093e-34 4.312327204152e-34 
473533.492291564 4.72591736335107e-34 4.39879246544251e-34 4.72591736335107e-34 4.39879246544251e-34 4.71585951497377e-34 4.38885482956377e-34 
489078.709413806 4.80216037374527e-34 4.47650037648002e-34 4.80216037374527e-34 4.47650037648002e-34 4.7920124836992e-34 4.46647306454638e-34 
505134.246881518 4.87947654213863e-34 4.55531706238466e-34 4.87947654213863e-34 4.55531706238466e-34 4.86924093400048e-34 4.54519747147094e-34 
521716.85755527 4.9578781376057e-34 4.6352463690876e-34 4.9578781376057e-34 4.6352463690876e-34 4.94755645238106e-34 4.62503715168153e-34 
538843.844260652 5.03738312649495e-34 4.71630864905535e-34 5.03738312649495e-34 4.71630864905535e-34 5.02696541035239e-34 4.70600245283303e-34 
556533.077842588 5.11800173610281e-34 4.79851599592681e-34 5.11800173610281e-34 4.79851599592681e-34 5.10749473351029e-34 4.78811878823323e-34 
574803.015812352 5.19975206662578e-34 4.88188223151634e-34 5.19975206662578e-34 4.88188223151634e-34 5.1891498776924e-34 4.87138764227287e-34 
593672.721606722 5.28264227017667e-34 4.96641658584498e-34 5.28264227017667e-34 4.96641658584498e-34 5.27194530616589e-34 4.95582625235156e-34 
613161.884479381 5.36669116104449e-34 5.05214232512353e-34 5.36669116104449e-34 5.05214232512353e-34 5.35590425448117e-34 5.04145422641396e-34 
633290.840045307 5.45190865334241e-34 5.13904838028718e-34 5.45190865334241e-34 5.13904838028718e-34 5.44103241176229e-34 5.12827501908534e-34 
654080.591499614 5.53832499306366e-34 5.22718661289394e-34 5.53832499306366e-34 5.22718661289394e-34 5.52735167922257e-34 5.21631414093429e-34 
675552.831532945 5.62594221591864e-34 5.31654531138354e-34 5.62594221591864e-34 5.31654531138354e-34 5.61486447284614e-34 5.30557385849428e-34 
697729.964966326 5.71476683891978e-34 5.40714134221062e-34 5.71476683891978e-34 5.40714134221062e-34 5.7036032812094e-34 5.39607555859614e-34 
720635.13212907 5.80483436157695e-34 5.49899323636342e-34 5.80483436157695e-34 5.49899323636342e-34 5.7935739066323e-34 5.48782943741684e-34 
744292.233004132 5.89614556045438e-34 5.592118289783e-34 5.89614556045438e-34 5.592118289783e-34 5.884786470851e-34 5.58085316574994e-34 
768725.95216612 5.98872395679055e-34 5.68652311047352e-34 5.98872395679055e-34 5.68652311047352e-34 5.97727009309548e-34 5.67516261426427e-34 
793961.784537966 6.08258381804992e-34 5.78223609089569e-34 6.08258381804992e-34 5.78223609089569e-34 6.07102145751625e-34 5.77077753699065e-34 
820026.061993141 6.17772880904514e-34 5.87925791206402e-34 6.17772880904514e-34 5.87925791206402e-34 6.16607575125123e-34 5.86769408098942e-34 
846945.980831177 6.27420063798686e-34 5.97761340311676e-34 6.27420063798686e-34 5.97761340311676e-34 6.26244075334981e-34 5.96594439013199e-34 
874749.630155149 6.37199237875559e-34 6.07731256674797e-34 6.37199237875559e-34 6.07731256674797e-34 6.36013551146218e-34 6.06554434651382e-34 
903466.02118075 6.47113003801768e-34 6.17837137484797e-34 6.47113003801768e-34 6.17837137484797e-34 6.45916120237587e-34 6.16650312230868e-34 
933125.117507511 6.57163019019589e-34 6.28080986834935e-34 6.57163019019589e-34 6.28080986834935e-34 6.55956623451296e-34 6.26883215093094e-34 
963757.866383783 6.67350891107046e-34 6.38467179058148e-34 6.67350891107046e-34 6.38467179058148e-34 6.66133415473146e-34 6.37255299537257e-34 
995396.230998086 6.77678243891155e-34 6.48988454495618e-34 6.77678243891155e-34 6.48988454495618e-34 6.76450415886905e-34 6.47768972046579e-34 
1028073.22383052 6.8814646006256e-34 6.59653349057941e-34 6.8814646006256e-34 6.59653349057941e-34 6.86908302738556e-34 6.58424621896654e-34 
1061822.94109902 6.98759023184489e-34 6.70466610973975e-34 6.98759023184489e-34 6.70466610973975e-34 6.97508982826429e-34 6.69224501999787e-34 
1096680.59833649 7.09514374055937e-34 6.81422100274282e-34 7.09514374055937e-34 6.81422100274282e-34 7.0825438545895e-34 6.8017052766662e-34 
1132682.56713576 7.20416872200926e-34 6.92527366955846e-34 7.20416872200926e-34 6.92527366955846e-34 7.19142846382208e-34 6.91264072462474e-34 
1169866.4131009 7.3146797405403e-34 7.03780710587768e-34 7.3146797405403e-34 7.03780710587768e-34 7.30186005133352e-34 7.02505842614901e-34 
1208270.93504436 7.42666824508361e-34 7.15183471821364e-34 7.42666824508361e-34 7.15183471821364e-34 7.41375604149961e-34 7.13899665663364e-34 
1247936.20547088 7.54020001223179e-34 7.26740613701267e-34 7.54020001223179e-34 7.26740613701267e-34 7.52716857293261e-34 7.2544555741717e-34 
1288903.61239044 7.65525522426399e-34 7.38452197674438e-34 7.65525522426399e-34 7.38452197674438e-34 7.64211618989129e-34 7.37145518350361e-34 
1331215.90250384 7.77187267203014e-34 7.50320171077674e-34 7.77187267203014e-34 7.50320171077674e-34 7.75862299042642e-34 7.49002238716766e-34 
1374917.22580594 7.89006558472307e-34 7.62346389165569e-34 7.89006558472307e-34 7.62346389165569e-34 7.87669843149617e-34 7.6101707432213e-34 
1420053.18165318 8.00985396819364e-34 7.74533302592051e-34 8.00985396819364e-34 7.74533302592051e-34 7.99636927583021e-34 7.73191580736445e-34 
1466670.86634345 8.13124414463198e-34 7.86879755207024e-34 8.13124414463198e-34 7.86879755207024e-34 8.11764373220083e-34 7.85527005068837e-34 
1514818.92225781 8.25425710954165e-34 7.99391481446802e-34 8.25425710954165e-34 7.99391481446802e-34 8.24055163480769e-34 7.98026390188733e-34 
1564547.58861554 8.37893295934405e-34 8.1206758304725e-34 8.37893295934405e-34 8.1206758304725e-34 8.36510876646588e-34 8.10690868885262e-34 
1615908.75389534 8.50526457610553e-34 8.24910190016733e-34 8.50526457610553e-34 8.24910190016733e-34 8.49133073628478e-34 8.23523257527307e-34 
1668956.00997743 8.63329454970036e-34 8.37923238843695e-34 8.63329454970036e-34 8.37923238843695e-34 8.61923930336406e-34 8.36523972431e-34 
1723744.708063 8.76304543224499e-34 8.51108568534894e-34 8.76304543224499e-34 8.51108568534894e-34 8.74886378193803e-34 8.49695790604332e-34 
1780332.01642947 8.8945316902394e-34 8.64467821813997e-34 8.8945316902394e-34 8.64467821813997e-34 8.88021642241653e-34 8.63042201530496e-34 
1838776.98008166 9.0277445853126e-34 8.77999693888661e-34 9.0277445853126e-34 8.77999693888661e-34 9.01331522947292e-34 8.76562449580152e-34 
1899140.58236125 9.16272345311641e-34 8.91708360218219e-34 9.16272345311641e-34 8.91708360218219e-34 9.14817814165742e-34 8.90259830122695e-34 
1961485.80857872 9.2995009399691e-34 9.05597016382397e-34 9.2995009399691e-34 9.05597016382397e-34 9.28483192021554e-34 9.04135853867327e-34 
2025877.71173428 9.43809574211955e-34 9.19667414268918e-34 9.43809574211955e-34 9.19667414268918e-34 9.42330135338365e-34 9.18194084707097e-34 
2092383.48039621 9.57853196381243e-34 9.33921791650498e-34 9.57853196381243e-34 9.33921791650498e-34 9.56359915008785e-34 9.32434364033868e-34 
2161072.50880758 9.72078926260428e-34 9.48358591871817e-34 9.72078926260428e-34 9.48358591871817e-34 9.70575069613522e-34 9.46859624647313e-34 
2232016.46929441 9.86494312187183e-34 9.62984843748682e-34 9.86494312187183e-34 9.62984843748682e-34 9.84977627316547e-34 9.61473055719617e-34 
2305289.38705085 1.00109973834453e-33 9.77800378151678e-34 1.00109973834453e-33 9.77800378151678e-34 9.99571316823226e-34 9.76276468777416e-34 
2380967.71737947 1.015898057029e-33 9.92808928078245e-34 1.015898057029e-33 9.92808928078245e-34 1.01435431557139e-33 9.91270430992425e-34 
2459130.42546713 1.03088708101958e-33 1.00800779613287e-33 1.03088708101958e-33 1.00800779613287e-33 1.02933234216688e-33 1.00645784339486e-33 
2539859.06877978 1.04607633798881e-33 1.02340691703138e-33 1.04607633798881e-33 1.02340691703138e-33 1.04450649152902e-33 1.02184198471988e-33 
2623237.88216214 1.06146043879433e-33 1.03900022989635e-33 1.06146043879433e-33 1.03900022989635e-33 1.05987910472449e-33 1.03742401672072e-33 
2709353.86573103 1.07704749862e-33 1.05479431236393e-33 1.07704749862e-33 1.05479431236393e-33 1.07545259052052e-33 1.05320631577725e-33 
2798296.87565406 1.09283695036805e-33 1.07079417539187e-33 1.09283695036805e-33 1.07079417539187e-33 1.09122934758529e-33 1.06919139412014e-33 
2890159.71790842 1.10883190654316e-33 1.08699717000875e-33 1.10883190654316e-33 1.08699717000875e-33 1.10721120298571e-33 1.08538128769619e-33 
2985038.2451176 1.12503705265046e-33 1.10340916596673e-33 1.12503705265046e-33 1.10340916596673e-33 1.12340062637682e-33 1.10177781778573e-33 
3083031.4565671 1.14144938761744e-33 1.12002903813771e-33 1.14144938761744e-33 1.12002903813771e-33 1.13980061757893e-33 1.11838478443981e-33 
3184241.60150344 1.15807603205108e-33 1.1368605468721e-33 1.15807603205108e-33 1.1368605468721e-33 1.15641234861697e-33 1.13520283685677e-33 
3288774.28582425 1.17491654611208e-33 1.15390812471912e-33 1.17491654611208e-33 1.15390812471912e-33 1.17323939976502e-33 1.15223533193169e-33 
3396738.5822709 1.19197232338616e-33 1.17116890748238e-33 1.19197232338616e-33 1.17116890748238e-33 1.19028301110685e-33 1.16948393079589e-33 
3508247.14423844 1.20925093895689e-33 1.18865169575098e-33 1.20925093895689e-33 1.18865169575098e-33 1.20754779885214e-33 1.18695279521131e-33 
3623416.32332175 1.22675202692765e-33 1.20635664970572e-33 1.22675202692765e-33 1.20635664970572e-33 1.22503366603062e-33 1.20464234003467e-33 
3742366.29072053 1.24447778488242e-33 1.22428507655627e-33 1.24447778488242e-33 1.22428507655627e-33 1.2427439992189e-33 1.2225553622324e-33 
3865221.16262976 1.26242904512525e-33 1.24243913409508e-33 1.26242904512525e-33 1.24243913409508e-33 1.26068195977647e-33 1.24069562532948e-33 
3992109.12974649 1.28061082603531e-33 1.26082231798245e-33 1.28061082603531e-33 1.26082231798245e-33 1.27885025134747e-33 1.259064670286e-33 
4123162.59102814 1.29902511848507e-33 1.27943589822058e-33 1.29902511848507e-33 1.27943589822058e-33 1.2972503538176e-33 1.2776654797511e-33 
4258518.29184174 1.31767723694405e-33 1.29828751476896e-33 1.31767723694405e-33 1.29828751476896e-33 1.31588477712564e-33 1.29649875989018e-33 
4398317.46664849 1.33656241660503e-33 1.31737129086156e-33 1.33656241660503e-33 1.31737129086156e-33 1.33475598667688e-33 1.31556846000733e-33 
4542705.98637225 1.35568703757959e-33 1.33669360202423e-33 1.35568703757959e-33 1.33669360202423e-33 1.35386892756358e-33 1.33487907466277e-33 
4691834.51060594 1.37506306256341e-33 1.35626644189206e-33 1.37506306256341e-33 1.35626644189206e-33 1.37322442087321e-33 1.35443131508401e-33 
4845858.64481457 1.39467744378413e-33 1.37607530538248e-33 1.39467744378413e-33 1.37607530538248e-33 1.39282543733477e-33 1.37422802673305e-33 
5004939.10269896 1.41454066260736e-33 1.39613433917662e-33 1.41454066260736e-33 1.39613433917662e-33 1.41267437358107e-33 1.39427149126439e-33 
5169241.87388953 1.43465574090661e-33 1.41644300511055e-33 1.43465574090661e-33 1.41644300511055e-33 1.43277377498597e-33 1.41456422900956e-33 
5338938.39714521 1.45502464447423e-33 1.43700453595928e-33 1.45502464447423e-33 1.43700453595928e-33 1.4531270779828e-33 1.43511033289365e-33 
5514205.73923808 1.47564999509851e-33 1.45782154091238e-33 1.47564999509851e-33 1.45782154091238e-33 1.47373761857526e-33 1.45591217181421e-33 
5695226.77971053 1.49653485182168e-33 1.47889692140311e-33 1.49653485182168e-33 1.47889692140311e-33 1.49460521214512e-33 1.47697087632769e-33 
5882190.40169758 1.51768294962574e-33 1.50023436938638e-33 1.51768294962574e-33 1.50023436938638e-33 1.51573618323288e-33 1.49829078722635e-33 
6075291.68901361 1.53909228455989e-33 1.5218324004676e-33 1.53909228455989e-33 1.5218324004676e-33 1.53713222242845e-33 1.51987613647187e-33 
6274732.12970903 1.56077302042733e-33 1.54369976047747e-33 1.56077302042733e-33 1.54369976047747e-33 1.55879497934374e-33 1.54172506278964e-33 
6480719.82630933 1.582724569719e-33 1.56583716332581e-33 1.582724569719e-33 1.56583716332581e-33 1.58073029691327e-33 1.5638456276311e-33 
6693469.71295592 1.60494955001795e-33 1.58824704825537e-33 1.60494955001795e-33 1.58824704825537e-33 1.60293854455133e-33 1.58623927708728e-33 
6913203.77967529 1.62745155001526e-33 1.6109326805224e-33 1.62745155001526e-33 1.6109326805224e-33 1.62542336690825e-33 1.60890756450337e-33 
7140151.30401046 1.65023134258741e-33 1.63389495901211e-33 1.65023134258741e-33 1.63389495901211e-33 1.64818827249433e-33 1.63185481488471e-33 
7374549.09025651 1.67329874878338e-33 1.65714358757662e-33 1.67329874878338e-33 1.65714358757662e-33 1.67123661592213e-33 1.65508327484827e-33 
7616641.71654974 1.69664567844193e-33 1.68067054561447e-33 1.69664567844193e-33 1.68067054561447e-33 1.69456731640007e-33 1.67859484683297e-33 
7866681.79006832 1.72028434708762e-33 1.70448787976706e-33 1.72028434708762e-33 1.70448787976706e-33 1.71818973403018e-33 1.70239597876678e-33 
8124930.21061067 1.74421502191077e-33 1.72859606455767e-33 1.74421502191077e-33 1.72859606455767e-33 1.74210154497331e-33 1.72648586142794e-33 
8391656.44282665 1.76844173361522e-33 1.7529989965461e-33 1.76844173361522e-33 1.7529989965461e-33 1.76630986502712e-33 1.75086984555386e-33 
8667138.7973856 1.79296493264846e-33 1.77769682482688e-33 1.79296493264846e-33 1.77769682482688e-33 1.79081622516572e-33 1.77555109086054e-33 
8951664.72137454 1.81779015600025e-33 1.80269610900557e-33 1.81779015600025e-33 1.80269610900557e-33 1.81562416368873e-33 1.80053230607031e-33 
9245531.09822966 1.84291983730174e-33 1.82799891803014e-33 1.84291983730174e-33 1.82799891803014e-33 1.8407373118865e-33 1.82581650770204e-33 
9549044.55751402 1.868358675266e-33 1.8536081320186e-33 1.868358675266e-33 1.8536081320186e-33 1.86615532944953e-33 1.85140729898373e-33 
9862521.79486455 1.89410670785499e-33 1.87952649015514e-33 1.89410670785499e-33 1.87952649015514e-33 1.89188545154107e-33 1.87730818661008e-33 
10186289.9024425 1.92017151961274e-33 1.90575910666249e-33 1.92017151961274e-33 1.90575910666249e-33 1.91793201962922e-33 1.90352209717784e-33 
10520686.7102317 1.94655260855217e-33 1.93230730898199e-33 1.94655260855217e-33 1.93230730898199e-33 1.94429479409113e-33 1.93005216474521e-33 
10866061.1385412 1.97325587015942e-33 1.95917667940641e-33 1.97325587015942e-33 1.95917667940641e-33 1.97097908277904e-33 1.95690182969945e-33 
11222773.5620801 2.00028222552397e-33 1.98636732945814e-33 2.00028222552397e-33 1.98636732945814e-33 1.99798645938398e-33 1.98407421170316e-33 
11591196.1859837 2.02764045485207e-33 2.01388879661643e-33 2.02764045485207e-33 2.01388879661643e-33 2.02532318231535e-33 2.0115736341575e-33 
11971713.4341843 2.05532260436779e-33 2.04173279676099e-33 2.05532260436779e-33 2.04173279676099e-33 2.05299058451139e-33 2.03940319212299e-33 
12364722.3505316 2.0833468394715e-33 2.06991757169524e-33 2.0833468394715e-33 2.06991757169524e-33 2.08099218730191e-33 2.06756529595634e-33 
12770633.0130807 2.11172372726781e-33 2.09845369648914e-33 2.11172372726781e-33 2.09845369648914e-33 2.10933265054524e-33 2.09606488775007e-33 
13189868.9619807 2.14040953573629e-33 2.12729722435685e-33 2.14040953573629e-33 2.12729722435685e-33 2.13801536038602e-33 2.12490523141083e-33 
13622867.6414102 2.16945742266693e-33 2.15650152920542e-33 2.16945742266693e-33 2.15650152920542e-33 2.16704439009036e-33 2.15409095545065e-33 
14070080.8560204 2.19885502046987e-33 2.18605421294442e-33 2.19885502046987e-33 2.18605421294442e-33 2.19642058830867e-33 2.18362208116186e-33 
14531975.2423622 2.22860535127614e-33 2.21595830024148e-33 2.22860535127614e-33 2.21595830024148e-33 2.22615246913353e-33 2.2135077507706e-33 
15009032.7557903 2.25871009074965e-33 2.24621574204003e-33 2.25871009074965e-33 2.24621574204003e-33 2.25623532880694e-33 2.24374504910609e-33 
15501751.1733504 2.2891784266538e-33 2.27683485483915e-33 2.2891784266538e-33 2.27683485483915e-33 2.28668359293529e-33 2.27434210911832e-33 
16010644.6131756 2.32000889535427e-33 2.30781504479517e-33 2.32000889535427e-33 2.30781504479517e-33 2.31749372482514e-33 2.30530147037076e-33 
16536244.0709339 2.35121075768572e-33 2.33916546757642e-33 2.35121075768572e-33 2.33916546757642e-33 2.34867083352973e-33 2.33662736785138e-33 
17079097.9738861 2.38277892789189e-33 2.37088023907442e-33 2.38277892789189e-33 2.37088023907442e-33 2.38021849013666e-33 2.36831949974537e-33 
17639772.7531319 2.41472357874129e-33 2.40297076704871e-33 2.41472357874129e-33 2.40297076704871e-33 2.41214493130747e-33 2.40039420208916e-33 
18218853.4346428 2.44704713664405e-33 2.4354385127166e-33 2.44704713664405e-33 2.4354385127166e-33 2.44444540056422e-33 2.43283881460518e-33 
18816944.2496964 2.4797615008882e-33 2.46829569568203e-33 2.4797615008882e-33 2.46829569568203e-33 2.47713318704274e-33 2.46566930057031e-33 
19434669.2653507 2.51285301942576e-33 2.50152870515455e-33 2.51285301942576e-33 2.50152870515455e-33 2.51020621280228e-33 2.49888458589568e-33 
20072673.0356158 2.54633802648357e-33 2.535153975508e-33 2.54633802648357e-33 2.535153975508e-33 2.54367102844398e-33 2.53248907580795e-33 
20731621.274002 2.58022212984661e-33 2.56917701851254e-33 2.58022212984661e-33 2.56917701851254e-33 2.57753108874615e-33 2.56648782091184e-33 
21412201.5481466 2.61450388739205e-33 2.60359577717609e-33 2.61450388739205e-33 2.60359577717609e-33 2.61178954414861e-33 2.60088403852502e-33 
22115123.9972438 2.64918681008211e-33 2.63841533818859e-33 2.64918681008211e-33 2.63841533818859e-33 2.64645147175205e-33 2.63568205513246e-33 
22841122.0730267 2.68427978477155e-33 2.673643709055e-33 2.68427978477155e-33 2.673643709055e-33 2.68152042500631e-33 2.67088573919875e-33 
23590953.3050743 2.71978466749701e-33 2.70928144219485e-33 2.71978466749701e-33 2.70928144219485e-33 2.71700149631697e-33 2.70650019445591e-33 
24365400.0912422 2.75570725840537e-33 2.74533641016917e-33 2.75570725840537e-33 2.74533641016917e-33 2.7528967597674e-33 2.74252832086636e-33 
25165270.514041 2.79202249366941e-33 2.78178294311024e-33 2.79202249366941e-33 2.78178294311024e-33 2.7892135588221e-33 2.77897368701756e-33 
25991399.1838159 2.82880575861176e-33 2.81869533569982e-33 2.82880575861176e-33 2.81869533569982e-33 2.82595317250792e-33 2.81584459900881e-33 
26844648.1096057 2.86599905358117e-33 2.85601692359321e-33 2.86599905358117e-33 2.85601692359321e-33 2.86312057473292e-33 2.8531430008657e-33 
27725907.5985903 2.90362754763565e-33 2.89377227149356e-33 2.90362754763565e-33 2.89377227149356e-33 2.90072253564568e-33 2.89086875569459e-33 
28636097.1850661 2.9416923278735e-33 2.93196267785668e-33 2.9416923278735e-33 2.93196267785668e-33 2.93876247432706e-33 2.92903466805968e-33 
29576166.5899169 2.98019511921574e-33 2.97058978426737e-33 2.98019511921574e-33 2.97058978426737e-33 2.97724167047189e-33 2.96763911823375e-33 
30547096.7115834 3.01914553252124e-33 3.00966219137871e-33 3.01914553252124e-33 3.00966219137871e-33 3.01616746630693e-33 3.0066883718284e-33 
31549900.649564 3.05854999186913e-33 3.04918987629157e-33 3.05854999186913e-33 3.04918987629157e-33 3.05554675254368e-33 3.04618822594475e-33 
32585624.7615147 3.09840560896992e-33 3.08916562485464e-33 3.09840560896992e-33 3.08916562485464e-33 3.09537689698326e-33 3.08613867836721e-33 
33655349.7550527 3.13872545672541e-33 3.1296038101725e-33 3.13872545672541e-33 3.1296038101725e-33 3.13567205043015e-33 3.12655292585025e-33 
34760191.8154009 3.17951538003886e-33 3.17051135822434e-33 3.17951538003886e-33 3.17051135822434e-33 3.17642942769108e-33 3.16742852359592e-33 
35901303.770051 3.22075949304349e-33 3.21187432582719e-33 3.22075949304349e-33 3.21187432582719e-33 3.21765561170348e-33 3.20877455282993e-33 
37079876.2916613 3.26248633507419e-33 3.25371496568555e-33 3.26248633507419e-33 3.25371496568555e-33 3.25935509393162e-33 3.2505861963507e-33 
38297139.1404416 3.30468945037371e-33 3.29603267880766e-33 3.30468945037371e-33 3.29603267880766e-33 3.30153489368005e-33 3.29288076677295e-33 
39554362.447325 3.3473779057765e-33 3.33883377578173e-33 3.3473779057765e-33 3.33883377578173e-33 3.34419643060597e-33 3.33565302062446e-33 
40852858.0392628 3.39055838394809e-33 3.38212620339096e-33 3.39055838394809e-33 3.38212620339096e-33 3.38733636747057e-33 3.37891479206684e-33 
42193980.8080265 3.43422599554268e-33 3.42590653270023e-33 3.43422599554268e-33 3.42590653270023e-33 3.43098868540349e-33 3.42266863522707e-33 
43579130.1239456 3.47839603074032e-33 3.47018345669488e-33 3.47839603074032e-33 3.47018345669488e-33 3.47512897266832e-33 3.46691815644804e-33 
45009751.2960549 3.52306822879394e-33 3.5149635941691e-33 3.52306822879394e-33 3.5149635941691e-33 3.51977161362407e-33 3.51166907414131e-33 
46487337.080176 3.56824855508791e-33 3.56025076513356e-33 3.56824855508791e-33 3.56025076513356e-33 3.56492744890037e-33 3.55693179877928e-33 
48013429.2365069 3.61394680114288e-33 3.60605464810343e-33 3.61394680114288e-33 3.60605464810343e-33 3.61059101429414e-33 3.60270134172148e-33 
49589620.1383435 3.66015573208994e-33 3.65236847629451e-33 3.66015573208994e-33 3.65236847629451e-33 3.65677451070322e-33 3.64898944969997e-33 
51217554.4336127 3.70689839786371e-33 3.69921386041271e-33 3.70689839786371e-33 3.69921386041271e-33 3.70348196397063e-33 3.6957995785353e-33 
52898930.7609507 3.75415609109648e-33 3.74657347940458e-33 3.75415609109648e-33 3.74657347940458e-33 3.75071801206148e-33 3.74313813429117e-33 
54635503.5221167 3.80195634661388e-33 3.79447508399648e-33 3.80195634661388e-33 3.79447508399648e-33 3.79848844924906e-33 3.79100892621224e-33 
56429084.7125921 3.85029481181044e-33 3.8429130213046e-33 3.85029481181044e-33 3.8429130213046e-33 3.84679599419038e-33 3.83941544823329e-33 
58281545.8122739 3.89917821559612e-33 3.89189467717527e-33 3.89917821559612e-33 3.89189467717527e-33 3.89564858093364e-33 3.88836739713931e-33 
60194819.7382369 3.9486112236957e-33 3.9414256062432e-33 3.9486112236957e-33 3.9414256062432e-33 3.94505597518361e-33 3.93787050856582e-33 
62170902.8616011 3.99860347070391e-33 3.99151400826693e-33 3.99860347070391e-33 3.99151400826693e-33 3.9950115519445e-33 3.98792370066838e-33 
64211857.090609 4.04914717914947e-33 4.0421529078118e-33 4.04914717914947e-33 4.0421529078118e-33 4.04553104348211e-33 4.03853908583901e-33 
66319812.0220867 4.10030883072457e-33 4.09340860423936e-33 4.10030883072457e-33 4.09340860423936e-33 4.09661290707026e-33 4.08971487790391e-33 
68496967.1635329 4.15195465462015e-33 4.14514744315297e-33 4.15195465462015e-33 4.14514744315297e-33 4.14827048397345e-33 4.14146532392679e-33 
70745594.2281556 4.20422498050718e-33 4.19751009620113e-33 4.20422498050718e-33 4.19751009620113e-33 4.20050485286744e-33 4.19379193798585e-33 
73068039.5052502 4.25707210642113e-33 4.25044747340492e-33 4.25707210642113e-33 4.25044747340492e-33 4.25332318996765e-33 4.24670221140669e-33 
75466726.3083924 4.31051098284293e-33 4.3039759887011e-33 4.31051098284293e-33 4.3039759887011e-33 4.30673161313861e-33 4.30019838557777e-33 
77944157.5040012 4.364548065826e-33 4.35810174730308e-33 4.364548065826e-33 4.35810174730308e-33 4.36072917901181e-33 4.35428528646319e-33 
80502918.1229097 4.41917468565779e-33 4.41281596090123e-33 4.41917468565779e-33 4.41281596090123e-33 4.41533151952155e-33 4.40897615698066e-33 
83145678.0576687 4.47442242002553e-33 4.4681505091559e-33 4.47442242002553e-33 4.4681505091559e-33 4.47054359421411e-33 4.46427416352362e-33 
85875194.8483978 4.53027630759229e-33 4.52408926096714e-33 4.53027630759229e-33 4.52408926096714e-33 4.52635756340877e-33 4.52017339785292e-33 
88694316.5600912 4.58674284191931e-33 4.58064079974212e-33 4.58674284191931e-33 4.58064079974212e-33 4.58279194560084e-33 4.57668741603338e-33 
91605984.754379 4.64384289400906e-33 4.63782302253481e-33 4.64384289400906e-33 4.63782302253481e-33 4.63986009646597e-33 4.63384386613633e-33 
94613237.5588475 4.70157230559443e-33 4.695635764202e-33 4.70157230559443e-33 4.695635764202e-33 4.69755493923561e-33 4.6916212813169e-33 
97719212.8371175 4.75993985222148e-33 4.75408469346738e-33 4.75993985222148e-33 4.75408469346738e-33 4.75588329301708e-33 4.7500296789462e-33 
100927151.462992 4.81894898441871e-33 4.81317402257033e-33 4.81894898441871e-33 4.81317402257033e-33 4.8148567632642e-33 4.80908479068055e-33 
104240400.702088 4.87860734127211e-33 4.87291207765605e-33 4.87860734127211e-33 4.87291207765605e-33 4.87446594746819e-33 4.86877332258351e-33 
107662417.704479 4.93892070590662e-33 4.93330371188973e-33 4.93892070590662e-33 4.93330371188973e-33 4.93475282674701e-33 4.92913948294431e-33 
111196773.111997 4.99989576237899e-33 4.99435612585642e-33 4.99989576237899e-33 4.99435612585642e-33 4.99569368680461e-33 4.99015719298714e-33 
114847154.783954 5.06154505376585e-33 5.05608108016203e-33 5.06154505376585e-33 5.05608108016203e-33 5.05729973041428e-33 5.05184124360901e-33 
118617371.64517 5.12385403880272e-33 5.11846647449502e-33 5.12385403880272e-33 5.11846647449502e-33 5.11958382959922e-33 5.11419945012586e-33 
122511357.660331 5.18685732237542e-33 5.18154492418155e-33 5.18685732237542e-33 5.18154492418155e-33 5.18255174373661e-33 5.17724166930739e-33 
126533175.93881 5.25055495423558e-33 5.24531538080785e-33 5.25055495423558e-33 5.24531538080785e-33 5.24619645303024e-33 5.24096157745234e-33 
130687022.974248 5.31493649255254e-33 5.30976946831138e-33 5.31493649255254e-33 5.30976946831138e-33 5.31054280812582e-33 5.30537762869023e-33 
134977233.023304 5.38003807134635e-33 5.37494279701724e-33 5.38003807134635e-33 5.37494279701724e-33 5.37558712363596e-33 5.37049522915558e-33 
139408282.628164 5.44581346655249e-33 5.44078897035459e-33 5.44581346655249e-33 5.44078897035459e-33 5.44134234551777e-33 5.43632154179722e-33 
143984795.287504 5.51231976181338e-33 5.50736637150342e-33 5.51231976181338e-33 5.50736637150342e-33 5.50781102179946e-33 5.50286026203875e-33 
148711546.280795 5.57955385166808e-33 5.57466825419921e-33 5.57955385166808e-33 5.57466825419921e-33 5.57500023620917e-33 5.57011906387862e-33 
153593467.650985 5.64751180788236e-33 5.64269438221971e-33 5.64751180788236e-33 5.64269438221971e-33 5.6429181854385e-33 5.63810467713378e-33 
158635653.350751 5.71620923941479e-33 5.71145367545643e-33 5.71620923941479e-33 5.71145367545643e-33 5.71156640839448e-33 5.70682016157166e-33 
163843364.557686 5.78564686705631e-33 5.78096242957911e-33 5.78564686705631e-33 5.78096242957911e-33 5.78097556414998e-33 5.7762959152215e-33 
169222035.163987 5.85584458249751e-33 5.85122612147885e-33 5.85584458249751e-33 5.85122612147885e-33 5.85111813036663e-33 5.84650840193347e-33 
174777277.446347 5.92679095230314e-33 5.92223757883774e-33 5.92679095230314e-33 5.92223757883774e-33 5.92202941366291e-33 5.91747977820017e-33 
180514887.921985 5.9984995798941e-33 5.99402262646778e-33 5.9984995798941e-33 5.99402262646778e-33 5.99369564575338e-33 5.98920834358799e-33 
186440853.396918 6.07099283576956e-33 6.06656483817415e-33 6.07099283576956e-33 6.06656483817415e-33 6.06614134832759e-33 6.06171881466458e-33 
192561357.212785 6.14424319135206e-33 6.13987854197236e-33 6.14424319135206e-33 6.13987854197236e-33 6.13935112834408e-33 6.1349909756793e-33 
198882785.698741 6.2182944679596e-33 6.2139905885151e-33 6.2182944679596e-33 6.2139905885151e-33 6.21336066205538e-33 6.20906155785594e-33 
205411734.835161 6.2931394675751e-33 6.28889609075229e-33 6.2931394675751e-33 6.28889609075229e-33 6.28815460477739e-33 6.28391608430189e-33 
212155017.136094 6.36879341696376e-33 6.36460966996487e-33 6.36879341696376e-33 6.36460966996487e-33 6.36376469873206e-33 6.35958594870581e-33 
219119668.757658 6.44524997076915e-33 6.44112494159528e-33 6.44524997076915e-33 6.44112494159528e-33 6.440169682142e-33 6.43604994576151e-33 
226312956.839791 6.52252110607486e-33 6.51845347329605e-33 6.52252110607486e-33 6.51845347329605e-33 6.51740475200822e-33 6.51334316581747e-33 
233742387.089013 6.6006226170294e-33 6.59661298301156e-33 6.6006226170294e-33 6.59661298301156e-33 6.59545729974216e-33 6.59145330187754e-33 
241415711.610127 6.67955280286916e-33 6.67559969947155e-33 6.67955280286916e-33 6.67559969947155e-33 6.67433395459372e-33 6.67038635082631e-33 
249340936.995007 6.75933278027576e-33 6.75543483107924e-33 6.75933278027576e-33 6.75543483107924e-33 6.75406961565363e-33 6.75017814966114e-33 
257526332.676932 6.83995414790758e-33 6.83611166516937e-33 6.83995414790758e-33 6.83611166516937e-33 6.83464611473921e-33 6.83080908843656e-33 
265980439.559181 6.92143674835027e-33 6.91764832415274e-33 6.92143674835027e-33 6.91764832415274e-33 6.91607614889324e-33 6.91229414252902e-33 
274712078.926879 7.00379163504925e-33 7.00005680845693e-33 7.00379163504925e-33 7.00005680845693e-33 6.9983784123137e-33 6.99465012863985e-33 
283730361.651412 7.08699690728306e-33 7.08331484284271e-33 7.08699690728306e-33 7.08331484284271e-33 7.08155192229247e-33 7.07787484363259e-33 
293044697.696997 7.17111318162869e-33 7.16748287753069e-33 7.17111318162869e-33 7.16748287753069e-33 7.1656001372401e-33 7.16197500814165e-33 
302664805.939344 7.25610310571131e-33 7.25252573047478e-33 7.25610310571131e-33 7.25252573047478e-33 7.25054531677789e-33 7.24697327948317e-33 
312600724.306637 7.34199838568818e-33 7.338469850964e-33 7.34199838568818e-33 7.338469850964e-33 7.33638244269601e-33 7.33286067627257e-33 
322862820.253431 7.42879651053746e-33 7.42531746568693e-33 7.42879651053746e-33 7.42531746568693e-33 7.42313225379494e-33 7.41966050995035e-33 
333461801.578386 7.51651950759656e-33 7.51308813899107e-33 7.51651950759656e-33 7.51308813899107e-33 7.51079571924973e-33 7.50737334530242e-33 
344408727.597122 7.6051625167337e-33 7.60178120705621e-33 7.6051625167337e-33 7.60178120705621e-33 7.59939222491584e-33 7.59601553308766e-33 
355715020.681869 7.69474161831888e-33 7.69140779286471e-33 7.69474161831888e-33 7.69140779286471e-33 7.68890398310473e-33 7.68557792074368e-33 
367392478.179928 7.78526212900061e-33 7.78197541162615e-33 7.78526212900061e-33 7.78197541162615e-33 7.77937230774139e-33 7.7760934747433e-33 
379453284.723404 7.87672443217423e-33 7.87348402369188e-33 7.87672443217423e-33 7.87348402369188e-33 7.87079097789755e-33 7.86755868259318e-33 
391910024.94304 7.96915461445311e-33 7.96599056739693e-33 7.96915461445311e-33 7.96599056739693e-33 7.9631616675501e-33 7.95997518956948e-33 
404775696.59942 8.06256060969221e-33 8.05941020371429e-33 8.06256060969221e-33 8.05941020371429e-33 8.05651101699186e-33 8.05337055248988e-33 
418063724.145253 8.15691374546607e-33 8.15380831167755e-33 8.15691374546607e-33 8.15380831167755e-33 8.1508308934633e-33 8.14773648668229e-33 
431787972.732867 8.25230926218458e-33 8.24924749203821e-33 8.25230926218458e-33 8.24924749203821e-33 8.24613981006562e-33 8.24309458179198e-33 
445962762.681562 8.34867013401384e-33 8.34565133118755e-33 8.34867013401384e-33 8.34565133118755e-33 8.34245519406554e-33 8.33944618206162e-33 
460602884.41988 8.44603927359044e-33 8.4430629048185e-33 8.44603927359044e-33 8.4430629048185e-33 8.43977073849373e-33 8.43680353825701e-33 
475723613.918415 8.5444315889671e-33 8.54149704579811e-33 8.5444315889671e-33 8.54149704579811e-33 8.53808839679112e-33 8.53516353913775e-33 
491340728.629249 8.64379737907339e-33 8.64090396175552e-33 8.64379737907339e-33 8.64090396175552e-33 8.63744982279632e-33 8.63456685844444e-33 
507470523.948645 8.74430250498995e-33 8.7414488869716e-33 8.74430250498995e-33 8.7414488869716e-33 8.73784352207514e-33 8.7350005153673e-33 
524129830.22019 8.84579674371068e-33 8.84298321477966e-33 8.84579674371068e-33 8.84298321477966e-33 8.83927370246015e-33 8.83647071672348e-33 
541336030.296107 8.94837233911347e-33 8.94559887409288e-33 8.94837233911347e-33 8.94559887409288e-33 8.94176889703215e-33 8.93900575477271e-33 
559107077.675082 9.05197220769183e-33 9.04923689042495e-33 9.05197220769183e-33 9.04923689042495e-33 9.04531813707502e-33 9.04259477318887e-33 
577461515.235518 9.15665916753811e-33 9.15396210077155e-33 9.15665916753811e-33 9.15396210077155e-33 9.14995408918531e-33 9.14726801609819e-33 
596418494.583766 9.26244992286757e-33 9.25977707123569e-33 9.26244992286757e-33 9.25977707123569e-33 9.25565005404109e-33 9.25300158653568e-33 
615997796.037518 9.3693109796204e-33 9.36668781117859e-33 9.3693109796204e-33 9.36668781117859e-33 9.36248296613501e-33 9.35987438366671e-33 
636219849.265232 9.47739247646905e-33 9.47480546274148e-33 9.47739247646905e-33 9.47480546274148e-33 9.47038910120169e-33 9.46781568409253e-33 
657105754.603092 9.58639638052504e-33 9.58384494979715e-33 9.58639638052504e-33 9.58384494979715e-33 9.57943630182144e-33 9.57689918811454e-33 
678677305.071775 9.69663071070525e-33 9.69410997499133e-33 9.69663071070525e-33 9.69410997499133e-33 9.68959878732058e-33 9.68709529590511e-33 
700957009.115987 9.80798925252908e-33 9.80550859049146e-33 9.80798925252908e-33 9.80550859049146e-33 9.80089416345638e-33 9.79842642402357e-33 
723968114.090491 9.92051349578501e-33 9.91806435654599e-33 9.92051349578501e-33 9.91806435654599e-33 9.91333655328959e-33 9.91090450213269e-33 
747734630.517141 1.00341868100552e-32 1.00317743223132e-32 1.00341868100552e-32 1.00317743223132e-32 1.00269422938745e-32 1.00245458547954e-32 
772281357.138224 1.01490290566607e-32 1.01466469645145e-32 1.01490290566607e-32 1.01466469645145e-32 1.01417207089918e-32 1.0139351391046e-32 
797633906.792264 1.02650489374802e-32 1.02626994593167e-32 1.02650489374802e-32 1.02626994593167e-32 1.0257676314177e-32 1.0255338658413e-32 
823818733.139272 1.03822909387597e-32 1.03799730532217e-32 1.03822909387597e-32 1.03799730532217e-32 1.03748258468729e-32 1.03725162283311e-32 
850863158.263345 1.05007295368581e-32 1.04984428055394e-32 1.05007295368581e-32 1.04984428055394e-32 1.04931708994235e-32 1.04909093765201e-32 
878795401.181393 1.06203405002474e-32 1.06180842586957e-32 1.06203405002474e-32 1.06180842586957e-32 1.06127472390811e-32 1.06105094211409e-32 
907644607.28777 1.0741209380513e-32 1.07389998222369e-32 1.0741209380513e-32 1.07389998222369e-32 1.07335379953898e-32 1.07313333491655e-32 
937440878.765505 1.08633201251865e-32 1.08611232396635e-32 1.08633201251865e-32 1.08611232396635e-32 1.08555647096968e-32 1.08533885779588e-32 
968215305.995885 1.09865881984514e-32 1.09844205655669e-32 1.09865881984514e-32 1.09844205655669e-32 1.09788450540638e-32 1.09766946150507e-32 
999999999.999147 1.11112939096479e-32 1.11091538637524e-32 1.11112939096479e-32 1.11091538637524e-32 1.11033879488741e-32 1.11012677776389e-32 
