100 9.01423e-37 2.45394e-37 9.01423e-37 2.45394e-37 7.0528e-37 1.70558e-37 
101.859 9.17501e-37 2.50132e-37 9.17501e-37 2.50132e-37 7.20288e-37 1.74581e-37 
103.753 9.33865e-37 2.54961e-37 9.33865e-37 2.54961e-37 7.3558e-37 1.78691e-37 
105.682 9.50521e-37 2.59883e-37 9.50521e-37 2.59883e-37 7.51162e-37 1.82888e-37 
107.647 9.67476e-37 2.649e-37 9.67476e-37 2.649e-37 7.67037e-37 1.87175e-37 
109.648 9.84733e-37 2.70014e-37 9.84733e-37 2.70014e-37 7.83216e-37 1.91553e-37 
111.686 1.0023e-36 2.75226e-37 1.0023e-36 2.75226e-37 7.99699e-37 1.96025e-37 
113.763 1.02018e-36 2.80537e-37 1.02018e-36 2.80537e-37 8.16492e-37 2.00591e-37 
115.878 1.03837e-36 2.85952e-37 1.03837e-36 2.85952e-37 8.33601e-37 2.05255e-37 
118.032 1.0569e-36 2.91471e-37 1.0569e-36 2.91471e-37 8.51032e-37 2.10017e-37 
120.226 1.07575e-36 2.97096e-37 1.07575e-36 2.97096e-37 8.6879e-37 2.1488e-37 
122.462 1.09494e-36 3.0283e-37 1.09494e-36 3.0283e-37 8.86882e-37 2.19845e-37 
124.738 1.11447e-36 3.08674e-37 1.11447e-36 3.08674e-37 9.05313e-37 2.24917e-37 
127.057 1.13435e-36 3.1463e-37 1.13435e-36 3.1463e-37 9.2409e-37 2.30095e-37 
129.42 1.15458e-36 3.20701e-37 1.15458e-36 3.20701e-37 9.43217e-37 2.35382e-37 
131.826 1.17518e-36 3.26889e-37 1.17518e-36 3.26889e-37 9.62704e-37 2.4078e-37 
134.276 1.19614e-36 3.33196e-37 1.19614e-36 3.33196e-37 9.82553e-37 2.46291e-37 
136.773 1.21748e-36 3.39625e-37 1.21748e-36 3.39625e-37 1.00277e-36 2.51918e-37 
139.316 1.23919e-36 3.46177e-37 1.23919e-36 3.46177e-37 1.02337e-36 2.57663e-37 
141.906 1.26129e-36 3.52855e-37 1.26129e-36 3.52855e-37 1.04435e-36 2.63529e-37 
144.544 1.28379e-36 3.59662e-37 1.28379e-36 3.59662e-37 1.06572e-36 2.69516e-37 
147.231 1.30669e-36 3.66599e-37 1.30669e-36 3.66599e-37 1.08749e-36 2.7563e-37 
149.968 1.32999e-36 3.7367e-37 1.32999e-36 3.7367e-37 1.10966e-36 2.8187e-37 
152.757 1.35371e-36 3.80878e-37 1.35371e-36 3.80878e-37 1.13224e-36 2.88241e-37 
155.597 1.37785e-36 3.88221e-37 1.37785e-36 3.88221e-37 1.15524e-36 2.94744e-37 
158.489 1.40242e-36 3.95708e-37 1.40242e-36 3.95708e-37 1.17867e-36 3.01382e-37 
161.436 1.42743e-36 4.03342e-37 1.42743e-36 4.03342e-37 1.20253e-36 3.08158e-37 
164.437 1.45288e-36 4.11119e-37 1.45288e-36 4.11119e-37 1.22683e-36 3.15074e-37 
167.494 1.47879e-36 4.19046e-37 1.47879e-36 4.19046e-37 1.25159e-36 3.22134e-37 
170.608 1.50516e-36 4.27126e-37 1.50516e-36 4.27126e-37 1.27679e-36 3.29339e-37 
173.78 1.53199e-36 4.35361e-37 1.53199e-36 4.35361e-37 1.30247e-36 3.36694e-37 
177.011 1.5593e-36 4.43754e-37 1.5593e-36 4.43754e-37 1.32861e-36 3.442e-37 
180.302 1.5871e-36 4.52308e-37 1.5871e-36 4.52308e-37 1.35524e-36 3.51861e-37 
183.654 1.61539e-36 4.61027e-37 1.61539e-36 4.61027e-37 1.38235e-36 3.59681e-37 
187.068 1.64418e-36 4.69914e-37 1.64418e-36 4.69914e-37 1.40997e-36 3.67661e-37 
190.546 1.67348e-36 4.78971e-37 1.67348e-36 4.78971e-37 1.43809e-36 3.75805e-37 
194.089 1.7033e-36 4.88201e-37 1.7033e-36 4.88201e-37 1.46672e-36 3.84117e-37 
197.697 1.73366e-36 4.97609e-37 1.73366e-36 4.97609e-37 1.49588e-36 3.92598e-37 
201.372 1.76455e-36 5.07198e-37 1.76455e-36 5.07198e-37 1.52558e-36 4.01254e-37 
205.116 1.79598e-36 5.1697e-37 1.79598e-36 5.1697e-37 1.55582e-36 4.10087e-37 
208.93 1.82797e-36 5.26931e-37 1.82797e-36 5.26931e-37 1.5866e-36 4.19101e-37 
212.814 1.86054e-36 5.37082e-37 1.86054e-36 5.37082e-37 1.61796e-36 4.28299e-37 
216.77 1.89367e-36 5.47428e-37 1.89367e-36 5.47428e-37 1.64988e-36 4.37685e-37 
220.8 1.9274e-36 5.57973e-37 1.9274e-36 5.57973e-37 1.68239e-36 4.47262e-37 
224.905 1.96172e-36 5.68719e-37 1.96172e-36 5.68719e-37 1.71549e-36 4.57034e-37 
229.087 1.99664e-36 5.79672e-37 1.99664e-36 5.79672e-37 1.74919e-36 4.67005e-37 
233.346 2.03219e-36 5.90834e-37 2.03219e-36 5.90834e-37 1.7835e-36 4.77179e-37 
237.684 2.06836e-36 6.02211e-37 2.06836e-36 6.02211e-37 1.81844e-36 4.87559e-37 
242.103 2.10517e-36 6.13806e-37 2.10517e-36 6.13806e-37 1.85401e-36 4.98151e-37 
246.604 2.14263e-36 6.25619e-37 2.14263e-36 6.25619e-37 1.89024e-36 5.08958e-37 
251.189 2.18075e-36 6.37666e-37 2.18075e-36 6.37666e-37 1.9271e-36 5.19983e-37 
255.859 2.21955e-36 6.49939e-37 2.21955e-36 6.49939e-37 1.96464e-36 5.31231e-37 
260.615 2.25903e-36 6.62448e-37 2.25903e-36 6.62448e-37 2.00286e-36 5.42707e-37 
265.461 2.2992e-36 6.75196e-37 2.2992e-36 6.75196e-37 2.04177e-36 5.54414e-37 
270.396 2.34008e-36 6.88188e-37 2.34008e-36 6.88188e-37 2.08138e-36 5.66358e-37 
275.423 2.38169e-36 7.01429e-37 2.38169e-36 7.01429e-37 2.12171e-36 5.78542e-37 
280.543 2.42402e-36 7.14924e-37 2.42402e-36 7.14924e-37 2.16276e-36 5.90973e-37 
285.759 2.46711e-36 7.28676e-37 2.46711e-36 7.28676e-37 2.20456e-36 6.03654e-37 
291.072 2.51094e-36 7.42691e-37 2.51094e-36 7.42691e-37 2.2471e-36 6.16591e-37 
296.483 2.55555e-36 7.56974e-37 2.55555e-36 7.56974e-37 2.29041e-36 6.29787e-37 
301.995 2.60094e-36 7.71531e-37 2.60094e-36 7.71531e-37 2.3345e-36 6.43248e-37 
307.61 2.64713e-36 7.86365e-37 2.64713e-36 7.86365e-37 2.37938e-36 6.56978e-37 
313.329 2.69413e-36 8.01483e-37 2.69413e-36 8.01483e-37 2.4251e-36 6.70984e-37 
319.154 2.74195e-36 8.16888e-37 2.74195e-36 8.16888e-37 2.47157e-36 6.85271e-37 
325.087 2.79061e-36 8.32589e-37 2.79061e-36 8.32589e-37 2.51891e-36 6.99843e-37 
331.131 2.84013e-36 8.4859e-37 2.84013e-36 8.4859e-37 2.56709e-36 7.14708e-37 
337.287 2.8905e-36 8.64896e-37 2.8905e-36 8.64896e-37 2.61613e-36 7.29869e-37 
343.558 2.94177e-36 8.81512e-37 2.94177e-36 8.81512e-37 2.66606e-36 7.45332e-37 
349.945 2.99393e-36 8.98446e-37 2.99393e-36 8.98446e-37 2.71687e-36 7.61104e-37 
356.451 3.047e-36 9.15702e-37 3.047e-36 9.15702e-37 2.76859e-36 7.77191e-37 
363.078 3.10099e-36 9.33287e-37 3.10099e-36 9.33287e-37 2.82122e-36 7.93598e-37 
369.828 3.15593e-36 9.51208e-37 3.15593e-36 9.51208e-37 2.8748e-36 8.10332e-37 
376.704 3.21184e-36 9.6947e-37 3.21184e-36 9.6947e-37 2.92932e-36 8.27396e-37 
383.707 3.2687e-36 9.8808e-37 3.2687e-36 9.8808e-37 2.98481e-36 8.44801e-37 
390.841 3.32656e-36 1.00704e-36 3.32656e-36 1.00704e-36 3.04129e-36 8.62552e-37 
398.107 3.38544e-36 1.02637e-36 3.38544e-36 1.02637e-36 3.09877e-36 8.80652e-37 
405.509 3.44533e-36 1.04606e-36 3.44533e-36 1.04606e-36 3.15727e-36 8.99114e-37 
413.048 3.50627e-36 1.06613e-36 3.50627e-36 1.06613e-36 3.2168e-36 9.1794e-37 
420.727 3.56826e-36 1.08658e-36 3.56826e-36 1.08658e-36 3.27738e-36 9.37139e-37 
428.549 3.63133e-36 1.10741e-36 3.63133e-36 1.10741e-36 3.33903e-36 9.56716e-37 
436.516 3.69549e-36 1.12865e-36 3.69549e-36 1.12865e-36 3.40177e-36 9.76682e-37 
444.631 3.76077e-36 1.15028e-36 3.76077e-36 1.15028e-36 3.46562e-36 9.97041e-37 
452.898 3.82717e-36 1.17233e-36 3.82717e-36 1.17233e-36 3.53059e-36 1.0178e-36 
461.318 3.89473e-36 1.19479e-36 3.89473e-36 1.19479e-36 3.5967e-36 1.03897e-36 
469.894 3.96346e-36 1.21769e-36 3.96346e-36 1.21769e-36 3.66397e-36 1.06055e-36 
478.63 4.03336e-36 1.24101e-36 4.03336e-36 1.24101e-36 3.73242e-36 1.08256e-36 
487.528 4.10448e-36 1.26478e-36 4.10448e-36 1.26478e-36 3.80207e-36 1.105e-36 
496.592 4.17682e-36 1.289e-36 4.17682e-36 1.289e-36 3.87294e-36 1.12789e-36 
505.825 4.25041e-36 1.31367e-36 4.25041e-36 1.31367e-36 3.94505e-36 1.15122e-36 
515.229 4.32527e-36 1.33882e-36 4.32527e-36 1.33882e-36 4.01842e-36 1.17501e-36 
524.807 4.40141e-36 1.36444e-36 4.40141e-36 1.36444e-36 4.09308e-36 1.19926e-36 
534.564 4.47887e-36 1.39054e-36 4.47887e-36 1.39054e-36 4.16903e-36 1.22399e-36 
544.503 4.55765e-36 1.41714e-36 4.55765e-36 1.41714e-36 4.2463e-36 1.24921e-36 
554.626 4.63778e-36 1.44424e-36 4.63778e-36 1.44424e-36 4.32491e-36 1.27491e-36 
564.937 4.71928e-36 1.47185e-36 4.71928e-36 1.47185e-36 4.4049e-36 1.30112e-36 
575.44 4.80218e-36 1.49993e-36 4.80218e-36 1.49993e-36 4.48628e-36 1.32784e-36 
586.138 4.8865e-36 1.52865e-36 4.8865e-36 1.52865e-36 4.56905e-36 1.35508e-36 
597.035 4.97226e-36 1.55785e-36 4.97226e-36 1.55785e-36 4.65326e-36 1.38285e-36 
608.135 5.0595e-36 1.58761e-36 5.0595e-36 1.58761e-36 4.73892e-36 1.41116e-36 
619.441 5.14818e-36 1.61793e-36 5.14818e-36 1.61793e-36 4.82607e-36 1.44002e-36 
630.957 5.2384e-36 1.64881e-36 5.2384e-36 1.64881e-36 4.91472e-36 1.46944e-36 
642.688 5.33015e-36 1.68028e-36 5.33015e-36 1.68028e-36 5.00489e-36 1.49943e-36 
654.636 5.42347e-36 1.71234e-36 5.42347e-36 1.71234e-36 5.09662e-36 1.53e-36 
666.807 5.51836e-36 1.74501e-36 5.51836e-36 1.74501e-36 5.18992e-36 1.56117e-36 
679.204 5.61486e-36 1.77829e-36 5.61486e-36 1.77829e-36 5.28483e-36 1.59294e-36 
691.831 5.71301e-36 1.81219e-36 5.71301e-36 1.81219e-36 5.38136e-36 1.62531e-36 
704.693 5.81281e-36 1.84673e-36 5.81281e-36 1.84673e-36 5.47954e-36 1.65833e-36 
717.794 5.9143e-36 1.88192e-36 5.9143e-36 1.88192e-36 5.57939e-36 1.69197e-36 
731.139 6.01747e-36 1.91777e-36 6.01747e-36 1.91777e-36 5.68096e-36 1.72627e-36 
744.732 6.1224e-36 1.95429e-36 6.1224e-36 1.95429e-36 5.78424e-36 1.76122e-36 
758.578 6.2291e-36 1.99149e-36 6.2291e-36 1.99149e-36 5.8893e-36 1.79685e-36 
772.681 6.33759e-36 2.02939e-36 6.33759e-36 2.02939e-36 5.99612e-36 1.83316e-36 
787.046 6.44791e-36 2.068e-36 6.44791e-36 2.068e-36 6.10477e-36 1.87017e-36 
801.678 6.56007e-36 2.10734e-36 6.56007e-36 2.10734e-36 6.21526e-36 1.90789e-36 
816.582 6.67411e-36 2.1474e-36 6.67411e-36 2.1474e-36 6.32761e-36 1.94634e-36 
831.764 6.79005e-36 2.18821e-36 6.79005e-36 2.18821e-36 6.44187e-36 1.98552e-36 
847.227 6.90793e-36 2.22979e-36 6.90793e-36 2.22979e-36 6.55804e-36 2.02545e-36 
862.979 7.02778e-36 2.27214e-36 7.02778e-36 2.27214e-36 6.67617e-36 2.06615e-36 
879.023 7.14961e-36 2.31529e-36 7.14961e-36 2.31529e-36 6.79629e-36 2.10762e-36 
895.365 7.27348e-36 2.35923e-36 7.27348e-36 2.35923e-36 6.91841e-36 2.14989e-36 
912.011 7.39939e-36 2.404e-36 7.39939e-36 2.404e-36 7.04261e-36 2.19296e-36 
928.966 7.52738e-36 2.44959e-36 7.52738e-36 2.44959e-36 7.16887e-36 2.23685e-36 
946.237 7.65751e-36 2.49603e-36 7.65751e-36 2.49603e-36 7.29723e-36 2.28158e-36 
963.829 7.78978e-36 2.54334e-36 7.78978e-36 2.54334e-36 7.42775e-36 2.32716e-36 
981.748 7.92423e-36 2.59153e-36 7.92423e-36 2.59153e-36 7.56043e-36 2.37361e-36 
1000 8.06089e-36 2.6406e-36 8.06089e-36 2.6406e-36 7.69529e-36 2.42093e-36 
1018.59 8.19978e-36 2.69059e-36 8.19978e-36 2.69059e-36 7.83244e-36 2.46915e-36 
1037.53 8.34102e-36 2.74151e-36 8.34102e-36 2.74151e-36 7.97183e-36 2.51828e-36 
1056.82 8.4845e-36 2.79336e-36 8.4845e-36 2.79336e-36 8.11353e-36 2.56835e-36 
1076.47 8.63037e-36 2.84618e-36 8.63037e-36 2.84618e-36 8.25757e-36 2.61937e-36 
1096.48 8.77861e-36 2.89997e-36 8.77861e-36 2.89997e-36 8.40399e-36 2.67134e-36 
1116.86 8.92929e-36 2.95476e-36 8.92929e-36 2.95476e-36 8.5528e-36 2.72431e-36 
1137.63 9.08237e-36 3.01056e-36 9.08237e-36 3.01056e-36 8.70405e-36 2.77826e-36 
1158.78 9.23795e-36 3.06738e-36 9.23795e-36 3.06738e-36 8.85778e-36 2.83323e-36 
1180.32 9.39608e-36 3.12525e-36 9.39608e-36 3.12525e-36 9.01404e-36 2.88924e-36 
1202.26 9.55673e-36 3.18419e-36 9.55673e-36 3.18419e-36 9.17285e-36 2.9463e-36 
1224.62 9.72002e-36 3.24421e-36 9.72002e-36 3.24421e-36 9.33424e-36 3.00443e-36 
1247.38 9.88592e-36 3.30534e-36 9.88592e-36 3.30534e-36 9.49821e-36 3.06365e-36 
1270.57 1.00545e-35 3.36759e-36 1.00545e-35 3.36759e-36 9.66488e-36 3.12398e-36 
1294.2 1.02258e-35 3.43097e-36 1.02258e-35 3.43097e-36 9.83425e-36 3.18543e-36 
1318.26 1.03998e-35 3.49553e-36 1.03998e-35 3.49553e-36 1.00064e-35 3.24804e-36 
1342.76 1.05766e-35 3.56126e-36 1.05766e-35 3.56126e-36 1.01812e-35 3.31181e-36 
1367.73 1.07562e-35 3.62819e-36 1.07562e-35 3.62819e-36 1.03589e-35 3.37678e-36 
1393.16 1.09387e-35 3.69635e-36 1.09387e-35 3.69635e-36 1.05394e-35 3.44295e-36 
1419.06 1.11241e-35 3.76575e-36 1.11241e-35 3.76575e-36 1.07229e-35 3.51036e-36 
1445.44 1.13124e-35 3.83642e-36 1.13124e-35 3.83642e-36 1.09092e-35 3.57901e-36 
1472.31 1.15038e-35 3.90838e-36 1.15038e-35 3.90838e-36 1.10986e-35 3.64894e-36 
1499.68 1.16981e-35 3.98164e-36 1.16981e-35 3.98164e-36 1.12909e-35 3.72017e-36 
1527.57 1.18955e-35 4.05624e-36 1.18955e-35 4.05624e-36 1.14863e-35 3.79272e-36 
1555.97 1.2096e-35 4.1322e-36 1.2096e-35 4.1322e-36 1.16848e-35 3.8666e-36 
1584.89 1.22996e-35 4.20952e-36 1.22996e-35 4.20952e-36 1.18864e-35 3.94186e-36 
1614.36 1.25065e-35 4.28826e-36 1.25065e-35 4.28826e-36 1.20912e-35 4.0185e-36 
1644.37 1.27165e-35 4.36842e-36 1.27165e-35 4.36842e-36 1.22992e-35 4.09656e-36 
1674.94 1.29299e-35 4.45003e-36 1.29299e-35 4.45003e-36 1.25105e-35 4.17604e-36 
1706.08 1.31465e-35 4.53313e-36 1.31465e-35 4.53313e-36 1.27251e-35 4.257e-36 
1737.8 1.33665e-35 4.61772e-36 1.33665e-35 4.61772e-36 1.2943e-35 4.33944e-36 
1770.11 1.35899e-35 4.70383e-36 1.35899e-35 4.70383e-36 1.31643e-35 4.42339e-36 
1803.02 1.38169e-35 4.7915e-36 1.38169e-35 4.7915e-36 1.33891e-35 4.50888e-36 
1836.54 1.40473e-35 4.88075e-36 1.40473e-35 4.88075e-36 1.36173e-35 4.59592e-36 
1870.68 1.42811e-35 4.9716e-36 1.42811e-35 4.9716e-36 1.38491e-35 4.68457e-36 
1905.46 1.45185e-35 5.06408e-36 1.45185e-35 5.06408e-36 1.40844e-35 4.77483e-36 
1940.89 1.47596e-35 5.15821e-36 1.47596e-35 5.15821e-36 1.43234e-35 4.86672e-36 
1976.97 1.50044e-35 5.25403e-36 1.50044e-35 5.25403e-36 1.4566e-35 4.9603e-36 
2013.72 1.52529e-35 5.35158e-36 1.52529e-35 5.35158e-36 1.48124e-35 5.05557e-36 
2051.16 1.55052e-35 5.45087e-36 1.55052e-35 5.45087e-36 1.50624e-35 5.15256e-36 
2089.3 1.57613e-35 5.55192e-36 1.57613e-35 5.55192e-36 1.53163e-35 5.25132e-36 
2128.14 1.60212e-35 5.65478e-36 1.60212e-35 5.65478e-36 1.55741e-35 5.35187e-36 
2167.7 1.6285e-35 5.75947e-36 1.6285e-35 5.75947e-36 1.58357e-35 5.45423e-36 
2208 1.65528e-35 5.86602e-36 1.65528e-35 5.86602e-36 1.61013e-35 5.55844e-36 
2249.05 1.68246e-35 5.97446e-36 1.68246e-35 5.97446e-36 1.63708e-35 5.66453e-36 
2290.87 1.71004e-35 6.08483e-36 1.71004e-35 6.08483e-36 1.66444e-35 5.77252e-36 
2333.46 1.73804e-35 6.19715e-36 1.73804e-35 6.19715e-36 1.69221e-35 5.88245e-36 
2376.84 1.76644e-35 6.31145e-36 1.76644e-35 6.31145e-36 1.72039e-35 5.99435e-36 
2421.03 1.79527e-35 6.42778e-36 1.79527e-35 6.42778e-36 1.74899e-35 6.10827e-36 
2466.04 1.82453e-35 6.54615e-36 1.82453e-35 6.54615e-36 1.77802e-35 6.22421e-36 
2511.89 1.85421e-35 6.66662e-36 1.85421e-35 6.66662e-36 1.80747e-35 6.34223e-36 
2558.59 1.88433e-35 6.78921e-36 1.88433e-35 6.78921e-36 1.83736e-35 6.46235e-36 
2606.15 1.91489e-35 6.91394e-36 1.91489e-35 6.91394e-36 1.86768e-35 6.58461e-36 
2654.61 1.94589e-35 7.04087e-36 1.94589e-35 7.04087e-36 1.89845e-35 6.70903e-36 
2703.96 1.97733e-35 7.17002e-36 1.97733e-35 7.17002e-36 1.92966e-35 6.83568e-36 
2754.23 2.00924e-35 7.30143e-36 2.00924e-35 7.30143e-36 1.96133e-35 6.96456e-36 
2805.43 2.04161e-35 7.43514e-36 2.04161e-35 7.43514e-36 1.99346e-35 7.09572e-36 
2857.59 2.07444e-35 7.57118e-36 2.07444e-35 7.57118e-36 2.02605e-35 7.22919e-36 
2910.72 2.10774e-35 7.70959e-36 2.10774e-35 7.70959e-36 2.05911e-35 7.36503e-36 
2964.83 2.14151e-35 7.85039e-36 2.14151e-35 7.85039e-36 2.09265e-35 7.50325e-36 
3019.95 2.17577e-35 7.99366e-36 2.17577e-35 7.99366e-36 2.12666e-35 7.64389e-36 
3076.1 2.21051e-35 8.13939e-36 2.21051e-35 8.13939e-36 2.16115e-35 7.787e-36 
3133.29 2.24574e-35 8.28766e-36 2.24574e-35 8.28766e-36 2.19614e-35 7.93263e-36 
3191.54 2.28146e-35 8.43848e-36 2.28146e-35 8.43848e-36 2.23163e-35 8.0808e-36 
3250.87 2.31769e-35 8.59191e-36 2.31769e-35 8.59191e-36 2.26761e-35 8.23155e-36 
3311.31 2.35443e-35 8.74799e-36 2.35443e-35 8.74799e-36 2.30409e-35 8.38493e-36 
3372.87 2.39167e-35 8.90674e-36 2.39167e-35 8.90674e-36 2.34109e-35 8.54099e-36 
3435.58 2.42944e-35 9.06822e-36 2.42944e-35 9.06822e-36 2.3786e-35 8.69974e-36 
3499.45 2.46772e-35 9.23247e-36 2.46772e-35 9.23247e-36 2.41663e-35 8.86125e-36 
3564.51 2.50654e-35 9.39952e-36 2.50654e-35 9.39952e-36 2.45519e-35 9.02555e-36 
3630.78 2.54588e-35 9.56943e-36 2.54588e-35 9.56943e-36 2.49428e-35 9.19268e-36 
3698.28 2.58577e-35 9.74224e-36 2.58577e-35 9.74224e-36 2.53391e-35 9.36268e-36 
3767.04 2.6262e-35 9.91798e-36 2.6262e-35 9.91798e-36 2.57408e-35 9.53564e-36 
3837.07 2.66717e-35 1.00967e-35 2.66717e-35 1.00967e-35 2.6148e-35 9.71156e-36 
3908.41 2.70871e-35 1.02785e-35 2.70871e-35 1.02785e-35 2.65607e-35 9.89048e-36 
3981.07 2.7508e-35 1.04633e-35 2.7508e-35 1.04633e-35 2.6979e-35 1.00725e-35 
4055.09 2.79345e-35 1.06513e-35 2.79345e-35 1.06513e-35 2.74029e-35 1.02576e-35 
4130.48 2.83668e-35 1.08424e-35 2.83668e-35 1.08424e-35 2.78326e-35 1.04458e-35 
4207.27 2.88048e-35 1.10368e-35 2.88048e-35 1.10368e-35 2.82679e-35 1.06373e-35 
4285.49 2.92486e-35 1.12344e-35 2.92486e-35 1.12344e-35 2.87091e-35 1.0832e-35 
4365.16 2.96983e-35 1.14354e-35 2.96983e-35 1.14354e-35 2.91561e-35 1.103e-35 
4446.31 3.01539e-35 1.16397e-35 3.01539e-35 1.16397e-35 2.9609e-35 1.12313e-35 
4528.98 3.06154e-35 1.18474e-35 3.06154e-35 1.18474e-35 3.00679e-35 1.1436e-35 
4613.18 3.10831e-35 1.20586e-35 3.10831e-35 1.20586e-35 3.05328e-35 1.16443e-35 
4698.94 3.15568e-35 1.22733e-35 3.15568e-35 1.22733e-35 3.10038e-35 1.18559e-35 
4786.3 3.20367e-35 1.24915e-35 3.20367e-35 1.24915e-35 3.14809e-35 1.20712e-35 
4875.28 3.25227e-35 1.27134e-35 3.25227e-35 1.27134e-35 3.19641e-35 1.229e-35 
4965.92 3.3015e-35 1.2939e-35 3.3015e-35 1.2939e-35 3.24536e-35 1.25125e-35 
5058.25 3.35136e-35 1.31683e-35 3.35136e-35 1.31683e-35 3.29494e-35 1.27387e-35 
5152.29 3.40185e-35 1.34013e-35 3.40185e-35 1.34013e-35 3.34515e-35 1.29686e-35 
5248.07 3.45299e-35 1.36382e-35 3.45299e-35 1.36382e-35 3.39601e-35 1.32024e-35 
5345.64 3.50477e-35 1.3879e-35 3.50477e-35 1.3879e-35 3.4475e-35 1.344e-35 
5445.03 3.5572e-35 1.41237e-35 3.5572e-35 1.41237e-35 3.49965e-35 1.36816e-35 
5546.26 3.61029e-35 1.43724e-35 3.61029e-35 1.43724e-35 3.55245e-35 1.39271e-35 
5649.37 3.66403e-35 1.46252e-35 3.66403e-35 1.46252e-35 3.60592e-35 1.41767e-35 
5754.4 3.71846e-35 1.48821e-35 3.71846e-35 1.48821e-35 3.66004e-35 1.44304e-35 
5861.38 3.77355e-35 1.51432e-35 3.77355e-35 1.51432e-35 3.71484e-35 1.46882e-35 
5970.35 3.82932e-35 1.54084e-35 3.82932e-35 1.54084e-35 3.77032e-35 1.49503e-35 
6081.35 3.88577e-35 1.5678e-35 3.88577e-35 1.5678e-35 3.82649e-35 1.52165e-35 
6194.41 3.94292e-35 1.59519e-35 3.94292e-35 1.59519e-35 3.88333e-35 1.54872e-35 
6309.57 4.00076e-35 1.62303e-35 4.00076e-35 1.62303e-35 3.94087e-35 1.57622e-35 
6426.88 4.05929e-35 1.65131e-35 4.05929e-35 1.65131e-35 3.99911e-35 1.60417e-35 
6546.36 4.11853e-35 1.68004e-35 4.11853e-35 1.68004e-35 4.05806e-35 1.63257e-35 
6668.07 4.17849e-35 1.70923e-35 4.17849e-35 1.70923e-35 4.11771e-35 1.66143e-35 
6792.04 4.23915e-35 1.73889e-35 4.23915e-35 1.73889e-35 4.17807e-35 1.69075e-35 
6918.31 4.30054e-35 1.76902e-35 4.30054e-35 1.76902e-35 4.23916e-35 1.72054e-35 
7046.93 4.36266e-35 1.79963e-35 4.36266e-35 1.79963e-35 4.30097e-35 1.7508e-35 
7177.94 4.42551e-35 1.83072e-35 4.42551e-35 1.83072e-35 4.36351e-35 1.78155e-35 
7311.39 4.48911e-35 1.86231e-35 4.48911e-35 1.86231e-35 4.42679e-35 1.81279e-35 
7447.32 4.55343e-35 1.89439e-35 4.55343e-35 1.89439e-35 4.49082e-35 1.84452e-35 
7585.78 4.6185e-35 1.92698e-35 4.6185e-35 1.92698e-35 4.55558e-35 1.87676e-35 
7726.81 4.68435e-35 1.96008e-35 4.68435e-35 1.96008e-35 4.62109e-35 1.90951e-35 
7870.46 4.75092e-35 1.99369e-35 4.75092e-35 1.99369e-35 4.68737e-35 1.94277e-35 
8016.78 4.81828e-35 2.02783e-35 4.81828e-35 2.02783e-35 4.7544e-35 1.97655e-35 
8165.82 4.8864e-35 2.0625e-35 4.8864e-35 2.0625e-35 4.8222e-35 2.01086e-35 
8317.64 4.9553e-35 2.09771e-35 4.9553e-35 2.09771e-35 4.89078e-35 2.04571e-35 
8472.27 5.02498e-35 2.13346e-35 5.02498e-35 2.13346e-35 4.96013e-35 2.08111e-35 
8629.79 5.09542e-35 2.16977e-35 5.09542e-35 2.16977e-35 5.03026e-35 2.11705e-35 
8790.23 5.16669e-35 2.20664e-35 5.16669e-35 2.20664e-35 5.10118e-35 2.15355e-35 
8953.65 5.23873e-35 2.24407e-35 5.23873e-35 2.24407e-35 5.17291e-35 2.19062e-35 
9120.11 5.31158e-35 2.28208e-35 5.31158e-35 2.28208e-35 5.24542e-35 2.22826e-35 
9289.66 5.38523e-35 2.32067e-35 5.38523e-35 2.32067e-35 5.31874e-35 2.26647e-35 
9462.37 5.45968e-35 2.35984e-35 5.45968e-35 2.35984e-35 5.39287e-35 2.30527e-35 
9638.29 5.53495e-35 2.39961e-35 5.53495e-35 2.39961e-35 5.46781e-35 2.34467e-35 
9817.48 5.61105e-35 2.43999e-35 5.61105e-35 2.43999e-35 5.54358e-35 2.38467e-35 
10000 5.68798e-35 2.48098e-35 5.68798e-35 2.48098e-35 5.62016e-35 2.42528e-35 
10185.9 5.76573e-35 2.52258e-35 5.76573e-35 2.52258e-35 5.69758e-35 2.4665e-35 
10375.3 5.84433e-35 2.56482e-35 5.84433e-35 2.56482e-35 5.77582e-35 2.50835e-35 
10568.2 5.92376e-35 2.60768e-35 5.92376e-35 2.60768e-35 5.85492e-35 2.55083e-35 
10764.7 6.00404e-35 2.65119e-35 6.00404e-35 2.65119e-35 5.93485e-35 2.59395e-35 
10964.8 6.08517e-35 2.69534e-35 6.08517e-35 2.69534e-35 6.01563e-35 2.63771e-35 
11168.6 6.16717e-35 2.74016e-35 6.16717e-35 2.74016e-35 6.09727e-35 2.68213e-35 
11376.3 6.25002e-35 2.78564e-35 6.25002e-35 2.78564e-35 6.17978e-35 2.72722e-35 
11587.8 6.33372e-35 2.83179e-35 6.33372e-35 2.83179e-35 6.26314e-35 2.77297e-35 
11803.2 6.41832e-35 2.87862e-35 6.41832e-35 2.87862e-35 6.34738e-35 2.81941e-35 
12022.6 6.50378e-35 2.92614e-35 6.50378e-35 2.92614e-35 6.43249e-35 2.86654e-35 
12246.2 6.59014e-35 2.97437e-35 6.59014e-35 2.97437e-35 6.51848e-35 2.91435e-35 
12473.8 6.67738e-35 3.02329e-35 6.67738e-35 3.02329e-35 6.60536e-35 2.96287e-35 
12705.7 6.76552e-35 3.07293e-35 6.76552e-35 3.07293e-35 6.69313e-35 3.01211e-35 
12942 6.85454e-35 3.1233e-35 6.85454e-35 3.1233e-35 6.78179e-35 3.06206e-35 
13182.6 6.94446e-35 3.17439e-35 6.94446e-35 3.17439e-35 6.87136e-35 3.11274e-35 
13427.6 7.03531e-35 3.22622e-35 7.03531e-35 3.22622e-35 6.96184e-35 3.16416e-35 
13677.3 7.12705e-35 3.27881e-35 7.12705e-35 3.27881e-35 7.05322e-35 3.21633e-35 
13931.6 7.21974e-35 3.33214e-35 7.21974e-35 3.33214e-35 7.14552e-35 3.26925e-35 
14190.6 7.31334e-35 3.38624e-35 7.31334e-35 3.38624e-35 7.23876e-35 3.32293e-35 
14454.4 7.40786e-35 3.44112e-35 7.40786e-35 3.44112e-35 7.3329e-35 3.37738e-35 
14723.1 7.50331e-35 3.49678e-35 7.50331e-35 3.49678e-35 7.42797e-35 3.43262e-35 
14996.8 7.59971e-35 3.55323e-35 7.59971e-35 3.55323e-35 7.52399e-35 3.48864e-35 
15275.7 7.69705e-35 3.61048e-35 7.69705e-35 3.61048e-35 7.62096e-35 3.54546e-35 
15559.7 7.79535e-35 3.66854e-35 7.79535e-35 3.66854e-35 7.71886e-35 3.60309e-35 
15848.9 7.8946e-35 3.72741e-35 7.8946e-35 3.72741e-35 7.81773e-35 3.66154e-35 
16143.6 7.99482e-35 3.78712e-35 7.99482e-35 3.78712e-35 7.91755e-35 3.72081e-35 
16443.7 8.09598e-35 3.84766e-35 8.09598e-35 3.84766e-35 8.01833e-35 3.78091e-35 
16749.4 8.19812e-35 3.90905e-35 8.19812e-35 3.90905e-35 8.12008e-35 3.84185e-35 
17060.8 8.30125e-35 3.97128e-35 8.30125e-35 3.97128e-35 8.22281e-35 3.90365e-35 
17378 8.40537e-35 4.03438e-35 8.40537e-35 4.03438e-35 8.32651e-35 3.96631e-35 
17701.1 8.51045e-35 4.09836e-35 8.51045e-35 4.09836e-35 8.4312e-35 4.02984e-35 
18030.2 8.61651e-35 4.16322e-35 8.61651e-35 4.16322e-35 8.53688e-35 4.09425e-35 
18365.4 8.7236e-35 4.22897e-35 8.7236e-35 4.22897e-35 8.64356e-35 4.15955e-35 
18706.8 8.83166e-35 4.29563e-35 8.83166e-35 4.29563e-35 8.75124e-35 4.22575e-35 
19054.6 8.94076e-35 4.36319e-35 8.94076e-35 4.36319e-35 8.85992e-35 4.29286e-35 
19408.9 9.05086e-35 4.43167e-35 9.05086e-35 4.43167e-35 8.96962e-35 4.36089e-35 
19769.7 9.16199e-35 4.50109e-35 9.16199e-35 4.50109e-35 9.08032e-35 4.42984e-35 
20137.2 9.27412e-35 4.57145e-35 9.27412e-35 4.57145e-35 9.19206e-35 4.49973e-35 
20511.6 9.38731e-35 4.64275e-35 9.38731e-35 4.64275e-35 9.30481e-35 4.57057e-35 
20893 9.50151e-35 4.71501e-35 9.50151e-35 4.71501e-35 9.41862e-35 4.64237e-35 
21281.4 9.61678e-35 4.78825e-35 9.61678e-35 4.78825e-35 9.53344e-35 4.71513e-35 
21677 9.73307e-35 4.86246e-35 9.73307e-35 4.86246e-35 9.64933e-35 4.78888e-35 
22080 9.85043e-35 4.93767e-35 9.85043e-35 4.93767e-35 9.76626e-35 4.86359e-35 
22490.5 9.96883e-35 5.01389e-35 9.96883e-35 5.01389e-35 9.88424e-35 4.93932e-35 
22908.7 1.00883e-34 5.09107e-35 1.00883e-34 5.09107e-35 1.00033e-34 5.01605e-35 
23334.6 1.02089e-34 5.16931e-35 1.02089e-34 5.16931e-35 1.01234e-34 5.0938e-35 
23768.4 1.03305e-34 5.24856e-35 1.03305e-34 5.24856e-35 1.02446e-34 5.17257e-35 
24210.3 1.04532e-34 5.32886e-35 1.04532e-34 5.32886e-35 1.03669e-34 5.25239e-35 
24660.4 1.0577e-34 5.41021e-35 1.0577e-34 5.41021e-35 1.04902e-34 5.33325e-35 
25118.9 1.07019e-34 5.49261e-35 1.07019e-34 5.49261e-35 1.06147e-34 5.41516e-35 
25585.9 1.08279e-34 5.57609e-35 1.08279e-34 5.57609e-35 1.07402e-34 5.49815e-35 
26061.5 1.0955e-34 5.66065e-35 1.0955e-34 5.66065e-35 1.08668e-34 5.58221e-35 
26546.1 1.10832e-34 5.7463e-35 1.10832e-34 5.7463e-35 1.09946e-34 5.66736e-35 
27039.6 1.12125e-34 5.83306e-35 1.12125e-34 5.83306e-35 1.11235e-34 5.75362e-35 
27542.3 1.13429e-34 5.92092e-35 1.13429e-34 5.92092e-35 1.12535e-34 5.84098e-35 
28054.3 1.14745e-34 6.00991e-35 1.14745e-34 6.00991e-35 1.13846e-34 5.92946e-35 
28575.9 1.16072e-34 6.10004e-35 1.16072e-34 6.10004e-35 1.15169e-34 6.01907e-35 
29107.2 1.17411e-34 6.1913e-35 1.17411e-34 6.1913e-35 1.16503e-34 6.10985e-35 
29648.3 1.18761e-34 6.28373e-35 1.18761e-34 6.28373e-35 1.17848e-34 6.20175e-35 
30199.5 1.20123e-34 6.37732e-35 1.20123e-34 6.37732e-35 1.19205e-34 6.29483e-35 
30761 1.21496e-34 6.47209e-35 1.21496e-34 6.47209e-35 1.20574e-34 6.38908e-35 
31332.9 1.22881e-34 6.56805e-35 1.22881e-34 6.56805e-35 1.21954e-34 6.48451e-35 
31915.4 1.24278e-34 6.6652e-35 1.24278e-34 6.6652e-35 1.23346e-34 6.58114e-35 
32508.7 1.25686e-34 6.76357e-35 1.25686e-34 6.76357e-35 1.2475e-34 6.67899e-35 
33113.1 1.27107e-34 6.86316e-35 1.27107e-34 6.86316e-35 1.26166e-34 6.77805e-35 
33728.7 1.28539e-34 6.96398e-35 1.28539e-34 6.96398e-35 1.27593e-34 6.87834e-35 
34355.8 1.29984e-34 7.06605e-35 1.29984e-34 7.06605e-35 1.29033e-34 6.97987e-35 
34994.5 1.31441e-34 7.16937e-35 1.31441e-34 7.16937e-35 1.30485e-34 7.08265e-35 
35645.1 1.32909e-34 7.27396e-35 1.32909e-34 7.27396e-35 1.31949e-34 7.1867e-35 
36307.8 1.34391e-34 7.37982e-35 1.34391e-34 7.37982e-35 1.33425e-34 7.29202e-35 
36982.8 1.35884e-34 7.48698e-35 1.35884e-34 7.48698e-35 1.34913e-34 7.39863e-35 
37670.4 1.3739e-34 7.59543e-35 1.3739e-34 7.59543e-35 1.36414e-34 7.50654e-35 
38370.7 1.38908e-34 7.70521e-35 1.38908e-34 7.70521e-35 1.37928e-34 7.61576e-35 
39084.1 1.40439e-34 7.81629e-35 1.40439e-34 7.81629e-35 1.39453e-34 7.72629e-35 
39810.7 1.41983e-34 7.92872e-35 1.41983e-34 7.92872e-35 1.40992e-34 7.83817e-35 
40550.9 1.43539e-34 8.04249e-35 1.43539e-34 8.04249e-35 1.42543e-34 7.95138e-35 
41304.8 1.45108e-34 8.15762e-35 1.45108e-34 8.15762e-35 1.44107e-34 8.06595e-35 
42072.7 1.4669e-34 8.27413e-35 1.4669e-34 8.27413e-35 1.45684e-34 8.18189e-35 
42854.9 1.48285e-34 8.392e-35 1.48285e-34 8.392e-35 1.47273e-34 8.29921e-35 
43651.6 1.49892e-34 8.51129e-35 1.49892e-34 8.51129e-35 1.48876e-34 8.41792e-35 
44463.1 1.51513e-34 8.63198e-35 1.51513e-34 8.63198e-35 1.50492e-34 8.53804e-35 
45289.8 1.53147e-34 8.75408e-35 1.53147e-34 8.75408e-35 1.52121e-34 8.65957e-35 
46131.8 1.54795e-34 8.87761e-35 1.54795e-34 8.87761e-35 1.53763e-34 8.78253e-35 
46989.4 1.56456e-34 9.00259e-35 1.56456e-34 9.00259e-35 1.55418e-34 8.90693e-35 
47863 1.5813e-34 9.12903e-35 1.5813e-34 9.12903e-35 1.57087e-34 9.03278e-35 
48752.8 1.59818e-34 9.25693e-35 1.59818e-34 9.25693e-35 1.5877e-34 9.16008e-35 
49659.2 1.61519e-34 9.38631e-35 1.61519e-34 9.38631e-35 1.60465e-34 9.28887e-35 
50582.5 1.63234e-34 9.51718e-35 1.63234e-34 9.51718e-35 1.62175e-34 9.41916e-35 
51522.9 1.64963e-34 9.64955e-35 1.64963e-34 9.64955e-35 1.63899e-34 9.55094e-35 
52480.7 1.66706e-34 9.78346e-35 1.66706e-34 9.78346e-35 1.65636e-34 9.68423e-35 
53456.4 1.68462e-34 9.91886e-35 1.68462e-34 9.91886e-35 1.67387e-34 9.81906e-35 
54450.3 1.70234e-34 1.00558e-34 1.70234e-34 1.00558e-34 1.69153e-34 9.95541e-35 
55462.6 1.72018e-34 1.01943e-34 1.72018e-34 1.01943e-34 1.70932e-34 1.00933e-34 
56493.7 1.73818e-34 1.03344e-34 1.73818e-34 1.03344e-34 1.72726e-34 1.02328e-34 
57544 1.75631e-34 1.04761e-34 1.75631e-34 1.04761e-34 1.74534e-34 1.03738e-34 
58613.8 1.77459e-34 1.06193e-34 1.77459e-34 1.06193e-34 1.76356e-34 1.05165e-34 
59703.5 1.79302e-34 1.07642e-34 1.79302e-34 1.07642e-34 1.78193e-34 1.06607e-34 
60813.5 1.81159e-34 1.09107e-34 1.81159e-34 1.09107e-34 1.80044e-34 1.08066e-34 
61944.1 1.83031e-34 1.10588e-34 1.83031e-34 1.10588e-34 1.8191e-34 1.09541e-34 
63095.7 1.84918e-34 1.12085e-34 1.84918e-34 1.12085e-34 1.83791e-34 1.11032e-34 
64268.8 1.8682e-34 1.13599e-34 1.8682e-34 1.13599e-34 1.85688e-34 1.1254e-34 
65463.6 1.88737e-34 1.1513e-34 1.88737e-34 1.1513e-34 1.87599e-34 1.14064e-34 
66680.7 1.90669e-34 1.16678e-34 1.90669e-34 1.16678e-34 1.89525e-34 1.15606e-34 
67920.4 1.92616e-34 1.18242e-34 1.92616e-34 1.18242e-34 1.91466e-34 1.17164e-34 
69183.1 1.94579e-34 1.19824e-34 1.94579e-34 1.19824e-34 1.93423e-34 1.18739e-34 
70469.3 1.96557e-34 1.21423e-34 1.96557e-34 1.21423e-34 1.95395e-34 1.20331e-34 
71779.4 1.98551e-34 1.23039e-34 1.98551e-34 1.23039e-34 1.97383e-34 1.21941e-34 
73113.9 2.0056e-34 1.24673e-34 2.0056e-34 1.24673e-34 1.99386e-34 1.23568e-34 
74473.2 2.02585e-34 1.26324e-34 2.02585e-34 1.26324e-34 2.01405e-34 1.25213e-34 
75857.8 2.04626e-34 1.27993e-34 2.04626e-34 1.27993e-34 2.0344e-34 1.26876e-34 
77268.1 2.06684e-34 1.29681e-34 2.06684e-34 1.29681e-34 2.05491e-34 1.28556e-34 
78704.6 2.08757e-34 1.31385e-34 2.08757e-34 1.31385e-34 2.07558e-34 1.30255e-34 
80167.8 2.10846e-34 1.33109e-34 2.10846e-34 1.33109e-34 2.09642e-34 1.31971e-34 
81658.2 2.12952e-34 1.3485e-34 2.12952e-34 1.3485e-34 2.11741e-34 1.33706e-34 
83176.4 2.15075e-34 1.36611e-34 2.15075e-34 1.36611e-34 2.13857e-34 1.3546e-34 
84722.7 2.17213e-34 1.38389e-34 2.17213e-34 1.38389e-34 2.1599e-34 1.37232e-34 
86297.9 2.19369e-34 1.40187e-34 2.19369e-34 1.40187e-34 2.1814e-34 1.39022e-34 
87902.3 2.21542e-34 1.42003e-34 2.21542e-34 1.42003e-34 2.20306e-34 1.40832e-34 
89536.5 2.23732e-34 1.43838e-34 2.23732e-34 1.43838e-34 2.22489e-34 1.4266e-34 
91201.1 2.25938e-34 1.45693e-34 2.25938e-34 1.45693e-34 2.2469e-34 1.44508e-34 
92896.6 2.28162e-34 1.47567e-34 2.28162e-34 1.47567e-34 2.26907e-34 1.46375e-34 
94623.7 2.30403e-34 1.4946e-34 2.30403e-34 1.4946e-34 2.29141e-34 1.48261e-34 
96382.9 2.32659e-34 1.51373e-34 2.32659e-34 1.51373e-34 2.31394e-34 1.50167e-34 
98174.8 2.34939e-34 1.53306e-34 2.34939e-34 1.53306e-34 2.33663e-34 1.52093e-34 
100000 2.37233e-34 1.55258e-34 2.37233e-34 1.55258e-34 2.35951e-34 1.54038e-34 
101859 2.39545e-34 1.5723e-34 2.39545e-34 1.5723e-34 2.38256e-34 1.56004e-34 
103753 2.41875e-34 1.59223e-34 2.41875e-34 1.59223e-34 2.4058e-34 1.57989e-34 
105682 2.44223e-34 1.61237e-34 2.44223e-34 1.61237e-34 2.4292e-34 1.59995e-34 
107647 2.4659e-34 1.6327e-34 2.4659e-34 1.6327e-34 2.45281e-34 1.62022e-34 
109648 2.48975e-34 1.65324e-34 2.48975e-34 1.65324e-34 2.47659e-34 1.64069e-34 
111686 2.51378e-34 1.67399e-34 2.51378e-34 1.67399e-34 2.50055e-34 1.66136e-34 
113763 2.538e-34 1.69495e-34 2.538e-34 1.69495e-34 2.5247e-34 1.68225e-34 
115878 2.56241e-34 1.71612e-34 2.56241e-34 1.71612e-34 2.54905e-34 1.70335e-34 
118032 2.58701e-34 1.73751e-34 2.58701e-34 1.73751e-34 2.57358e-34 1.72466e-34 
120226 2.6118e-34 1.7591e-34 2.6118e-34 1.7591e-34 2.5983e-34 1.74618e-34 
122462 2.63678e-34 1.78092e-34 2.63678e-34 1.78092e-34 2.62321e-34 1.76791e-34 
124738 2.66196e-34 1.80295e-34 2.66196e-34 1.80295e-34 2.64831e-34 1.78988e-34 
127057 2.68733e-34 1.8252e-34 2.68733e-34 1.8252e-34 2.67362e-34 1.81205e-34 
129420 2.7129e-34 1.84766e-34 2.7129e-34 1.84766e-34 2.69912e-34 1.83444e-34 
131826 2.73867e-34 1.87035e-34 2.73867e-34 1.87035e-34 2.72482e-34 1.85706e-34 
134276 2.76464e-34 1.89327e-34 2.76464e-34 1.89327e-34 2.75071e-34 1.8799e-34 
136773 2.7908e-34 1.91641e-34 2.7908e-34 1.91641e-34 2.77681e-34 1.90296e-34 
139316 2.81718e-34 1.93977e-34 2.81718e-34 1.93977e-34 2.80311e-34 1.92625e-34 
141906 2.84376e-34 1.96337e-34 2.84376e-34 1.96337e-34 2.82961e-34 1.94976e-34 
144544 2.87054e-34 1.98719e-34 2.87054e-34 1.98719e-34 2.85632e-34 1.97351e-34 
147231 2.89753e-34 2.01125e-34 2.89753e-34 2.01125e-34 2.88324e-34 1.99749e-34 
149968 2.92473e-34 2.03553e-34 2.92473e-34 2.03553e-34 2.91037e-34 2.0217e-34 
152757 2.95215e-34 2.06006e-34 2.95215e-34 2.06006e-34 2.93771e-34 2.04614e-34 
155597 2.97977e-34 2.08482e-34 2.97977e-34 2.08482e-34 2.96526e-34 2.07082e-34 
158489 3.00761e-34 2.10981e-34 3.00761e-34 2.10981e-34 2.99302e-34 2.09574e-34 
161436 3.03567e-34 2.13505e-34 3.03567e-34 2.13505e-34 3.021e-34 2.1209e-34 
164437 3.06394e-34 2.16053e-34 3.06394e-34 2.16053e-34 3.04919e-34 2.1463e-34 
167494 3.09243e-34 2.18625e-34 3.09243e-34 2.18625e-34 3.07761e-34 2.17194e-34 
170608 3.12114e-34 2.21222e-34 3.12114e-34 2.21222e-34 3.10625e-34 2.19783e-34 
173780 3.15008e-34 2.23843e-34 3.15008e-34 2.23843e-34 3.13511e-34 2.22396e-34 
177011 3.17924e-34 2.2649e-34 3.17924e-34 2.2649e-34 3.16419e-34 2.25034e-34 
180302 3.20863e-34 2.29161e-34 3.20863e-34 2.29161e-34 3.1935e-34 2.27697e-34 
183654 3.23824e-34 2.31856e-34 3.23824e-34 2.31856e-34 3.22303e-34 2.30385e-34 
187068 3.26809e-34 2.34579e-34 3.26809e-34 2.34579e-34 3.2528e-34 2.33098e-34 
190546 3.29816e-34 2.37326e-34 3.29816e-34 2.37326e-34 3.28279e-34 2.35837e-34 
194089 3.32847e-34 2.40099e-34 3.32847e-34 2.40099e-34 3.31302e-34 2.38602e-34 
197697 3.35901e-34 2.42898e-34 3.35901e-34 2.42898e-34 3.34349e-34 2.41392e-34 
201372 3.38979e-34 2.45722e-34 3.38979e-34 2.45722e-34 3.37419e-34 2.44209e-34 
205116 3.42081e-34 2.48574e-34 3.42081e-34 2.48574e-34 3.40512e-34 2.47052e-34 
208930 3.45207e-34 2.51452e-34 3.45207e-34 2.51452e-34 3.4363e-34 2.49921e-34 
212814 3.48357e-34 2.54356e-34 3.48357e-34 2.54356e-34 3.46773e-34 2.52817e-34 
216770 3.51532e-34 2.57287e-34 3.51532e-34 2.57287e-34 3.49939e-34 2.55739e-34 
220800 3.54732e-34 2.60245e-34 3.54732e-34 2.60245e-34 3.5313e-34 2.58688e-34 
224905 3.57956e-34 2.6323e-34 3.57956e-34 2.6323e-34 3.56346e-34 2.61665e-34 
229087 3.61204e-34 2.66242e-34 3.61204e-34 2.66242e-34 3.59586e-34 2.64669e-34 
233346 3.64479e-34 2.69282e-34 3.64479e-34 2.69282e-34 3.62852e-34 2.677e-34 
237684 3.67778e-34 2.7235e-34 3.67778e-34 2.7235e-34 3.66143e-34 2.70759e-34 
242103 3.71104e-34 2.75446e-34 3.71104e-34 2.75446e-34 3.6946e-34 2.73846e-34 
246604 3.74454e-34 2.7857e-34 3.74454e-34 2.7857e-34 3.72802e-34 2.76961e-34 
251189 3.77831e-34 2.81722e-34 3.77831e-34 2.81722e-34 3.76171e-34 2.80104e-34 
255859 3.81234e-34 2.84902e-34 3.81234e-34 2.84902e-34 3.79565e-34 2.83276e-34 
260615 3.84664e-34 2.88112e-34 3.84664e-34 2.88112e-34 3.82986e-34 2.86475e-34 
265461 3.8812e-34 2.9135e-34 3.8812e-34 2.9135e-34 3.86433e-34 2.89705e-34 
270396 3.91603e-34 2.94617e-34 3.91603e-34 2.94617e-34 3.89907e-34 2.92963e-34 
275423 3.95113e-34 2.97914e-34 3.95113e-34 2.97914e-34 3.93409e-34 2.96251e-34 
280543 3.9865e-34 3.0124e-34 3.9865e-34 3.0124e-34 3.96937e-34 2.99568e-34 
285759 4.02214e-34 3.04596e-34 4.02214e-34 3.04596e-34 4.00492e-34 3.02915e-34 
291072 4.05806e-34 3.07981e-34 4.05806e-34 3.07981e-34 4.04075e-34 3.06291e-34 
296483 4.09426e-34 3.11397e-34 4.09426e-34 3.11397e-34 4.07686e-34 3.09697e-34 
301995 4.13074e-34 3.14843e-34 4.13074e-34 3.14843e-34 4.11325e-34 3.13134e-34 
307610 4.1675e-34 3.18319e-34 4.1675e-34 3.18319e-34 4.14992e-34 3.16601e-34 
313329 4.20455e-34 3.21827e-34 4.20455e-34 3.21827e-34 4.18688e-34 3.20099e-34 
319154 4.24188e-34 3.25365e-34 4.24188e-34 3.25365e-34 4.22412e-34 3.23628e-34 
325087 4.2795e-34 3.28934e-34 4.2795e-34 3.28934e-34 4.26165e-34 3.27188e-34 
331131 4.31742e-34 3.32535e-34 4.31742e-34 3.32535e-34 4.29947e-34 3.30779e-34 
337287 4.35562e-34 3.36167e-34 4.35562e-34 3.36167e-34 4.33758e-34 3.34401e-34 
343558 4.39413e-34 3.39831e-34 4.39413e-34 3.39831e-34 4.37599e-34 3.38055e-34 
349945 4.43292e-34 3.43526e-34 4.43292e-34 3.43526e-34 4.4147e-34 3.41742e-34 
356451 4.47203e-34 3.47255e-34 4.47203e-34 3.47255e-34 4.45371e-34 3.4546e-34 
363078 4.51143e-34 3.51014e-34 4.51143e-34 3.51014e-34 4.49302e-34 3.49211e-34 
369828 4.55113e-34 3.54808e-34 4.55113e-34 3.54808e-34 4.53263e-34 3.52994e-34 
376704 4.59115e-34 3.58634e-34 4.59115e-34 3.58634e-34 4.57255e-34 3.5681e-34 
383707 4.63147e-34 3.62493e-34 4.63147e-34 3.62493e-34 4.61278e-34 3.60659e-34 
390841 4.67211e-34 3.66385e-34 4.67211e-34 3.66385e-34 4.65332e-34 3.64542e-34 
398107 4.71306e-34 3.70311e-34 4.71306e-34 3.70311e-34 4.69417e-34 3.68458e-34 
405509 4.75433e-34 3.74271e-34 4.75433e-34 3.74271e-34 4.73534e-34 3.72407e-34 
413048 4.79592e-34 3.78263e-34 4.79592e-34 3.78263e-34 4.77683e-34 3.7639e-34 
420727 4.83782e-34 3.82292e-34 4.83782e-34 3.82292e-34 4.81864e-34 3.80408e-34 
428549 4.88006e-34 3.86354e-34 4.88006e-34 3.86354e-34 4.86077e-34 3.8446e-34 
436516 4.92261e-34 3.90451e-34 4.92261e-34 3.90451e-34 4.90322e-34 3.88546e-34 
444631 4.9655e-34 3.94583e-34 4.9655e-34 3.94583e-34 4.94601e-34 3.92668e-34 
452898 5.00871e-34 3.98749e-34 5.00871e-34 3.98749e-34 4.98913e-34 3.96824e-34 
461318 5.05227e-34 4.02951e-34 5.05227e-34 4.02951e-34 5.03258e-34 4.01018e-34 
469894 5.09616e-34 4.07189e-34 5.09616e-34 4.07189e-34 5.07637e-34 4.05244e-34 
478630 5.14037e-34 4.11462e-34 5.14037e-34 4.11462e-34 5.12049e-34 4.09507e-34 
487528 5.18494e-34 4.15771e-34 5.18494e-34 4.15771e-34 5.16495e-34 4.13806e-34 
496592 5.22985e-34 4.20118e-34 5.22985e-34 4.20118e-34 5.20976e-34 4.18141e-34 
505825 5.27511e-34 4.245e-34 5.27511e-34 4.245e-34 5.25491e-34 4.22513e-34 
515229 5.32073e-34 4.2892e-34 5.32073e-34 4.2892e-34 5.30042e-34 4.26922e-34 
524807 5.36667e-34 4.33376e-34 5.36667e-34 4.33376e-34 5.34627e-34 4.31367e-34 
534564 5.41298e-34 4.37869e-34 5.41298e-34 4.37869e-34 5.39247e-34 4.3585e-34 
544503 5.45965e-34 4.42401e-34 5.45965e-34 4.42401e-34 5.43903e-34 4.40371e-34 
554626 5.50667e-34 4.46969e-34 5.50667e-34 4.46969e-34 5.48595e-34 4.44928e-34 
564937 5.55406e-34 4.51576e-34 5.55406e-34 4.51576e-34 5.53323e-34 4.49525e-34 
575440 5.60181e-34 4.56222e-34 5.60181e-34 4.56222e-34 5.58088e-34 4.54159e-34 
586138 5.64993e-34 4.60905e-34 5.64993e-34 4.60905e-34 5.62889e-34 4.58832e-34 
597035 5.69842e-34 4.65629e-34 5.69842e-34 4.65629e-34 5.67727e-34 4.63543e-34 
608135 5.74728e-34 4.7039e-34 5.74728e-34 4.7039e-34 5.72602e-34 4.68294e-34 
619441 5.79652e-34 4.75191e-34 5.79652e-34 4.75191e-34 5.77516e-34 4.73084e-34 
630957 5.84613e-34 4.80031e-34 5.84613e-34 4.80031e-34 5.82466e-34 4.77913e-34 
642688 5.89613e-34 4.8491e-34 5.89613e-34 4.8491e-34 5.87455e-34 4.82782e-34 
654636 5.94651e-34 4.89831e-34 5.94651e-34 4.89831e-34 5.92482e-34 4.87691e-34 
666807 5.99728e-34 4.94792e-34 5.99728e-34 4.94792e-34 5.97547e-34 4.92641e-34 
679204 6.04844e-34 4.99793e-34 6.04844e-34 4.99793e-34 6.02652e-34 4.97631e-34 
691831 6.09998e-34 5.04835e-34 6.09998e-34 5.04835e-34 6.07795e-34 5.02662e-34 
704693 6.15192e-34 5.09919e-34 6.15192e-34 5.09919e-34 6.12979e-34 5.07734e-34 
717794 6.20426e-34 5.15044e-34 6.20426e-34 5.15044e-34 6.18201e-34 5.12847e-34 
731139 6.25701e-34 5.20211e-34 6.25701e-34 5.20211e-34 6.23464e-34 5.18002e-34 
744732 6.31015e-34 5.25419e-34 6.31015e-34 5.25419e-34 6.28768e-34 5.23199e-34 
758578 6.36371e-34 5.30671e-34 6.36371e-34 5.30671e-34 6.34111e-34 5.28438e-34 
772681 6.41765e-34 5.35964e-34 6.41765e-34 5.35964e-34 6.39495e-34 5.3372e-34 
787046 6.47203e-34 5.413e-34 6.47203e-34 5.413e-34 6.44921e-34 5.39044e-34 
801678 6.52682e-34 5.46679e-34 6.52682e-34 5.46679e-34 6.50388e-34 5.44411e-34 
816582 6.58203e-34 5.52103e-34 6.58203e-34 5.52103e-34 6.55897e-34 5.49822e-34 
831764 6.63766e-34 5.57569e-34 6.63766e-34 5.57569e-34 6.61449e-34 5.55278e-34 
847227 6.69372e-34 5.63079e-34 6.69372e-34 5.63079e-34 6.67042e-34 5.60776e-34 
862979 6.75019e-34 5.68634e-34 6.75019e-34 5.68634e-34 6.72678e-34 5.66318e-34 
879023 6.80711e-34 5.74232e-34 6.80711e-34 5.74232e-34 6.78357e-34 5.71905e-34 
895365 6.86444e-34 5.79877e-34 6.86444e-34 5.79877e-34 6.8408e-34 5.77537e-34 
912011 6.92223e-34 5.85566e-34 6.92223e-34 5.85566e-34 6.89846e-34 5.83214e-34 
928966 6.98045e-34 5.91301e-34 6.98045e-34 5.91301e-34 6.95656e-34 5.88937e-34 
946237 7.03911e-34 5.97081e-34 7.03911e-34 5.97081e-34 7.0151e-34 5.94705e-34 
963829 7.09822e-34 6.02907e-34 7.09822e-34 6.02907e-34 7.07409e-34 6.00518e-34 
981748 7.15778e-34 6.0878e-34 7.15778e-34 6.0878e-34 7.13352e-34 6.06379e-34 
1e+06 7.21779e-34 6.14699e-34 7.21779e-34 6.14699e-34 7.19342e-34 6.12286e-34 
