100 2.1212179404574e-37 1.17076884647675e-37 2.1212179404574e-37 1.17076884647675e-37 2.1212179404574e-37 1.17076884647675e-37 
103.282812594103 2.18885926117414e-37 1.20931538213711e-37 2.18885926117414e-37 1.20931538213711e-37 2.18885926117414e-37 1.20931538213711e-37 
106.673393773486 2.25866497986393e-37 1.24913307348054e-37 2.25866497986393e-37 1.24913307348054e-37 2.25866497986393e-37 1.24913307348054e-37 
110.175281378838 2.33070206840536e-37 1.29026709279445e-37 2.33070206840536e-37 1.29026709279445e-37 2.33070206840536e-37 1.29026709279445e-37 
113.792129391531 2.40504500582368e-37 1.3327575796477e-37 2.40504500582368e-37 1.3327575796477e-37 2.40504500582368e-37 1.3327575796477e-37 
117.527711746294 2.48176757631714e-37 1.37665087329778e-37 2.48176757631714e-37 1.37665087329778e-37 2.48176757631714e-37 1.37665087329778e-37 
121.385926269062 2.56093298278223e-37 1.42199406546017e-37 2.56093298278223e-37 1.42199406546017e-37 2.56093298278223e-37 1.42199406546017e-37 
125.370798744091 2.64263256776328e-37 1.46883453989432e-37 2.64263256776328e-37 1.46883453989432e-37 2.64263256776328e-37 1.46883453989432e-37 
129.486487114589 2.72694884394898e-37 1.5172209961099e-37 2.72694884394898e-37 1.5172209961099e-37 2.72694884394898e-37 1.5172209961099e-37 
133.737285821248 2.81395177572361e-37 1.56720304141328e-37 2.81395177572361e-37 1.56720304141328e-37 2.81395177572361e-37 1.56720304141328e-37 
138.127630283199 2.90374132613816e-37 1.61883631220284e-37 2.90374132613816e-37 1.61883631220284e-37 2.90374132613816e-37 1.61883631220284e-37 
142.662101526072 2.99639498646393e-37 1.6721718789335e-37 2.99639498646393e-37 1.6721718789335e-37 2.99639498646393e-37 1.6721718789335e-37 
147.345430961982 3.09200505975747e-37 1.7272693116273e-37 3.09200505975747e-37 1.7272693116273e-37 3.09200505975747e-37 1.7272693116273e-37 
152.182505326437 3.19067160451939e-37 1.78418315837973e-37 3.19067160451939e-37 1.78418315837973e-37 3.19067160451939e-37 1.78418315837973e-37 
157.178371777314 3.29249323404096e-37 1.84297368582188e-37 3.29249323404096e-37 1.84297368582188e-37 3.29249323404096e-37 1.84297368582188e-37 
162.338243161225 3.39755916232003e-37 1.90370666497461e-37 3.39755916232003e-37 1.90370666497461e-37 3.39755916232003e-37 1.90370666497461e-37 
167.667503452767 3.50598112524653e-37 1.96643903265988e-37 3.50598112524653e-37 1.96643903265988e-37 3.50598112524653e-37 1.96643903265988e-37 
173.171713372332 3.61785054810611e-37 2.03124275463057e-37 3.61785054810611e-37 2.03124275463057e-37 3.61785054810611e-37 2.03124275463057e-37 
178.856616188343 3.7333037910312e-37 2.09818124572404e-37 3.7333037910312e-37 2.09818124572404e-37 3.7333037910312e-37 2.09818124572404e-37 
184.72814370996 3.85242714315631e-37 2.16732443870195e-37 3.85242714315631e-37 2.16732443870195e-37 3.85242714315631e-37 2.16732443870195e-37 
190.792422476522 3.97533294672296e-37 2.23874830894516e-37 3.97533294672296e-37 2.23874830894516e-37 3.97533294672296e-37 2.23874830894516e-37 
197.055780150175 4.10216787991063e-37 2.31252238386297e-37 4.10216787991063e-37 2.31252238386297e-37 4.10216787991063e-37 2.31252238386297e-37 
203.524752118353 4.23304111025783e-37 2.38873263447809e-37 4.23304111025783e-37 2.38873263447809e-37 4.23304111025783e-37 2.38873263447809e-37 
210.20608831301 4.36807527733794e-37 2.46744838467258e-37 4.36807527733794e-37 2.46744838467258e-37 4.36807527733794e-37 2.46744838467258e-37 
217.106760253721 4.50741027350319e-37 2.54875641942224e-37 4.50741027350319e-37 2.54875641942224e-37 4.50741027350319e-37 2.54875641942224e-37 
224.233968321978 4.65117120865453e-37 2.63273995582925e-37 4.65117120865453e-37 2.63273995582925e-37 4.65117120865453e-37 2.63273995582925e-37 
231.595149274309 4.79951358239715e-37 2.71949169512993e-37 4.79951358239715e-37 2.71949169512993e-37 4.79951358239715e-37 2.71949169512993e-37 
239.197984002017 4.95255923235587e-37 2.80908699877334e-37 4.95255923235587e-37 2.80908699877334e-37 4.95255923235587e-37 2.80908699877334e-37 
247.050405545675 5.11046514471617e-37 2.9016431074362e-37 5.11046514471617e-37 2.9016431074362e-37 5.11046514471617e-37 2.9016431074362e-37 
255.16060737271 5.27360734226219e-37 2.99723837512661e-37 5.27360734226219e-37 2.99723837512661e-37 5.27360734226219e-37 2.99723837512661e-37 
263.53705192673 5.4414905433466e-37 3.0959733038572e-37 5.4414905433466e-37 3.0959733038572e-37 5.4414905433466e-37 3.0959733038572e-37 
272.188479457508 5.6149187927022e-37 3.19795085725653e-37 5.6149187927022e-37 3.19795085725653e-37 5.6149187927022e-37 3.19795085725653e-37 
281.123917140836 5.7938398405725e-37 3.3032840377651e-37 5.7938398405725e-37 3.3032840377651e-37 5.7938398405725e-37 3.3032840377651e-37 
290.35268849777 5.97843151503592e-37 3.41207395473575e-37 5.97843151503592e-37 3.41207395473575e-37 5.97843151503592e-37 3.41207395473575e-37 
299.884423123091 6.16886806908583e-37 3.52443643183022e-37 6.16886806908583e-37 3.52443643183022e-37 6.16886806908583e-37 3.52443643183022e-37 
309.729066733128 6.36533398527979e-37 3.64048420474749e-37 6.36533398527979e-37 3.64048420474749e-37 6.36533398527979e-37 3.64048420474749e-37 
319.89689154344 6.56799809454243e-37 3.76034013544808e-37 6.56799809454243e-37 3.76034013544808e-37 6.56799809454243e-37 3.76034013544808e-37 
330.398506987172 6.77706493658401e-37 3.88412791838447e-37 6.77706493658401e-37 3.88412791838447e-37 6.77706493658401e-37 3.88412791838447e-37 
341.244870785274 6.99274725633764e-37 4.01196809542553e-37 6.99274725633764e-37 4.01196809542553e-37 6.99274725633764e-37 4.01196809542553e-37 
352.447300380143 7.21524220757305e-37 4.14399844573439e-37 7.21524220757305e-37 4.14399844573439e-37 7.21524220757305e-37 4.14399844573439e-37 
364.017484744597 7.44474721230682e-37 4.28035056550697e-37 7.44474721230682e-37 4.28035056550697e-37 7.44474721230682e-37 4.28035056550697e-37 
375.967496578529 7.68148117136518e-37 4.42117217718075e-37 7.68148117136518e-37 4.42117217718075e-37 7.68148117136518e-37 4.42117217718075e-37 
388.309804905942 7.92564814861647e-37 4.56660064284493e-37 7.92564814861647e-37 4.56660064284493e-37 7.92564814861647e-37 4.56660064284493e-37 
401.05728808553 8.17754359362885e-37 4.71678208476047e-37 8.17754359362885e-37 4.71678208476047e-37 8.17754359362885e-37 4.71678208476047e-37 
414.223247248368 8.43730847687856e-37 4.87187019014128e-37 8.43730847687856e-37 4.87187019014128e-37 8.43730847687856e-37 4.87187019014128e-37 
427.821420176739 8.70526445360223e-37 5.03203053594337e-37 8.70526445360223e-37 5.03203053594337e-37 8.70526445360223e-37 5.03203053594337e-37 
441.865995638571 8.98161642332875e-37 5.19742327546067e-37 8.98161642332875e-37 5.19742327546067e-37 8.98161642332875e-37 5.19742327546067e-37 
456.371628192451 9.26664471159694e-37 5.36820129365336e-37 9.26664471159694e-37 5.36820129365336e-37 9.26664471159694e-37 5.36820129365336e-37 
471.353453478665 9.56056750945024e-37 5.54455147365275e-37 9.56056750945024e-37 5.54455147365275e-37 9.56056750945024e-37 5.54455147365275e-37 
486.8271040122 9.86371516092407e-37 5.72665345086669e-37 9.86371516092407e-37 5.72665345086669e-37 9.86371516092407e-37 5.72665345086669e-37 
502.808725494219 1.01762772565284e-36 5.91468298784824e-37 1.01762772565284e-36 5.91468298784824e-37 1.01762772565284e-36 5.91468298784824e-37 
519.31499365899 1.04986759519271e-36 6.108833744218e-37 1.04986759519271e-36 6.108833744218e-37 1.04986759519271e-36 6.108833744218e-37 
536.363131673892 1.08310805931781e-36 6.30929858644091e-37 1.08310805931781e-36 6.30929858644091e-37 1.08310805931781e-36 6.30929858644091e-37 
553.970928110606 1.11738421096296e-36 6.51628323894066e-37 1.11738421096296e-36 6.51628323894066e-37 1.11738421096296e-36 6.51628323894066e-37 
572.156755506289 1.1527290726311e-36 6.73000090217925e-37 1.1527290726311e-36 6.73000090217925e-37 1.1527290726311e-36 6.73000090217925e-37 
590.939589534059 1.18917046187495e-36 6.95063184343827e-37 1.18917046187495e-36 6.95063184343827e-37 1.18917046187495e-36 6.95063184343827e-37 
610.339028802822 1.22673988413867e-36 7.17842570999786e-37 1.22673988413867e-36 7.17842570999786e-37 1.22673988413867e-36 7.17842570999786e-37 
630.375315307086 1.26547907821003e-36 7.41360997198733e-37 1.26547907821003e-36 7.41360997198733e-37 1.26547907821003e-36 7.41360997198733e-37 
651.069355548102 1.30541677263458e-36 7.65641237841654e-37 1.30541677263458e-36 7.65641237841654e-37 1.30541677263458e-36 7.65641237841654e-37 
672.442742348378 1.34658850652253e-36 7.90706418315119e-37 1.34658850652253e-36 7.90706418315119e-37 1.34658850652253e-36 7.90706418315119e-37 
694.517777382321 1.38903142662693e-36 8.16581855648041e-37 1.38903142662693e-36 8.16581855648041e-37 1.38903142662693e-36 8.16581855648041e-37 
717.31749444651 1.43278099311658e-36 8.43293418601312e-37 1.43278099311658e-36 8.43293418601312e-37 1.43278099311658e-36 8.43293418601312e-37 
740.865683493903 1.47788194698905e-36 8.7086711310428e-37 1.47788194698905e-36 8.7086711310428e-37 1.47788194698905e-36 8.7086711310428e-37 
765.186915457026 1.52436118138021e-36 8.99328924304299e-37 1.52436118138021e-36 8.99328924304299e-37 1.52436118138021e-36 8.99328924304299e-37 
790.306567886076 1.57227137251894e-36 9.28706820047614e-37 1.57227137251894e-36 9.28706820047614e-37 1.57227137251894e-36 9.28706820047614e-37 
816.250851428661 1.62165198045739e-36 9.59030977560894e-37 1.62165198045739e-36 9.59030977560894e-37 1.62165198045739e-36 9.59030977560894e-37 
843.046837178832 1.67253275522145e-36 9.90329110032747e-37 1.67253275522145e-36 9.90329110032747e-37 1.67253275522145e-36 9.90329110032747e-37 
870.722484923924 1.72498218242333e-36 1.02263431483089e-36 1.72498218242333e-36 1.02263431483089e-36 1.72498218242333e-36 1.02263431483089e-36 
899.306672318691 1.77901088953864e-36 1.05597427523977e-36 1.77901088953864e-36 1.05597427523977e-36 1.77901088953864e-36 1.05597427523977e-36 
928.829225017175 1.83469331132372e-36 1.09038145747922e-36 1.83469331132372e-36 1.09038145747922e-36 1.83469331132372e-36 1.09038145747922e-36 
959.320947793746 1.89206520162154e-36 1.12588939087451e-36 1.89206520162154e-36 1.12588939087451e-36 1.89206520162154e-36 1.12588939087451e-36 
990.813656685785 1.9511763381203e-36 1.1625333296563e-36 1.9511763381203e-36 1.1625333296563e-36 1.9511763381203e-36 1.1625333296563e-36 
1023.34021219156 2.01207555957161e-36 1.20034766120014e-36 2.01207555957161e-36 1.20034766120014e-36 2.01207555957161e-36 1.20034766120014e-36 
1056.9345535579 2.0748082105148e-36 1.23936699842405e-36 2.0748082105148e-36 1.23936699842405e-36 2.0748082105148e-36 1.23936699842405e-36 
1091.63173419352 2.13943559556545e-36 1.27962993843277e-36 2.13943559556545e-36 1.27962993843277e-36 2.13943559556545e-36 1.27962993843277e-36 
1127.46795824485 2.20600391160802e-36 1.32117171399864e-36 2.20600391160802e-36 1.32117171399864e-36 2.20600391160802e-36 1.32117171399864e-36 
1164.48061837258 2.27457002315576e-36 1.36403537392942e-36 2.27457002315576e-36 1.36403537392942e-36 2.27457002315576e-36 1.36403537392942e-36 
1202.7083347684 2.34518738733074e-36 1.40825654379065e-36 2.34518738733074e-36 1.40825654379065e-36 2.34518738733074e-36 1.40825654379065e-36 
1242.1909954525 2.41791020326552e-36 1.45388063112535e-36 2.41791020326552e-36 1.45388063112535e-36 2.41791020326552e-36 1.45388063112535e-36 
1282.96979789403 2.49279614210897e-36 1.50094730231095e-36 2.49279614210897e-36 1.50094730231095e-36 2.49279614210897e-36 1.50094730231095e-36 
1325.08729199783 2.56991260498436e-36 1.5494973559202e-36 2.56991260498436e-36 1.5494973559202e-36 2.56991260498436e-36 1.5494973559202e-36 
1368.58742450239 2.64931301650705e-36 1.5995788244822e-36 2.64931301650705e-36 1.5995788244822e-36 2.64931301650705e-36 1.5995788244822e-36 
1413.51558483526 2.73105918095616e-36 1.65124001690501e-36 2.73105918095616e-36 1.65124001690501e-36 2.73105918095616e-36 1.65124001690501e-36 
1459.91865247384 2.81521580992162e-36 1.70452341847058e-36 2.81521580992162e-36 1.70452341847058e-36 2.81521580992162e-36 1.70452341847058e-36 
1507.8450458609 2.90184612171451e-36 1.75947887981187e-36 2.90184612171451e-36 1.75947887981187e-36 2.90184612171451e-36 1.75947887981187e-36 
1557.34477292598 2.99101609587937e-36 1.81615549182543e-36 2.99101609587937e-36 1.81615549182543e-36 2.99101609587937e-36 1.81615549182543e-36 
1608.46948326519 3.08279136114166e-36 1.87460482969645e-36 3.08279136114166e-36 1.87460482969645e-36 3.08279136114166e-36 1.87460482969645e-36 
1661.27252203412 3.17724317873836e-36 1.93487560134541e-36 3.17724317873836e-36 1.93487560134541e-36 3.17724317873836e-36 1.93487560134541e-36 
1715.80898560983 3.27444184482044e-36 1.99702945743215e-36 3.27444184482044e-36 1.99702945743215e-36 3.27444184482044e-36 1.99702945743215e-36 
1772.13577908017 3.37445439699657e-36 2.06111423242739e-36 3.37445439699657e-36 2.06111423242739e-36 3.37445439699657e-36 2.06111423242739e-36 
1830.31167562042 3.47735631302174e-36 2.12718847136329e-36 3.47735631302174e-36 2.12718847136329e-36 3.47735631302174e-36 2.12718847136329e-36 
1890.39737781902 3.58321021708477e-36 2.19531126352494e-36 3.58321021708477e-36 2.19531126352494e-36 3.58321021708477e-36 2.19531126352494e-36 
1952.45558101665 3.69212939724191e-36 2.26554044626815e-36 3.69212939724191e-36 2.26554044626815e-36 3.69212939724191e-36 2.26554044626815e-36 
2016.55103872453 3.80414838082762e-36 2.33793630565108e-36 3.80414838082762e-36 2.33793630565108e-36 3.80414838082762e-36 2.33793630565108e-36 
2082.75063019028 3.91936058766113e-36 2.41256070067995e-36 3.91936058766113e-36 2.41256070067995e-36 3.91936058766113e-36 2.41256070067995e-36 
2151.12343018193 4.03784558323533e-36 2.48947840946467e-36 4.03784558323533e-36 2.48947840946467e-36 4.03784558323533e-36 2.48947840946467e-36 
2221.74078106263 4.15968262312414e-36 2.5687515960242e-36 4.15968262312414e-36 2.5687515960242e-36 4.15968262312414e-36 2.5687515960242e-36 
2294.67636723167 4.28498406350195e-36 2.65045519097909e-36 4.28498406350195e-36 2.65045519097909e-36 4.28498406350195e-36 2.65045519097909e-36 
2370.00629200906 4.41377056822701e-36 2.73464923162536e-36 4.41377056822701e-36 2.73464923162536e-36 4.41377056822701e-36 2.73464923162536e-36 
2447.80915704416 4.54616350846419e-36 2.82140539589936e-36 4.54616350846419e-36 2.82140539589936e-36 4.54616350846419e-36 2.82140539589936e-36 
2528.1661443312 4.68225311098498e-36 2.91080163750378e-36 4.68225311098498e-36 2.91080163750378e-36 4.68225311098498e-36 2.91080163750378e-36 
2611.16110091715 4.82211518734382e-36 3.00290383297283e-36 4.82211518734382e-36 3.00290383297283e-36 4.82211518734382e-36 3.00290383297283e-36 
2696.88062639037 4.96585668700088e-36 3.09778748130934e-36 4.96585668700088e-36 3.09778748130934e-36 4.96585668700088e-36 3.09778748130934e-36 
2785.41416324143 5.11355907111728e-36 3.19553767809586e-36 5.11355907111728e-36 3.19553767809586e-36 5.11355907111728e-36 3.19553767809586e-36 
2876.85409019024 5.26531497986229e-36 3.29622319328694e-36 5.26531497986229e-36 3.29622319328694e-36 5.26531497986229e-36 3.29622319328694e-36 
2971.29581857697 5.42123525848636e-36 3.39993067526889e-36 5.42123525848636e-36 3.39993067526889e-36 5.42123525848636e-36 3.39993067526889e-36 
3068.83789191726 5.58137191510935e-36 3.50673999398879e-36 5.58137191510935e-36 3.50673999398879e-36 5.58137191510935e-36 3.50673999398879e-36 
3169.58208872571 5.74585316677175e-36 3.61673276292302e-36 5.74585316677175e-36 3.61673276292302e-36 5.74585316677175e-36 3.61673276292302e-36 
3273.63352871483 5.91477403661558e-36 3.7300025122657e-36 5.91477403661558e-36 3.7300025122657e-36 5.91477403661558e-36 3.7300025122657e-36 
3381.10078248025 6.08822522185338e-36 3.84662770192852e-36 6.08822522185338e-36 3.84662770192852e-36 6.08822522185338e-36 3.84662770192852e-36 
3492.09598478682 6.26630746661352e-36 3.96670052025534e-36 6.26630746661352e-36 3.96670052025534e-36 6.26630746661352e-36 3.96670052025534e-36 
3606.73495157355 6.4491157148125e-36 4.09031891135558e-36 6.4491157148125e-36 4.09031891135558e-36 6.4491157148125e-36 4.09031891135558e-36 
3725.13730079972 6.63678159158656e-36 4.217565883792e-36 6.63678159158656e-36 4.217565883792e-36 6.63678159158656e-36 4.217565883792e-36 
3847.42657725799 6.82937788620703e-36 4.34854556971732e-36 6.82937788620703e-36 4.34854556971732e-36 6.82937788620703e-36 4.34854556971732e-36 
3973.73038148507 7.02701990794084e-36 4.48334940429027e-36 7.02701990794084e-36 4.48334940429027e-36 7.02701990794084e-36 4.48334940429027e-36 
4104.18050290415 7.22981130288006e-36 4.62207768735777e-36 7.22981130288006e-36 4.62207768735777e-36 7.22981130288006e-36 4.62207768735777e-36 
4238.9130573382 7.43786459629029e-36 4.76483158479997e-36 7.43786459629029e-36 4.76483158479997e-36 7.43786459629029e-36 4.76483158479997e-36 
4378.06862903756 7.65128111936111e-36 4.91171397976393e-36 7.65128111936111e-36 4.91171397976393e-36 7.65128111936111e-36 4.91171397976393e-36 
4521.79241737007 7.87017978843954e-36 5.06286177887407e-36 7.87017978843954e-36 5.06286177887407e-36 7.87017978843954e-36 5.06286177887407e-36 
4670.23438832667 8.09467725145032e-36 5.21829073756402e-36 8.09467725145032e-36 5.21829073756402e-36 8.09467725145032e-36 5.21829073756402e-36 
4823.54943100078 8.32484551805967e-36 5.37821943514439e-36 8.32484551805967e-36 5.37821943514439e-36 8.32484551805967e-36 5.37821943514439e-36 
4981.89751920445 8.56084772748993e-36 5.54266729616134e-36 8.56084772748993e-36 5.54266729616134e-36 8.56084772748993e-36 5.54266729616134e-36 
5145.44387839018 8.80276928326547e-36 5.71181279020273e-36 8.80276928326547e-36 5.71181279020273e-36 8.80276928326547e-36 5.71181279020273e-36 
5314.35915805246 9.05073827221376e-36 5.88574667753369e-36 9.05073827221376e-36 5.88574667753369e-36 9.05073827221376e-36 5.88574667753369e-36 
5488.81960978886 9.3048546881231e-36 6.06459170118867e-36 9.3048546881231e-36 6.06459170118867e-36 9.3048546881231e-36 6.06459170118867e-36 
5669.00727120659 9.56524438332709e-36 6.2484572492131e-36 9.56524438332709e-36 6.2484572492131e-36 9.56524438332709e-36 6.2484572492131e-36 
5855.11015586636 9.8320334166263e-36 6.43747522899481e-36 9.8320334166263e-36 6.43747522899481e-36 9.8320334166263e-36 6.43747522899481e-36 
6047.32244946174 1.01053171177208e-35 6.63175931696944e-36 1.01053171177208e-35 6.63175931696944e-36 1.01053171177208e-35 6.63175931696944e-36 
6245.84471243867 1.03852318311512e-35 6.83144105271805e-36 1.03852318311512e-35 6.83144105271805e-36 1.03852318311512e-35 6.83144105271805e-36 
6450.88408926671 1.0671896108789e-35 7.03664203828871e-36 1.0671896108789e-35 7.03664203828871e-36 1.0671896108789e-35 7.03664203828871e-36 
6662.65452458012 1.09654247272609e-35 7.24750541182798e-36 1.09654247272609e-35 7.24750541182798e-36 1.09654247272609e-35 7.24750541182798e-36 
6881.3769864146 1.12659466865685e-35 7.46414064971498e-36 1.12659466865685e-35 7.46414064971498e-36 1.12659466865685e-35 7.46414064971498e-36 
7107.2796967723 1.15735820766157e-35 7.68670236937105e-36 1.15735820766157e-35 7.68670236937105e-36 1.15735820766157e-35 7.68670236937105e-36 
7340.59836975605 1.18884456013332e-35 7.91535052929937e-36 1.18884456013332e-35 7.91535052929937e-36 1.18884456013332e-35 7.91535052929937e-36 
7581.57645752091 1.22106415545456e-35 8.15013622780023e-36 1.22106415545456e-35 8.15013622780023e-36 1.22106415545456e-35 8.15013622780023e-36 
7830.46540429993 1.25403473696827e-35 8.39126116404215e-36 1.25403473696827e-35 8.39126116404215e-36 1.25403473696827e-35 8.39126116404215e-36 
8087.52490876915 1.28776538703979e-35 8.63889147530632e-36 1.28776538703979e-35 8.63889147530632e-36 1.28776538703979e-35 8.63889147530632e-36 
8353.02319502542 1.32227150417101e-35 8.89311272875775e-36 1.32227150417101e-35 8.89311272875775e-36 1.32227150417101e-35 8.89311272875775e-36 
8627.23729246004 1.35756112637617e-35 9.15411911034944e-36 1.35756112637617e-35 9.15411911034944e-36 1.35756112637617e-35 9.15411911034944e-36 
8910.45332482004 1.39365135424873e-35 9.4220063808715e-36 1.39365135424873e-35 9.4220063808715e-36 1.39365135424873e-35 9.4220063808715e-36 
9202.96680875889 1.43055131923232e-35 9.69698688113987e-36 1.43055131923232e-35 9.69698688113987e-36 1.43055131923232e-35 9.69698688113987e-36 
9505.08296218792 1.46827271917888e-35 9.97917275152065e-36 1.46827271917888e-35 9.97917275152065e-36 1.46827271917888e-35 9.97917275152065e-36 
9817.11702275054 1.50683325304103e-35 1.02687185540664e-35 1.50683325304103e-35 1.02687185540664e-35 1.50683325304103e-35 1.02687185540664e-35 
10139.3945767512 1.54624131377306e-35 1.05657993870996e-35 1.54624131377306e-35 1.05657993870996e-35 1.54624131377306e-35 1.05657993870996e-35 
10472.2518988826 1.58651755593523e-35 1.08705603474053e-35 1.58651755593523e-35 1.08705603474053e-35 1.58651755593523e-35 1.08705603474053e-35 
10816.0363031052 1.62766644156034e-35 1.11831620524883e-35 1.62766644156034e-35 1.11831620524883e-35 1.62766644156034e-35 1.11831620524883e-35 
11171.1065050463 1.66970537280457e-35 1.15037916607453e-35 1.66970537280457e-35 1.15037916607453e-35 1.66970537280457e-35 1.15037916607453e-35 
11537.8329962946 1.71264466607131e-35 1.18325446124571e-35 1.71264466607131e-35 1.18325446124571e-35 1.71264466607131e-35 1.18325446124571e-35 
11916.5984309835 1.75650064044857e-35 1.21696555707546e-35 1.75650064044857e-35 1.21696555707546e-35 1.75650064044857e-35 1.21696555707546e-35 
12307.7980250645 1.80128136690514e-35 1.25152925092791e-35 1.80128136690514e-35 1.25152925092791e-35 1.80128136690514e-35 1.25152925092791e-35 
12711.839968688 1.84701130609924e-35 1.28695749934727e-35 1.84701130609924e-35 1.28695749934727e-35 1.84701130609924e-35 1.28695749934727e-35 
13129.1458521223 1.89369123574829e-35 1.32326966835141e-35 1.89369123574829e-35 1.32326966835141e-35 1.89369123574829e-35 1.32326966835141e-35 
13560.1511056539 1.94134133259932e-35 1.36048693603291e-35 1.94134133259932e-35 1.36048693603291e-35 1.94134133259932e-35 1.36048693603291e-35 
14005.3054539297 1.98997149629996e-35 1.39862217812146e-35 1.98997149629996e-35 1.39862217812146e-35 1.98997149629996e-35 1.39862217812146e-35 
14465.0733852138 2.03959931077502e-35 1.43769484555539e-35 2.03959931077502e-35 1.43769484555539e-35 2.03959931077502e-35 1.43769484555539e-35 
14939.9346360498 2.09023884707664e-35 1.47772228946294e-35 2.09023884707664e-35 1.47772228946294e-35 2.09023884707664e-35 1.47772228946294e-35 
15430.3846918328 2.14190033359711e-35 1.51872508586688e-35 2.14190033359711e-35 1.51872508586688e-35 2.14190033359711e-35 1.51872508586688e-35 
15936.9353038148 2.19459947537543e-35 1.56071554970746e-35 2.19459947537543e-35 1.56071554970746e-35 2.19459947537543e-35 1.56071554970746e-35 
16460.1150230824 2.24834594899249e-35 1.60371892224378e-35 2.24834594899249e-35 1.60371892224378e-35 2.24834594899249e-35 1.60371892224378e-35 
17000.469752064 2.30316156991056e-35 1.6477472766677e-35 2.30316156991056e-35 1.6477472766677e-35 2.30316156991056e-35 1.6477472766677e-35 
17558.5633141413 2.35905236993659e-35 1.69282867996963e-35 2.35905236993659e-35 1.69282867996963e-35 2.35905236993659e-35 1.69282867996963e-35 
18134.9780419615 2.41603724264513e-35 1.73897436362608e-35 2.41603724264513e-35 1.73897436362608e-35 2.41603724264513e-35 1.73897436362608e-35 
18730.3153850608 2.47412722741618e-35 1.78620342990785e-35 2.47412722741618e-35 1.78620342990785e-35 2.47412722741618e-35 1.78620342990785e-35 
19345.1965374367 2.53334284170207e-35 1.83453999447116e-35 2.53334284170207e-35 1.83453999447116e-35 2.53334284170207e-35 1.83453999447116e-35 
19980.2630857216 2.59369443174091e-35 1.88400096096749e-35 2.59369443174091e-35 1.88400096096749e-35 2.59369443174091e-35 1.88400096096749e-35 
20636.1776786345 2.65518585598569e-35 1.93460832864522e-35 2.65518585598569e-35 1.93460832864522e-35 2.65518585598569e-35 1.93460832864522e-35 
21313.6247184102 2.71786062330843e-35 1.98637450137883e-35 2.71786062330843e-35 1.98637450137883e-35 2.71786062330843e-35 1.98637450137883e-35 
22013.3110749259 2.78170985101651e-35 2.03933080894021e-35 2.78170985101651e-35 2.03933080894021e-35 2.78170985101651e-35 2.03933080894021e-35 
22735.9668232726 2.84674916237874e-35 2.09349033047921e-35 2.84674916237874e-35 2.09349033047921e-35 2.84674916237874e-35 2.09349033047921e-35 
23482.346005538 2.9130025265838e-35 2.14887682271607e-35 2.9130025265838e-35 2.14887682271607e-35 2.9130025265838e-35 2.14887682271607e-35 
24253.2274175986 2.9804753016868e-35 2.20550539666451e-35 2.9804753016868e-35 2.20550539666451e-35 2.9804753016868e-35 2.20550539666451e-35 
25049.4154217399 3.04919728925389e-35 2.26340027174296e-35 3.04919728925389e-35 2.26340027174296e-35 3.04919728925389e-35 2.26340027174296e-35 
25871.7407859539 3.11917061821873e-35 2.32258396170516e-35 3.11917061821873e-35 2.32258396170516e-35 3.11917061821873e-35 2.32258396170516e-35 
26721.0615507889 3.19040088607136e-35 2.38307769376768e-35 3.19040088607136e-35 2.38307769376768e-35 3.19040088607136e-35 2.38307769376768e-35 
27598.2639246561 3.26294460315139e-35 2.44489806657556e-35 3.26294460315139e-35 2.44489806657556e-35 3.26294460315139e-35 2.44489806657556e-35 
28504.2632085284 3.33678010810281e-35 2.50807027878802e-35 3.33678010810281e-35 2.50807027878802e-35 3.33678010810281e-35 2.50807027878802e-35 
29440.0047509942 3.41193697737855e-35 2.57261801519259e-35 3.41193697737855e-35 2.57261801519259e-35 3.41193697737855e-35 2.57261801519259e-35 
30406.4649346643 3.48842737271328e-35 2.63855861300261e-35 3.48842737271328e-35 2.63855861300261e-35 3.48842737271328e-35 2.63855861300261e-35 
31404.6521949609 3.56626949401207e-35 2.70591442491636e-35 3.56626949401207e-35 2.70591442491636e-35 3.56626949401207e-35 2.70591442491636e-35 
32435.6080723512 3.64548107930308e-35 2.77470502809164e-35 3.64548107930308e-35 2.77470502809164e-35 3.64548107930308e-35 2.77470502809164e-35 
33500.4082991242 3.72607957958674e-35 2.84496460773322e-35 3.72607957958674e-35 2.84496460773322e-35 3.72607957958674e-35 2.84496460773322e-35 
34600.1639218437 3.80807986431242e-35 2.91670594169917e-35 3.80807986431242e-35 2.91670594169917e-35 3.80807986431242e-35 2.91670594169917e-35 
35736.0224606501 3.89150177062047e-35 2.98995439384711e-35 3.89150177062047e-35 2.98995439384711e-35 3.89150177062047e-35 2.98995439384711e-35 
36909.1691066198 3.97636210252716e-35 3.06472722261033e-35 3.97636210252716e-35 3.06472722261033e-35 3.97636210252716e-35 3.06472722261033e-35 
38120.8279584305 4.06267246411177e-35 3.14105786814823e-35 4.06267246411177e-35 3.14105786814823e-35 4.06267246411177e-35 3.14105786814823e-35 
39372.2632996262 4.15046457932474e-35 3.21895277196664e-35 4.15046457932474e-35 3.21895277196664e-35 4.15046457932474e-35 3.21895277196664e-35 
40664.7809178096 4.23973913559856e-35 3.29845443737634e-35 4.23973913559856e-35 3.29845443737634e-35 4.23973913559856e-35 3.29845443737634e-35 
41999.7294671437 4.33052852622389e-35 3.37957643488292e-35 4.33052852622389e-35 3.37957643488292e-35 4.33052852622389e-35 3.37957643488292e-35 
43378.5018755802 4.42284870804026e-35 3.46233794653635e-35 4.42284870804026e-35 3.46233794653635e-35 4.42284870804026e-35 3.46233794653635e-35 
44802.5367982848 4.51671658570024e-35 3.54677497326103e-35 4.51671658570024e-35 3.54677497326103e-35 4.51671658570024e-35 3.54677497326103e-35 
46273.3201187765 4.61214983162428e-35 3.63290421227815e-35 4.61214983162428e-35 3.63290421227815e-35 4.61214983162428e-35 3.63290421227815e-35 
47792.3864993451 4.70916966388199e-35 3.72074821130814e-35 4.70916966388199e-35 3.72074821130814e-35 4.70916966388199e-35 3.72074821130814e-35 
49361.3209823679 4.80779977369808e-35 3.81033500773288e-35 4.80779977369808e-35 3.81033500773288e-35 4.80779977369808e-35 3.81033500773288e-35 
50981.7606441926 4.90805557072996e-35 3.90169613560345e-35 4.90805557072996e-35 3.90169613560345e-35 4.90805557072996e-35 3.90169613560345e-35 
52655.3963033154 5.009959899762e-35 3.9948412055349e-35 5.009959899762e-35 3.9948412055349e-35 5.009959899762e-35 3.9948412055349e-35 
54383.9742846354 5.11354117730297e-35 4.08981559192231e-35 5.11354117730297e-35 4.08981559192231e-35 5.11354117730297e-35 4.08981559192231e-35 
56169.298241625 5.21879107790431e-35 4.18660851733235e-35 5.21879107790431e-35 4.18660851733235e-35 5.21879107790431e-35 4.18660851733235e-35 
58013.2310383202 5.32576380210466e-35 4.28528799093232e-35 5.32576380210466e-35 4.28528799093232e-35 5.32576380210466e-35 4.28528799093232e-35 
59917.6966930921 5.43447744339079e-35 4.38584783259813e-35 5.43447744339079e-35 4.38584783259813e-35 5.43447744339079e-35 4.38584783259813e-35 
61884.6823862292 5.54492744715495e-35 4.48832935286921e-35 5.54492744715495e-35 4.48832935286921e-35 5.54492744715495e-35 4.48832935286921e-35 
63916.2405334248 5.65716444888879e-35 4.59275725817633e-35 5.65716444888879e-35 4.59275725817633e-35 5.65716444888879e-35 4.59275725817633e-35 
66014.4909273331 5.77120394569142e-35 4.69915523770005e-35 5.77120394569142e-35 4.69915523770005e-35 5.77120394569142e-35 4.69915523770005e-35 
68181.6229494284 5.88706421628463e-35 4.80754589754736e-35 5.88706421628463e-35 4.80754589754736e-35 5.88706421628463e-35 4.80754589754736e-35 
70419.8978544759 6.00477234431813e-35 4.9179703898417e-35 6.00477234431813e-35 4.9179703898417e-35 6.00477234431813e-35 4.9179703898417e-35 
72731.6511299969 6.12435124031692e-35 5.03044222877885e-35 6.12435124031692e-35 5.03044222877885e-35 6.12435124031692e-35 5.03044222877885e-35 
75119.2949331914 6.2458233949774e-35 5.14499268729441e-35 6.2458233949774e-35 5.14499268729441e-35 6.2458233949774e-35 5.14499268729441e-35 
77585.3206078594 6.36921428043777e-35 5.26164803263698e-35 6.36921428043777e-35 5.26164803263698e-35 6.36921428043777e-35 5.26164803263698e-35 
80132.3012839492 6.49455423763269e-35 5.3804342215458e-35 6.49455423763269e-35 5.3804342215458e-35 6.49455423763269e-35 5.3804342215458e-35 
82762.894562443 6.62186157406648e-35 5.5013815987033e-35 6.62186157406648e-35 5.5013815987033e-35 6.62186157406648e-35 5.5013815987033e-35 
85479.8452883829 6.75116558937669e-35 5.6245016350108e-35 6.75116558937669e-35 5.6245016350108e-35 6.75116558937669e-35 5.6245016350108e-35 
88285.9884149294 6.88249346237432e-35 5.74987539718679e-35 6.88249346237432e-35 5.74987539718679e-35 6.88249346237432e-35 5.74987539718679e-35 
91184.2519614428 7.01585576231643e-35 5.87746412105731e-35 7.01585576231643e-35 5.87746412105731e-35 7.01585576231643e-35 5.87746412105731e-35 
94177.6600686715 7.15131849486452e-35 6.00735371579512e-35 7.15131849486452e-35 6.00735371579512e-35 7.15131849486452e-35 6.00735371579512e-35 
97269.3361542371 7.28887273434367e-35 6.13953726053804e-35 7.28887273434367e-35 6.13953726053804e-35 7.28887273434367e-35 6.13953726053804e-35 
100462.506171709 7.42855917299893e-35 6.27405027928681e-35 7.42855917299893e-35 6.27405027928681e-35 7.42855917299893e-35 6.27405027928681e-35 
103760.501976665 7.5704075334285e-35 6.41093416323174e-35 7.5704075334285e-35 6.41093416323174e-35 7.5704075334285e-35 6.41093416323174e-35 
107166.764803259 7.71444343339473e-35 6.55020484174991e-35 7.71444343339473e-35 6.55020484174991e-35 7.71444343339473e-35 6.55020484174991e-35 
110684.848854913 7.86069724979668e-35 6.6918961395982e-35 7.86069724979668e-35 6.6918961395982e-35 7.86069724979668e-35 6.6918961395982e-35 
114318.425012885 8.00919505063999e-35 6.83606064850321e-35 8.00919505063999e-35 6.83606064850321e-35 8.00919505063999e-35 6.83606064850321e-35 
118071.284666588 8.15996251156444e-35 6.98268931455551e-35 8.15996251156444e-35 6.98268931455551e-35 8.15996251156444e-35 6.98268931455551e-35 
121947.343669642 8.31304748132641e-35 7.13184712162216e-35 8.31304748132641e-35 7.13184712162216e-35 8.31304748132641e-35 7.13184712162216e-35 
125950.646425803 8.4684656875219e-35 7.28354722642833e-35 8.4684656875219e-35 7.28354722642833e-35 8.4684656875219e-35 7.28354722642833e-35 
130085.370109023 8.62626708898605e-35 7.43783006997074e-35 8.62626708898605e-35 7.43783006997074e-35 8.62626708898605e-35 7.43783006997074e-35 
134355.829022047 8.78646170534563e-35 7.59472348264459e-35 8.78646170534563e-35 7.59472348264459e-35 8.78646170534563e-35 7.59472348264459e-35 
138766.479098094 8.94909172669694e-35 7.75427156753019e-35 8.94909172669694e-35 7.75427156753019e-35 8.94909172669694e-35 7.75427156753019e-35 
143321.922550319 9.11419213394118e-35 7.91649659313477e-35 9.11419213394118e-35 7.91649659313477e-35 9.11419213394118e-35 7.91649659313477e-35 
148026.912673911 9.28179157728467e-35 8.08142477758306e-35 9.28179157728467e-35 8.08142477758306e-35 9.28179157728467e-35 8.08142477758306e-35 
152886.358805832 9.45191571245709e-35 8.24908185084597e-35 9.45191571245709e-35 8.24908185084597e-35 9.45191571245709e-35 8.24908185084597e-35 
157905.331447375 9.62462103857982e-35 8.41972310026384e-35 9.62462103857982e-35 8.41972310026384e-35 9.62462103857982e-35 8.41972310026384e-35 
163089.067554889 9.79993721006179e-35 8.59281536548588e-35 9.79993721006179e-35 8.59281536548588e-35 9.79993721006179e-35 8.59281536548588e-35 
168442.976004185 9.977889085138e-35 8.76893961759814e-35 9.977889085138e-35 8.76893961759814e-35 9.977889085138e-35 8.76893961759814e-35 
173972.643234332 1.01585103790524e-34 8.94792783607309e-35 1.01585103790524e-34 8.94792783607309e-35 1.01585103790524e-34 8.94792783607309e-35 
179683.839076722 1.03418475387114e-34 9.1298431784105e-35 1.03418475387114e-34 9.1298431784105e-35 1.03418475387114e-34 9.1298431784105e-35 
185582.5227755 1.05279379648802e-34 9.31471855285051e-35 1.05279379648802e-34 9.31471855285051e-35 1.05279379648802e-34 9.31471855285051e-35 
191674.849205628 1.07167972661985e-34 9.50256927393196e-35 1.07167972661985e-34 9.50256927393196e-35 1.07167972661985e-34 9.50256927393196e-35 
197967.175295078 1.0908487607125e-34 9.69346068581499e-35 1.0908487607125e-34 9.69346068581499e-35 1.0908487607125e-34 9.69346068581499e-35 
204466.066657854 1.11030452079145e-34 9.8874057533966e-35 1.11030452079145e-34 9.8874057533966e-35 1.11030452079145e-34 9.8874057533966e-35 
211178.304444765 1.13004998689908e-34 1.00844762225596e-34 1.13004998689908e-34 1.00844762225596e-34 1.13004998689908e-34 1.00844762225596e-34 
218110.89241909 1.15008968274817e-34 1.02846524604773e-34 1.15008968274817e-34 1.02846524604773e-34 1.15008968274817e-34 1.02846524604773e-34 
225271.064264534 1.1704272633253e-34 1.04880171732949e-34 1.1704272633253e-34 1.04880171732949e-34 1.1704272633253e-34 1.04880171732949e-34 
232666.291133079 1.19106674024228e-34 1.06946132087222e-34 1.19106674024228e-34 1.06946132087222e-34 1.19106674024228e-34 1.06946132087222e-34 
240304.289440628 1.212012581478e-34 1.09044395695262e-34 1.212012581478e-34 1.09044395695262e-34 1.212012581478e-34 1.09044395695262e-34 
248193.028918554 1.2332678740942e-34 1.11175801521058e-34 1.2332678740942e-34 1.11175801521058e-34 1.2332678740942e-34 1.11175801521058e-34 
256340.740929577 1.25483934925432e-34 1.13340441366141e-34 1.25483934925432e-34 1.13340441366141e-34 1.25483934925432e-34 1.13340441366141e-34 
264755.92705663 1.27672964059504e-34 1.155389826745e-34 1.27672964059504e-34 1.155389826745e-34 1.27672964059504e-34 1.155389826745e-34 
273447.367973678 1.29894159990827e-34 1.17771541763106e-34 1.29894159990827e-34 1.17771541763106e-34 1.29894159990827e-34 1.17771541763106e-34 
282424.132607761 1.32148184337065e-34 1.20039018365239e-34 1.32148184337065e-34 1.20039018365239e-34 1.32148184337065e-34 1.20039018365239e-34 
291695.587601794 1.34435245504331e-34 1.22340832979771e-34 1.34435245504331e-34 1.22340832979771e-34 1.34435245504331e-34 1.22340832979771e-34 
301271.407088028 1.36756264821363e-34 1.24678625297225e-34 1.36756264821363e-34 1.24678625297225e-34 1.36756264821363e-34 1.24678625297225e-34 
311161.582782344 1.39111179994346e-34 1.27052092205259e-34 1.39111179994346e-34 1.27052092205259e-34 1.39111179994346e-34 1.27052092205259e-34 
321376.434409932 1.41500599431768e-34 1.29461862304208e-34 1.41500599431768e-34 1.29461862304208e-34 1.41500599431768e-34 1.29461862304208e-34 
331926.62047322 1.43925145521929e-34 1.31908376223021e-34 1.43925145521929e-34 1.31908376223021e-34 1.43925145521929e-34 1.31908376223021e-34 
342823.149373294 1.46385084276036e-34 1.34391957835513e-34 1.46385084276036e-34 1.34391957835513e-34 1.46385084276036e-34 1.34391957835513e-34 
354077.390896421 1.488809191894e-34 1.36913246283059e-34 1.488809191894e-34 1.36913246283059e-34 1.488809191894e-34 1.36913246283059e-34 
365701.088077639 1.51413263801667e-34 1.39472494236459e-34 1.51413263801667e-34 1.39472494236459e-34 1.51413263801667e-34 1.39472494236459e-34 
377706.369453822 1.53982430989037e-34 1.42070361637117e-34 1.53982430989037e-34 1.42070361637117e-34 1.53982430989037e-34 1.42070361637117e-34 
390105.761718981 1.56589204779281e-34 1.44707333732521e-34 1.56589204779281e-34 1.44707333732521e-34 1.56589204779281e-34 1.44707333732521e-34 
402912.202795012 1.59233860667908e-34 1.47383724113706e-34 1.59233860667908e-34 1.47383724113706e-34 1.59233860667908e-34 1.47383724113706e-34 
416139.055331543 1.61916982002791e-34 1.50100097145178e-34 1.61916982002791e-34 1.50100097145178e-34 1.61916982002791e-34 1.50100097145178e-34 
429800.120648947 1.64638672506704e-34 1.52856671229062e-34 1.64638672506704e-34 1.52856671229062e-34 1.64638672506704e-34 1.52856671229062e-34 
443909.65313908 1.67400087160147e-34 1.55654430120144e-34 1.67400087160147e-34 1.55654430120144e-34 1.67400087160147e-34 1.55654430120144e-34 
458482.375138767 1.70201494672197e-34 1.58493462825665e-34 1.70201494672197e-34 1.58493462825665e-34 1.70201494672197e-34 1.58493462825665e-34 
473533.492291564 1.73043605948789e-34 1.61374356495533e-34 1.73043605948789e-34 1.61374356495533e-34 1.73043605948789e-34 1.61374356495533e-34 
489078.709413806 1.75926601521163e-34 1.64297788086589e-34 1.75926601521163e-34 1.64297788086589e-34 1.75926601521163e-34 1.64297788086589e-34 
505134.246881518 1.78851122108219e-34 1.67264077328638e-34 1.78851122108219e-34 1.67264077328638e-34 1.78851122108219e-34 1.67264077328638e-34 
521716.85755527 1.81817783320178e-34 1.70274038633198e-34 1.81817783320178e-34 1.70274038633198e-34 1.81817783320178e-34 1.70274038633198e-34 
538843.844260652 1.84827256240992e-34 1.73327720452102e-34 1.84827256240992e-34 1.73327720452102e-34 1.84827256240992e-34 1.73327720452102e-34 
556533.077842588 1.87879844239805e-34 1.76425942168993e-34 1.87879844239805e-34 1.76425942168993e-34 1.87879844239805e-34 1.76425942168993e-34 
574803.015812352 1.90976017264976e-34 1.79569100555591e-34 1.90976017264976e-34 1.79569100555591e-34 1.90976017264976e-34 1.79569100555591e-34 
593672.721606722 1.94116796423387e-34 1.82757872481963e-34 1.94116796423387e-34 1.82757872481963e-34 1.94116796423387e-34 1.82757872481963e-34 
613161.884479381 1.97302442609675e-34 1.85993083821422e-34 1.97302442609675e-34 1.85993083821422e-34 1.97302442609675e-34 1.85993083821422e-34 
633290.840045307 2.00533664975386e-34 1.892742810069e-34 2.00533664975386e-34 1.892742810069e-34 2.00533664975386e-34 1.892742810069e-34 
654080.591499614 2.03811067453607e-34 1.9260319081358e-34 2.03811067453607e-34 1.9260319081358e-34 2.03811067453607e-34 1.9260319081358e-34 
675552.831532945 2.07135310900744e-34 1.95979922798809e-34 2.07135310900744e-34 1.95979922798809e-34 2.07135310900744e-34 1.95979922798809e-34 
697729.964966326 2.1050665303612e-34 1.99404793023025e-34 2.1050665303612e-34 1.99404793023025e-34 2.1050665303612e-34 1.99404793023025e-34 
720635.13212907 2.1392605428686e-34 2.02878726964625e-34 2.1392605428686e-34 2.02878726964625e-34 2.1392605428686e-34 2.02878726964625e-34 
744292.233004132 2.17393863132705e-34 2.06402258951621e-34 2.17393863132705e-34 2.06402258951621e-34 2.17393863132705e-34 2.06402258951621e-34 
768725.95216612 2.20910955931494e-34 2.09975808089377e-34 2.20910955931494e-34 2.09975808089377e-34 2.20910955931494e-34 2.09975808089377e-34 
793961.784537966 2.2447813519667e-34 2.13600427723011e-34 2.2447813519667e-34 2.13600427723011e-34 2.2447813519667e-34 2.13600427723011e-34 
820026.061993141 2.28094995952857e-34 2.17275864032978e-34 2.28094995952857e-34 2.17275864032978e-34 2.28094995952857e-34 2.17275864032978e-34 
846945.980831177 2.3176379770666e-34 2.21003379599054e-34 2.3176379770666e-34 2.21003379599054e-34 2.3176379770666e-34 2.21003379599054e-34 
874749.630155149 2.35483930686176e-34 2.24783626337721e-34 2.35483930686176e-34 2.24783626337721e-34 2.35483930686176e-34 2.24783626337721e-34 
903466.02118075 2.39256457460581e-34 2.28617080079015e-34 2.39256457460581e-34 2.28617080079015e-34 2.39256457460581e-34 2.28617080079015e-34 
933125.117507511 2.43081979664731e-34 2.32504270597537e-34 2.43081979664731e-34 2.32504270597537e-34 2.43081979664731e-34 2.32504270597537e-34 
963757.866383783 2.46961271542998e-34 2.36445899764233e-34 2.46961271542998e-34 2.36445899764233e-34 2.46961271542998e-34 2.36445899764233e-34 
995396.230998086 2.50895087638224e-34 2.40442889450134e-34 2.50895087638224e-34 2.40442889450134e-34 2.50895087638224e-34 2.40442889450134e-34 
1028073.22383052 2.54883446709697e-34 2.44494875596123e-34 2.54883446709697e-34 2.44494875596123e-34 2.54883446709697e-34 2.44494875596123e-34 
1061822.94109902 2.58928618752979e-34 2.48604486670582e-34 2.58928618752979e-34 2.48604486670582e-34 2.58928618752979e-34 2.48604486670582e-34 
1096680.59833649 2.63029699239741e-34 2.52770884382262e-34 2.63029699239741e-34 2.52770884382262e-34 2.63029699239741e-34 2.52770884382262e-34 
1132682.56713576 2.67188028483011e-34 2.5699453214486e-34 2.67188028483011e-34 2.5699453214486e-34 2.67188028483011e-34 2.5699453214486e-34 
1169866.4131009 2.71404235527511e-34 2.61276956513866e-34 2.71404235527511e-34 2.61276956513866e-34 2.71404235527511e-34 2.61276956513866e-34 
1208270.93504436 2.75678922295071e-34 2.65618657127493e-34 2.75678922295071e-34 2.65618657127493e-34 2.75678922295071e-34 2.65618657127493e-34 
1247936.20547088 2.80013256054926e-34 2.70020104706587e-34 2.80013256054926e-34 2.70020104706587e-34 2.80013256054926e-34 2.70020104706587e-34 
1288903.61239044 2.84407472975045e-34 2.74482269477513e-34 2.84407472975045e-34 2.74482269477513e-34 2.84407472975045e-34 2.74482269477513e-34 
1331215.90250384 2.88862760860765e-34 2.79005603466838e-34 2.88862760860765e-34 2.79005603466838e-34 2.88862760860765e-34 2.79005603466838e-34 
1374917.22580594 2.93379292475193e-34 2.83590940109041e-34 2.93379292475193e-34 2.83590940109041e-34 2.93379292475193e-34 2.83590940109041e-34 
1420053.18165318 2.97958043334614e-34 2.88238826780946e-34 2.97958043334614e-34 2.88238826780946e-34 2.97958043334614e-34 2.88238826780946e-34 
1466670.86634345 3.02600598361131e-34 2.9295063131027e-34 3.02600598361131e-34 2.9295063131027e-34 3.02600598361131e-34 2.9295063131027e-34 
1514818.92225781 3.07306232202041e-34 2.97726443623288e-34 3.07306232202041e-34 2.97726443623288e-34 3.07306232202041e-34 2.97726443623288e-34 
1564547.58861554 3.12076969835023e-34 3.02567178557421e-34 3.12076969835023e-34 3.02567178557421e-34 3.12076969835023e-34 3.02567178557421e-34 
1615908.75389534 3.16912244047795e-34 3.07473303006291e-34 3.16912244047795e-34 3.07473303006291e-34 3.16912244047795e-34 3.07473303006291e-34 
1668956.00997743 3.21815212265801e-34 3.12447009629704e-34 3.21815212265801e-34 3.12447009629704e-34 3.21815212265801e-34 3.12447009629704e-34 
1723744.708063 3.26784341114837e-34 3.17487354783724e-34 3.26784341114837e-34 3.17487354783724e-34 3.26784341114837e-34 3.17487354783724e-34 
1780332.01642947 3.31822094623136e-34 3.22596717652725e-34 3.31822094623136e-34 3.22596717652725e-34 3.31822094623136e-34 3.22596717652725e-34 
1838776.98008166 3.36927916384164e-34 3.27773645816591e-34 3.36927916384164e-34 3.27773645816591e-34 3.36927916384164e-34 3.27773645816591e-34 
1899140.58236125 3.42102748340209e-34 3.33020630641812e-34 3.42102748340209e-34 3.33020630641812e-34 3.42102748340209e-34 3.33020630641812e-34 
1961485.80857872 3.47348750212845e-34 3.3833868209974e-34 3.47348750212845e-34 3.3833868209974e-34 3.47348750212845e-34 3.3833868209974e-34 
2025877.71173428 3.52665263759623e-34 3.43727413877934e-34 3.52665263759623e-34 3.43727413877934e-34 3.52665263759623e-34 3.43727413877934e-34 
2092383.48039621 3.58054299272379e-34 3.49188727393081e-34 3.58054299272379e-34 3.49188727393081e-34 3.58054299272379e-34 3.49188727393081e-34 
2161072.50880758 3.63516077953721e-34 3.5472300774466e-34 3.63516077953721e-34 3.5472300774466e-34 3.63516077953721e-34 3.5472300774466e-34 
2232016.46929441 3.69051765413142e-34 3.60331164328148e-34 3.69051765413142e-34 3.60331164328148e-34 3.69051765413142e-34 3.60331164328148e-34 
2305289.38705085 3.74661916035228e-34 3.66014010391818e-34 3.74661916035228e-34 3.66014010391818e-34 3.74661916035228e-34 3.66014010391818e-34 
2380967.71737947 3.8034753417762e-34 3.71772972132351e-34 3.8034753417762e-34 3.71772972132351e-34 3.8034753417762e-34 3.71772972132351e-34 
2459130.42546713 3.86109420575284e-34 3.77606985032861e-34 3.86109420575284e-34 3.77606985032861e-34 3.86109420575284e-34 3.77606985032861e-34 
2539859.06877978 3.91949391423773e-34 3.83519716640054e-34 3.91949391423773e-34 3.83519716640054e-34 3.91949391423773e-34 3.83519716640054e-34 
2623237.88216214 3.97866926935357e-34 3.89510134335379e-34 3.97866926935357e-34 3.89510134335379e-34 3.97866926935357e-34 3.89510134335379e-34 
2709353.86573103 4.03863835429082e-34 3.95579768389163e-34 4.03863835429082e-34 3.95579768389163e-34 4.03863835429082e-34 3.95579768389163e-34 
2798296.87565406 4.09940570278899e-34 4.0172923502728e-34 4.09940570278899e-34 4.0172923502728e-34 4.09940570278899e-34 4.0172923502728e-34 
2890159.71790842 4.16098732299435e-34 4.07960114281897e-34 4.16098732299435e-34 4.07960114281897e-34 4.16098732299435e-34 4.07960114281897e-34 
2985038.2451176 4.22338910036134e-34 4.1427298998005e-34 4.22338910036134e-34 4.1427298998005e-34 4.22338910036134e-34 4.1427298998005e-34 
3083031.4565671 4.28661628084898e-34 4.20668229722247e-34 4.28661628084898e-34 4.20668229722247e-34 4.28661628084898e-34 4.20668229722247e-34 
3184241.60150344 4.35067982541464e-34 4.27147124174682e-34 4.35067982541464e-34 4.27147124174682e-34 4.35067982541464e-34 4.27147124174682e-34 
3288774.28582425 4.41559706078192e-34 4.33711254957542e-34 4.41559706078192e-34 4.33711254957542e-34 4.41559706078192e-34 4.33711254957542e-34 
3396738.5822709 4.48137157662445e-34 4.40360995938583e-34 4.48137157662445e-34 4.40360995938583e-34 4.48137157662445e-34 4.40360995938583e-34 
3508247.14423844 4.54801476487662e-34 4.47097267204556e-34 4.54801476487662e-34 4.47097267204556e-34 4.54801476487662e-34 4.47097267204556e-34 
3623416.32332175 4.61553473512742e-34 4.53921452243166e-34 4.61553473512742e-34 4.53921452243166e-34 4.61553473512742e-34 4.53921452243166e-34 
3742366.29072053 4.6839413358997e-34 4.60834499873151e-34 4.6839413358997e-34 4.60834499873151e-34 4.6839413358997e-34 4.60834499873151e-34 
3865221.16262976 4.75326019653573e-34 4.67837279712357e-34 4.75326019653573e-34 4.67837279712357e-34 4.75326019653573e-34 4.67837279712357e-34 
3992109.12974649 4.82347218195924e-34 4.74930109438915e-34 4.82347218195924e-34 4.74930109438915e-34 4.82347218195924e-34 4.74930109438915e-34 
4123162.59102814 4.89461072977763e-34 4.8211525322343e-34 4.89461072977763e-34 4.8211525322343e-34 4.89461072977763e-34 4.8211525322343e-34 
4258518.29184174 4.96668165828031e-34 4.89393363984747e-34 4.96668165828031e-34 4.89393363984747e-34 4.96668165828031e-34 4.89393363984747e-34 
4398317.46664849 5.03968968710715e-34 4.96764972646456e-34 5.03968968710715e-34 4.96764972646456e-34 5.03968968710715e-34 4.96764972646456e-34 
4542705.98637225 5.11365042657352e-34 5.04231701727847e-34 5.11365042657352e-34 5.04231701727847e-34 5.11365042657352e-34 5.04231701727847e-34 
4691834.51060594 5.18857052143547e-34 5.11794012651853e-34 5.18857052143547e-34 5.11794012651853e-34 5.18857052143547e-34 5.11794012651853e-34 
4845858.64481457 5.26447698742204e-34 5.19453928559052e-34 5.26447698742204e-34 5.19453928559052e-34 5.26447698742204e-34 5.19453928559052e-34 
5004939.10269896 5.34135176656039e-34 5.27211982684879e-34 5.34135176656039e-34 5.27211982684879e-34 5.34135176656039e-34 5.27211982684879e-34 
5169241.87388953 5.41923090332453e-34 5.35069421500476e-34 5.41923090332453e-34 5.35069421500476e-34 5.41923090332453e-34 5.35069421500476e-34 
5338938.39714521 5.49811423505851e-34 5.43027028310382e-34 5.49811423505851e-34 5.43027028310382e-34 5.49811423505851e-34 5.43027028310382e-34 
5514205.73923808 5.57800651238036e-34 5.51085142489011e-34 5.57800651238036e-34 5.51085142489011e-34 5.57800651238036e-34 5.51085142489011e-34 
5695226.77971053 5.65893427539574e-34 5.59246548126272e-34 5.65893427539574e-34 5.59246548126272e-34 5.65893427539574e-34 5.59246548126272e-34 
5882190.40169758 5.74090492954787e-34 5.67511798691872e-34 5.74090492954787e-34 5.67511798691872e-34 5.74090492954787e-34 5.67511798691872e-34 
6075291.68901361 5.82393669502584e-34 5.75883059840702e-34 5.82393669502584e-34 5.75883059840702e-34 5.82393669502584e-34 5.75883059840702e-34 
6274732.12970903 5.90801958517634e-34 5.84358668114298e-34 5.90801958517634e-34 5.84358668114298e-34 5.90801958517634e-34 5.84358668114298e-34 
6480719.82630933 5.99318571181128e-34 5.92942868462415e-34 5.99318571181128e-34 5.92942868462415e-34 5.99318571181128e-34 5.92942868462415e-34 
6693469.71295592 6.07943269868556e-34 6.01634646293602e-34 6.07943269868556e-34 6.01634646293602e-34 6.07943269868556e-34 6.01634646293602e-34 
6913203.77967529 6.16678242179205e-34 6.10436090525404e-34 6.16678242179205e-34 6.10436090525404e-34 6.16678242179205e-34 6.10436090525404e-34 
7140151.30401046 6.25524195976151e-34 6.1934829947665e-34 6.25524195976151e-34 6.1934829947665e-34 6.25524195976151e-34 6.1934829947665e-34 
7374549.09025651 6.34485037078312e-34 6.28375016945539e-34 6.34485037078312e-34 6.28375016945539e-34 6.34485037078312e-34 6.28375016945539e-34 
7616641.71654974 6.43556938249999e-34 6.37512352012047e-34 6.43556938249999e-34 6.37512352012047e-34 6.43556938249999e-34 6.37512352012047e-34 
7866681.79006832 6.52744800227097e-34 6.4676520293344e-34 6.52744800227097e-34 6.4676520293344e-34 6.52744800227097e-34 6.4676520293344e-34 
8124930.21061067 6.62048972387296e-34 6.56134208282567e-34 6.62048972387296e-34 6.56134208282567e-34 6.62048972387296e-34 6.56134208282567e-34 
8391656.44282665 6.71470317884093e-34 6.65619823294699e-34 6.71470317884093e-34 6.65619823294699e-34 6.71470317884093e-34 6.65619823294699e-34 
8667138.7973856 6.81010276613755e-34 6.75223660316314e-34 6.81010276613755e-34 6.75223660316314e-34 6.81010276613755e-34 6.75223660316314e-34 
8951664.72137454 6.90670764260988e-34 6.84947582970757e-34 6.90670764260988e-34 6.84947582970757e-34 6.90670764260988e-34 6.84947582970757e-34 
9245531.09822966 7.00453187562592e-34 6.94793143017163e-34 7.00453187562592e-34 6.94793143017163e-34 7.00453187562592e-34 6.94793143017163e-34 
9549044.55751402 7.10358043951886e-34 7.04760625395398e-34 7.10358043951886e-34 7.04760625395398e-34 7.10358043951886e-34 7.04760625395398e-34 
9862521.79486455 7.20386221192345e-34 7.14851091762728e-34 7.20386221192345e-34 7.14851091762728e-34 7.20386221192345e-34 7.14851091762728e-34 
10186289.9024425 7.30540809138578e-34 7.25067498532032e-34 7.30540809138578e-34 7.25067498532032e-34 7.30540809138578e-34 7.25067498532032e-34 
10520686.7102317 7.40822111830645e-34 7.35410171165564e-34 7.40822111830645e-34 7.35410171165564e-34 7.40822111830645e-34 7.35410171165564e-34 
10866061.1385412 7.51231107893803e-34 7.45880242839907e-34 7.51231107893803e-34 7.45880242839907e-34 7.51231107893803e-34 7.45880242839907e-34 
11222773.5620801 7.61770330099051e-34 7.56479905808729e-34 7.61770330099051e-34 7.56479905808729e-34 7.61770330099051e-34 7.56479905808729e-34 
11591196.1859837 7.72440703368695e-34 7.67210269658397e-34 7.72440703368695e-34 7.67210269658397e-34 7.72440703368695e-34 7.67210269658397e-34 
11971713.4341843 7.83241607434216e-34 7.78070826624822e-34 7.83241607434216e-34 7.78070826624822e-34 7.83241607434216e-34 7.78070826624822e-34 
12364722.3505316 7.94179024934421e-34 7.89067446845021e-34 7.94179024934421e-34 7.89067446845021e-34 7.94179024934421e-34 7.89067446845021e-34 
12770633.0130807 8.05249539327404e-34 8.00196674721374e-34 8.05249539327404e-34 8.00196674721374e-34 8.05249539327404e-34 8.00196674721374e-34 
13189868.9619807 8.16457847346794e-34 8.11463644730121e-34 8.16457847346794e-34 8.11463644730121e-34 8.16457847346794e-34 8.11463644730121e-34 
13622867.6414102 8.27804753679486e-34 8.22868112271156e-34 8.27804753679486e-34 8.22868112271156e-34 8.27804753679486e-34 8.22868112271156e-34 
14070080.8560204 8.39291187375943e-34 8.34411821168101e-34 8.39291187375943e-34 8.34411821168101e-34 8.39291187375943e-34 8.34411821168101e-34 
14531975.2423622 8.50919365172488e-34 8.4609689311249e-34 8.50919365172488e-34 8.4609689311249e-34 8.50919365172488e-34 8.4609689311249e-34 
15009032.7557903 8.62688172495682e-34 8.57922143809412e-34 8.62688172495682e-34 8.57922143809412e-34 8.62688172495682e-34 8.57922143809412e-34 
15501751.1733504 8.74603208308194e-34 8.69893258787236e-34 8.74603208308194e-34 8.69893258787236e-34 8.74603208308194e-34 8.69893258787236e-34 
16010644.6131756 8.86663558244622e-34 8.82009106802601e-34 8.86663558244622e-34 8.82009106802601e-34 8.86663558244622e-34 8.82009106802601e-34 
16536244.0709339 8.98870671290448e-34 8.94271243130814e-34 8.98870671290448e-34 8.94271243130814e-34 8.98870671290448e-34 8.94271243130814e-34 
17079097.9738861 9.11227177053609e-34 9.0668232032999e-34 9.11227177053609e-34 9.0668232032999e-34 9.11227177053609e-34 9.0668232032999e-34 
17639772.7531319 9.23733803803308e-34 9.19243147417198e-34 9.23733803803308e-34 9.19243147417198e-34 9.23733803803308e-34 9.19243147417198e-34 
18218853.4346428 9.36392263201358e-34 9.31955254491109e-34 9.36392263201358e-34 9.31955254491109e-34 9.36392263201358e-34 9.31955254491109e-34 
18816944.2496964 9.49207194639791e-34 9.44823424672405e-34 9.49207194639791e-34 9.44823424672405e-34 9.49207194639791e-34 9.44823424672405e-34 
19434669.2653507 9.62172794158566e-34 9.57841810436195e-34 9.62172794158566e-34 9.57841810436195e-34 9.62172794158566e-34 9.57841810436195e-34 
20072673.0356158 9.75296785575228e-34 9.71018002574002e-34 9.75296785575228e-34 9.71018002574002e-34 9.75296785575228e-34 9.71018002574002e-34 
20731621.274002 9.88581936014551e-34 9.84354962828641e-34 9.88581936014551e-34 9.84354962828641e-34 9.88581936014551e-34 9.84354962828641e-34 
21412201.5481466 1.00202410397229e-33 9.97848474072963e-34 1.00202410397229e-33 9.97848474072963e-34 1.00202410397229e-33 9.97848474072963e-34 
22115123.9972438 1.01562966358206e-33 1.0115049149476e-33 1.01562966358206e-33 1.0115049149476e-33 1.01562966358206e-33 1.0115049149476e-33 
22841122.0730267 1.02939879293339e-33 1.02532438655214e-33 1.02939879293339e-33 1.02532438655214e-33 1.02939879293339e-33 1.02532438655214e-33 
23590953.3050743 1.04333246856247e-33 1.03930812588317e-33 1.04333246856247e-33 1.03930812588317e-33 1.04333246856247e-33 1.03930812588317e-33 
24365400.0912422 1.05743450895488e-33 1.05345957052731e-33 1.05743450895488e-33 1.05345957052731e-33 1.05743450895488e-33 1.05345957052731e-33 
25165270.514041 1.07170398558346e-33 1.06777804334089e-33 1.07170398558346e-33 1.06777804334089e-33 1.07170398558346e-33 1.06777804334089e-33 
25991399.1838159 1.08614752520953e-33 1.08227002153095e-33 1.08614752520953e-33 1.08227002153095e-33 1.08614752520953e-33 1.08227002153095e-33 
26844648.1096057 1.10075832650934e-33 1.0969289828833e-33 1.10075832650934e-33 1.0969289828833e-33 1.10075832650934e-33 1.0969289828833e-33 
27725907.5985903 1.11554692918199e-33 1.11176520852179e-33 1.11554692918199e-33 1.11176520852179e-33 1.11554692918199e-33 1.11176520852179e-33 
28636097.1850661 1.13050842876638e-33 1.12677381979947e-33 1.13050842876638e-33 1.12677381979947e-33 1.13050842876638e-33 1.12677381979947e-33 
29576166.5899169 1.14565007182194e-33 1.14196212752923e-33 1.14565007182194e-33 1.14196212752923e-33 1.14565007182194e-33 1.14196212752923e-33 
30547096.7115834 1.16097251455526e-33 1.15733083822128e-33 1.16097251455526e-33 1.15733083822128e-33 1.16097251455526e-33 1.15733083822128e-33 
31549900.649564 1.17647551342164e-33 1.17287962270834e-33 1.17647551342164e-33 1.17287962270834e-33 1.17647551342164e-33 1.17287962270834e-33 
32585624.7615147 1.19215936894675e-33 1.1886087501537e-33 1.19215936894675e-33 1.1886087501537e-33 1.19215936894675e-33 1.1886087501537e-33 
33655349.7550527 1.20803016411378e-33 1.20452440585413e-33 1.20803016411378e-33 1.20452440585413e-33 1.20803016411378e-33 1.20452440585413e-33 
34760191.8154009 1.22408867442248e-33 1.22062735206154e-33 1.22408867442248e-33 1.22062735206154e-33 1.22408867442248e-33 1.22062735206154e-33 
35901303.770051 1.2403345189761e-33 1.23691715437583e-33 1.2403345189761e-33 1.23691715437583e-33 1.2403345189761e-33 1.23691715437583e-33 
37079876.2916613 1.25677323331494e-33 1.25339963911063e-33 1.25677323331494e-33 1.25339963911063e-33 1.25677323331494e-33 1.25339963911063e-33 
38297139.1404416 1.27340424433216e-33 1.27007357512795e-33 1.27340424433216e-33 1.27007357512795e-33 1.27340424433216e-33 1.27007357512795e-33 
39554362.447325 1.29023060612474e-33 1.28694234344772e-33 1.29023060612474e-33 1.28694234344772e-33 1.29023060612474e-33 1.28694234344772e-33 
40852858.0392628 1.30725445008829e-33 1.30400833542763e-33 1.30725445008829e-33 1.30400833542763e-33 1.30725445008829e-33 1.30400833542763e-33 
42193980.8080265 1.32447560025987e-33 1.32127138858359e-33 1.32447560025987e-33 1.32127138858359e-33 1.32447560025987e-33 1.32127138858359e-33 
43579130.1239456 1.34189945084081e-33 1.33873612482804e-33 1.34189945084081e-33 1.33873612482804e-33 1.34189945084081e-33 1.33873612482804e-33 
45009751.2960549 1.35952475744545e-33 1.3564028073015e-33 1.35952475744545e-33 1.3564028073015e-33 1.35952475744545e-33 1.3564028073015e-33 
46487337.080176 1.3773565323637e-33 1.37427477833195e-33 1.3773565323637e-33 1.37427477833195e-33 1.3773565323637e-33 1.37427477833195e-33 
48013429.2365069 1.39539731145353e-33 1.39235494844143e-33 1.39539731145353e-33 1.39235494844143e-33 1.39539731145353e-33 1.39235494844143e-33 
49589620.1383435 1.41364287628156e-33 1.41064055583535e-33 1.41364287628156e-33 1.41064055583535e-33 1.41364287628156e-33 1.41064055583535e-33 
51217554.4336127 1.43210301267596e-33 1.42913980018291e-33 1.43210301267596e-33 1.42913980018291e-33 1.43210301267596e-33 1.42913980018291e-33 
52898930.7609507 1.45077610061482e-33 1.44785158090773e-33 1.45077610061482e-33 1.44785158090773e-33 1.45077610061482e-33 1.44785158090773e-33 
54635503.5221167 1.46966528046889e-33 1.46677900353959e-33 1.46966528046889e-33 1.46677900353959e-33 1.46966528046889e-33 1.46677900353959e-33 
56429084.7125921 1.4887723237309e-33 1.48592388615925e-33 1.4887723237309e-33 1.48592388615925e-33 1.4887723237309e-33 1.48592388615925e-33 
58281545.8122739 1.50809948137345e-33 1.50528833996573e-33 1.50809948137345e-33 1.50528833996573e-33 1.50809948137345e-33 1.50528833996573e-33 
60194819.7382369 1.52764962954879e-33 1.52487559503592e-33 1.52764962954879e-33 1.52487559503592e-33 1.52764962954879e-33 1.52487559503592e-33 
62170902.8616011 1.54742534272001e-33 1.54468789130796e-33 1.54742534272001e-33 1.54468789130796e-33 1.54742534272001e-33 1.54468789130796e-33 
64211857.090609 1.56742353792977e-33 1.56472221921003e-33 1.56742353792977e-33 1.56472221921003e-33 1.56742353792977e-33 1.56472221921003e-33 
66319812.0220867 1.58765473128508e-33 1.58498922108121e-33 1.58765473128508e-33 1.58498922108121e-33 1.58765473128508e-33 1.58498922108121e-33 
68496967.1635329 1.60811645346311e-33 1.60548682942523e-33 1.60811645346311e-33 1.60548682942523e-33 1.60811645346311e-33 1.60548682942523e-33 
70745594.2281556 1.62881310010246e-33 1.62621794731633e-33 1.62881310010246e-33 1.62621794731633e-33 1.62881310010246e-33 1.62621794731633e-33 
73068039.5052502 1.64974521483636e-33 1.64718457419475e-33 1.64974521483636e-33 1.64718457419475e-33 1.64974521483636e-33 1.64718457419475e-33 
75466726.3083924 1.67091610449807e-33 1.66838961100069e-33 1.67091610449807e-33 1.66838961100069e-33 1.67091610449807e-33 1.66838961100069e-33 
77944157.5040012 1.69232690419183e-33 1.68983417268163e-33 1.69232690419183e-33 1.68983417268163e-33 1.69232690419183e-33 1.68983417268163e-33 
80502918.1229097 1.71398037104499e-33 1.71152102639323e-33 1.71398037104499e-33 1.71152102639323e-33 1.71398037104499e-33 1.71152102639323e-33 
83145678.0576687 1.73588301204229e-33 1.73345665186257e-33 1.73588301204229e-33 1.73345665186257e-33 1.73588301204229e-33 1.73345665186257e-33 
85875194.8483978 1.75803222541383e-33 1.75563846384187e-33 1.75803222541383e-33 1.75563846384187e-33 1.75803222541383e-33 1.75563846384187e-33 
88694316.5600912 1.7804307726276e-33 1.77806910680469e-33 1.7804307726276e-33 1.77806910680469e-33 1.7804307726276e-33 1.77806910680469e-33 
91605984.754379 1.80308321272392e-33 1.80075349221258e-33 1.80308321272392e-33 1.80075349221258e-33 1.80308321272392e-33 1.80075349221258e-33 
94613237.5588475 1.82599121132908e-33 1.82369295278759e-33 1.82599121132908e-33 1.82369295278759e-33 1.82599121132908e-33 1.82369295278759e-33 
97719212.8371175 1.84915968756654e-33 1.84689307854537e-33 1.84915968756654e-33 1.84689307854537e-33 1.84915968756654e-33 1.84689307854537e-33 
100927151.462992 1.87258704749477e-33 1.87035058629298e-33 1.87258704749477e-33 1.87035058629298e-33 1.87258704749477e-33 1.87035058629298e-33 
104240400.702088 1.89627764216958e-33 1.89407152077582e-33 1.89627764216958e-33 1.89407152077582e-33 1.89627764216958e-33 1.89407152077582e-33 
107662417.704479 1.92023504484181e-33 1.91805889923011e-33 1.92023504484181e-33 1.91805889923011e-33 1.92023504484181e-33 1.91805889923011e-33 
111196773.111997 1.94446210257261e-33 1.94231556237958e-33 1.94446210257261e-33 1.94231556237958e-33 1.94446210257261e-33 1.94231556237958e-33 
114847154.783954 1.96895944620318e-33 1.9668421578925e-33 1.96895944620318e-33 1.9668421578925e-33 1.96895944620318e-33 1.9668421578925e-33 
118617371.64517 1.99373036038552e-33 1.99164198145637e-33 1.99373036038552e-33 1.99164198145637e-33 1.99373036038552e-33 1.99164198145637e-33 
122511357.660331 2.01877890040321e-33 2.01671904566873e-33 2.01877890040321e-33 2.01671904566873e-33 2.01877890040321e-33 2.01671904566873e-33 
126533175.93881 2.04410836129187e-33 2.04207672181226e-33 2.04410836129187e-33 2.04207672181226e-33 2.04410836129187e-33 2.04207672181226e-33 
130687022.974248 2.06971832372634e-33 2.06771456847123e-33 2.06971832372634e-33 2.06771456847123e-33 2.06971832372634e-33 2.06771456847123e-33 
134977233.023304 2.09561867681717e-33 2.0936421851316e-33 2.09561867681717e-33 2.0936421851316e-33 2.09561867681717e-33 2.0936421851316e-33 
139408282.628164 2.12179575341929e-33 2.11984657970334e-33 2.12179575341929e-33 2.11984657970334e-33 2.12179575341929e-33 2.11984657970334e-33 
143984795.287504 2.14826961377981e-33 2.14634731685069e-33 2.14826961377981e-33 2.14634731685069e-33 2.14826961377981e-33 2.14634731685069e-33 
148711546.280795 2.17503622089674e-33 2.17314040828091e-33 2.17503622089674e-33 2.17314040828091e-33 2.17503622089674e-33 2.17314040828091e-33 
153593467.650985 2.20209955692128e-33 2.20023020703727e-33 2.20209955692128e-33 2.20023020703727e-33 2.20209955692128e-33 2.20023020703727e-33 
158635653.350751 2.22946332325979e-33 2.22761952557771e-33 2.22946332325979e-33 2.22761952557771e-33 2.22946332325979e-33 2.22761952557771e-33 
163843364.557686 2.25712881292584e-33 2.25531048348006e-33 2.25712881292584e-33 2.25531048348006e-33 2.25712881292584e-33 2.25531048348006e-33 
169222035.163987 2.28511146666907e-33 2.28331823661289e-33 2.28511146666907e-33 2.28331823661289e-33 2.28511146666907e-33 2.28331823661289e-33 
174777277.446347 2.31337758458371e-33 2.31160926898879e-33 2.31337758458371e-33 2.31160926898879e-33 2.31337758458371e-33 2.31160926898879e-33 
180514887.921985 2.34196441874547e-33 2.34022066389821e-33 2.34196441874547e-33 2.34022066389821e-33 2.34196441874547e-33 2.34022066389821e-33 
186440853.396918 2.37087267331586e-33 2.36915315159036e-33 2.37087267331586e-33 2.36915315159036e-33 2.37087267331586e-33 2.36915315159036e-33 
192561357.212785 2.40009324333632e-33 2.39839909076855e-33 2.40009324333632e-33 2.39839909076855e-33 2.40009324333632e-33 2.39839909076855e-33 
198882785.698741 2.42963733332101e-33 2.42796577854859e-33 2.42963733332101e-33 2.42796577854859e-33 2.42963733332101e-33 2.42796577854859e-33 
205411734.835161 2.45950010953054e-33 2.45785133703162e-33 2.45950010953054e-33 2.45785133703162e-33 2.45950010953054e-33 2.45785133703162e-33 
212155017.136094 2.48969437856905e-33 2.48806865055563e-33 2.48969437856905e-33 2.48806865055563e-33 2.48969437856905e-33 2.48806865055563e-33 
219119668.757658 2.52021721577133e-33 2.51861413835016e-33 2.52021721577133e-33 2.51861413835016e-33 2.52021721577133e-33 2.51861413835016e-33 
226312956.839791 2.5510702914971e-33 2.54948955123469e-33 2.5510702914971e-33 2.54948955123469e-33 2.5510702914971e-33 2.54948955123469e-33 
233742387.089013 2.58226110515047e-33 2.58070252020397e-33 2.58226110515047e-33 2.58070252020397e-33 2.58226110515047e-33 2.58070252020397e-33 
241415711.610127 2.61379604544259e-33 2.61225927516579e-33 2.61379604544259e-33 2.61225927516579e-33 2.61379604544259e-33 2.61225927516579e-33 
249340936.995007 2.64566910093429e-33 2.64415375140299e-33 2.64566910093429e-33 2.64415375140299e-33 2.64566910093429e-33 2.64415375140299e-33 
257526332.676932 2.67788800566639e-33 2.67639400773494e-33 2.67788800566639e-33 2.67639400773494e-33 2.67788800566639e-33 2.67639400773494e-33 
265980439.559181 2.71046204901241e-33 2.70898909982606e-33 2.71046204901241e-33 2.70898909982606e-33 2.71046204901241e-33 2.70898909982606e-33 
274712078.926879 2.74338286493769e-33 2.74193047755726e-33 2.74338286493769e-33 2.74193047755726e-33 2.74338286493769e-33 2.74193047755726e-33 
283730361.651412 2.77666349071892e-33 2.7752315421887e-33 2.77666349071892e-33 2.7752315421887e-33 2.77666349071892e-33 2.7752315421887e-33 
293044697.696997 2.81030192687107e-33 2.80889005092904e-33 2.81030192687107e-33 2.80889005092904e-33 2.81030192687107e-33 2.80889005092904e-33 
302664805.939344 2.84430459966968e-33 2.84291262715051e-33 2.84430459966968e-33 2.84291262715051e-33 2.84430459966968e-33 2.84291262715051e-33 
312600724.306637 2.87867547844301e-33 2.8773026639362e-33 2.87867547844301e-33 2.8773026639362e-33 2.87867547844301e-33 2.8773026639362e-33 
322862820.253431 2.91341774392585e-33 2.91206459120256e-33 2.91341774392585e-33 2.91206459120256e-33 2.91341774392585e-33 2.91206459120256e-33 
333461801.578386 2.94853102959389e-33 2.94719684945102e-33 2.94853102959389e-33 2.94719684945102e-33 2.94853102959389e-33 2.94719684945102e-33 
344408727.597122 2.9840212514391e-33 2.98270586959897e-33 2.9840212514391e-33 2.98270586959897e-33 2.9840212514391e-33 2.98270586959897e-33 
355715020.681869 3.01989299343762e-33 3.01859613134936e-33 3.01989299343762e-33 3.01859613134936e-33 3.01989299343762e-33 3.01859613134936e-33 
367392478.179928 3.05615267557678e-33 3.05487408928281e-33 3.05615267557678e-33 3.05487408928281e-33 3.05615267557678e-33 3.05487408928281e-33 
379453284.723404 3.0927987124484e-33 3.09153894407631e-33 3.0927987124484e-33 3.09153894407631e-33 3.0927987124484e-33 3.09153894407631e-33 
391910024.94304 3.12983918705511e-33 3.12859636660443e-33 3.12983918705511e-33 3.12859636660443e-33 3.12983918705511e-33 3.12859636660443e-33 
404775696.59942 3.16727519838899e-33 3.16604990163253e-33 3.16727519838899e-33 3.16604990163253e-33 3.16727519838899e-33 3.16604990163253e-33 
418063724.145253 3.20510829406679e-33 3.20390021485564e-33 3.20510829406679e-33 3.20390021485564e-33 3.20510829406679e-33 3.20390021485564e-33 
431787972.732867 3.24334796377593e-33 3.2421572395775e-33 3.24334796377593e-33 3.2421572395775e-33 3.24334796377593e-33 3.2421572395775e-33 
445962762.681562 3.28199380542182e-33 3.28081956628287e-33 3.28199380542182e-33 3.28081956628287e-33 3.28199380542182e-33 3.28081956628287e-33 
460602884.41988 3.3210526364598e-33 3.31989468176748e-33 3.3210526364598e-33 3.31989468176748e-33 3.3210526364598e-33 3.31989468176748e-33 
475723613.918415 3.36052716994952e-33 3.3593856162548e-33 3.36052716994952e-33 3.3593856162548e-33 3.36052716994952e-33 3.3593856162548e-33 
491340728.629249 3.40042059412798e-33 3.39929516838136e-33 3.40042059412798e-33 3.39929516838136e-33 3.40042059412798e-33 3.39929516838136e-33 
507470523.948645 3.4407328570867e-33 3.43962177625049e-33 3.4407328570867e-33 3.43962177625049e-33 3.4407328570867e-33 3.43962177625049e-33 
524129830.22019 3.48148162204714e-33 3.48038753165719e-33 3.48148162204714e-33 3.48038753165719e-33 3.48148162204714e-33 3.48038753165719e-33 
541336030.296107 3.52266578816258e-33 3.52158713280172e-33 3.52266578816258e-33 3.52158713280172e-33 3.52266578816258e-33 3.52158713280172e-33 
559107077.675082 3.56427137906949e-33 3.56320806198008e-33 3.56427137906949e-33 3.56320806198008e-33 3.56427137906949e-33 3.56320806198008e-33 
577461515.235518 3.60632179765351e-33 3.60527316015592e-33 3.60632179765351e-33 3.60527316015592e-33 3.60632179765351e-33 3.60527316015592e-33 
596418494.583766 3.64881724772655e-33 3.64778289370622e-33 3.64881724772655e-33 3.64778289370622e-33 3.64881724772655e-33 3.64778289370622e-33 
615997796.037518 3.6917597106145e-33 3.6907401996937e-33 3.6917597106145e-33 3.6907401996937e-33 3.6917597106145e-33 3.6907401996937e-33 
636219849.265232 3.73515942924676e-33 3.73415408396887e-33 3.73515942924676e-33 3.73415408396887e-33 3.73515942924676e-33 3.73415408396887e-33 
657105754.603092 3.77901514736295e-33 3.77802396316211e-33 3.77901514736295e-33 3.77802396316211e-33 3.77901514736295e-33 3.77802396316211e-33 
678677305.071775 3.82333188644302e-33 3.82235443098723e-33 3.82333188644302e-33 3.82235443098723e-33 3.82333188644302e-33 3.82235443098723e-33 
700957009.115987 3.86811310747412e-33 3.86714929860478e-33 3.86811310747412e-33 3.86714929860478e-33 3.86811310747412e-33 3.86714929860478e-33 
723968114.090491 3.91336731402953e-33 3.91241687818557e-33 3.91336731402953e-33 3.91241687818557e-33 3.91336731402953e-33 3.91241687818557e-33 
747734630.517141 3.95909243171177e-33 3.95815522004043e-33 3.95909243171177e-33 3.95815522004043e-33 3.95909243171177e-33 3.95815522004043e-33 
772281357.138224 4.0052983433293e-33 4.00437414334515e-33 4.0052983433293e-33 4.00437414334515e-33 4.0052983433293e-33 4.00437414334515e-33 
797633906.792264 4.0519840610788e-33 4.05107246159751e-33 4.0519840610788e-33 4.05107246159751e-33 4.0519840610788e-33 4.05107246159751e-33 
823818733.139272 4.09916646429073e-33 4.09826740296394e-33 4.09916646429073e-33 4.09826740296394e-33 4.09916646429073e-33 4.09826740296394e-33 
850863158.263345 4.14684028230053e-33 4.14595323736655e-33 4.14684028230053e-33 4.14595323736655e-33 4.14684028230053e-33 4.14595323736655e-33 
878795401.181393 4.19501212387119e-33 4.19413893614192e-33 4.19501212387119e-33 4.19413893614192e-33 4.19501212387119e-33 4.19413893614192e-33 
907644607.28777 4.24368648089241e-33 4.24282390820308e-33 4.24368648089241e-33 4.24282390820308e-33 4.24368648089241e-33 4.24282390820308e-33 
937440878.765505 4.29286345655083e-33 4.29201244343069e-33 4.29286345655083e-33 4.29201244343069e-33 4.29286345655083e-33 4.29201244343069e-33 
968215305.995885 4.34256481970153e-33 4.34172526041764e-33 4.34256481970153e-33 4.34172526041764e-33 4.34256481970153e-33 4.34172526041764e-33 
999999999.999147 4.39276953804823e-33 4.39194162136351e-33 4.39276953804823e-33 4.39194162136351e-33 4.39276953804823e-33 4.39194162136351e-33 
