100 2.23576e-37 1.17315e-37 2.23576e-37 1.17315e-37 2.23576e-37 1.17315e-37 
102.802 2.29648e-37 1.20611e-37 2.29648e-37 1.20611e-37 2.29648e-37 1.20611e-37 
105.682 2.35886e-37 1.23999e-37 2.35886e-37 1.23999e-37 2.35886e-37 1.23999e-37 
108.643 2.42293e-37 1.27483e-37 2.42293e-37 1.27483e-37 2.42293e-37 1.27483e-37 
111.686 2.48875e-37 1.31065e-37 2.48875e-37 1.31065e-37 2.48875e-37 1.31065e-37 
114.815 2.55636e-37 1.34748e-37 2.55636e-37 1.34748e-37 2.55636e-37 1.34748e-37 
118.032 2.62581e-37 1.38534e-37 2.62581e-37 1.38534e-37 2.62581e-37 1.38534e-37 
121.339 2.69716e-37 1.42427e-37 2.69716e-37 1.42427e-37 2.69716e-37 1.42427e-37 
124.738 2.77044e-37 1.4643e-37 2.77044e-37 1.4643e-37 2.77044e-37 1.4643e-37 
128.233 2.84573e-37 1.50546e-37 2.84573e-37 1.50546e-37 2.84573e-37 1.50546e-37 
131.826 2.92305e-37 1.54778e-37 2.92305e-37 1.54778e-37 2.92305e-37 1.54778e-37 
135.519 3.00249e-37 1.59129e-37 3.00249e-37 1.59129e-37 3.00249e-37 1.59129e-37 
139.316 3.08408e-37 1.63602e-37 3.08408e-37 1.63602e-37 3.08408e-37 1.63602e-37 
143.219 3.16789e-37 1.68201e-37 3.16789e-37 1.68201e-37 3.16789e-37 1.68201e-37 
147.231 3.25398e-37 1.7293e-37 3.25398e-37 1.7293e-37 3.25398e-37 1.7293e-37 
151.356 3.34242e-37 1.77792e-37 3.34242e-37 1.77792e-37 3.34242e-37 1.77792e-37 
155.597 3.43326e-37 1.82791e-37 3.43326e-37 1.82791e-37 3.43326e-37 1.82791e-37 
159.956 3.52657e-37 1.87931e-37 3.52657e-37 1.87931e-37 3.52657e-37 1.87931e-37 
164.437 3.6224e-37 1.93215e-37 3.6224e-37 1.93215e-37 3.6224e-37 1.93215e-37 
169.044 3.72085e-37 1.98648e-37 3.72085e-37 1.98648e-37 3.72085e-37 1.98648e-37 
173.78 3.82196e-37 2.04234e-37 3.82196e-37 2.04234e-37 3.82196e-37 2.04234e-37 
178.649 3.92583e-37 2.09977e-37 3.92583e-37 2.09977e-37 3.92583e-37 2.09977e-37 
183.654 4.03251e-37 2.15881e-37 4.03251e-37 2.15881e-37 4.03251e-37 2.15881e-37 
188.799 4.14209e-37 2.21953e-37 4.14209e-37 2.21953e-37 4.14209e-37 2.21953e-37 
194.089 4.25464e-37 2.28194e-37 4.25464e-37 2.28194e-37 4.25464e-37 2.28194e-37 
199.526 4.37024e-37 2.34611e-37 4.37024e-37 2.34611e-37 4.37024e-37 2.34611e-37 
205.116 4.48898e-37 2.41208e-37 4.48898e-37 2.41208e-37 4.48898e-37 2.41208e-37 
210.863 4.61093e-37 2.47991e-37 4.61093e-37 2.47991e-37 4.61093e-37 2.47991e-37 
216.77 4.73619e-37 2.54964e-37 4.73619e-37 2.54964e-37 4.73619e-37 2.54964e-37 
222.844 4.86484e-37 2.62133e-37 4.86484e-37 2.62133e-37 4.86484e-37 2.62133e-37 
229.087 4.99698e-37 2.69505e-37 4.99698e-37 2.69505e-37 4.99698e-37 2.69505e-37 
235.505 5.13268e-37 2.77082e-37 5.13268e-37 2.77082e-37 5.13268e-37 2.77082e-37 
242.103 5.27205e-37 2.84871e-37 5.27205e-37 2.84871e-37 5.27205e-37 2.84871e-37 
248.886 5.41521e-37 2.92882e-37 5.41521e-37 2.92882e-37 5.41521e-37 2.92882e-37 
255.859 5.56223e-37 3.01116e-37 5.56223e-37 3.01116e-37 5.56223e-37 3.01116e-37 
263.027 5.71321e-37 3.09581e-37 5.71321e-37 3.09581e-37 5.71321e-37 3.09581e-37 
270.396 5.86828e-37 3.18283e-37 5.86828e-37 3.18283e-37 5.86828e-37 3.18283e-37 
277.971 6.02753e-37 3.2723e-37 6.02753e-37 3.2723e-37 6.02753e-37 3.2723e-37 
285.759 6.19107e-37 3.36428e-37 6.19107e-37 3.36428e-37 6.19107e-37 3.36428e-37 
293.765 6.35904e-37 3.45883e-37 6.35904e-37 3.45883e-37 6.35904e-37 3.45883e-37 
301.995 6.53151e-37 3.55603e-37 6.53151e-37 3.55603e-37 6.53151e-37 3.55603e-37 
310.456 6.70864e-37 3.65595e-37 6.70864e-37 3.65595e-37 6.70864e-37 3.65595e-37 
319.154 6.89054e-37 3.75868e-37 6.89054e-37 3.75868e-37 6.89054e-37 3.75868e-37 
328.095 7.07733e-37 3.86427e-37 7.07733e-37 3.86427e-37 7.07733e-37 3.86427e-37 
337.287 7.26913e-37 3.97283e-37 7.26913e-37 3.97283e-37 7.26913e-37 3.97283e-37 
346.737 7.46615e-37 4.08442e-37 7.46615e-37 4.08442e-37 7.46615e-37 4.08442e-37 
356.451 7.66836e-37 4.19913e-37 7.66836e-37 4.19913e-37 7.66836e-37 4.19913e-37 
366.438 7.87605e-37 4.31704e-37 7.87605e-37 4.31704e-37 7.87605e-37 4.31704e-37 
376.704 8.0893e-37 4.43826e-37 8.0893e-37 4.43826e-37 8.0893e-37 4.43826e-37 
387.258 8.30825e-37 4.56285e-37 8.30825e-37 4.56285e-37 8.30825e-37 4.56285e-37 
398.107 8.53309e-37 4.69093e-37 8.53309e-37 4.69093e-37 8.53309e-37 4.69093e-37 
409.261 8.76392e-37 4.82258e-37 8.76392e-37 4.82258e-37 8.76392e-37 4.82258e-37 
420.727 9.00094e-37 4.9579e-37 9.00094e-37 4.9579e-37 9.00094e-37 4.9579e-37 
432.514 9.2443e-37 5.097e-37 9.2443e-37 5.097e-37 9.2443e-37 5.097e-37 
444.631 9.49414e-37 5.23998e-37 9.49414e-37 5.23998e-37 9.49414e-37 5.23998e-37 
457.088 9.75066e-37 5.38693e-37 9.75066e-37 5.38693e-37 9.75066e-37 5.38693e-37 
469.894 1.0014e-36 5.53798e-37 1.0014e-36 5.53798e-37 1.0014e-36 5.53798e-37 
483.059 1.02844e-36 5.69323e-37 1.02844e-36 5.69323e-37 1.02844e-36 5.69323e-37 
496.592 1.05619e-36 5.8528e-37 1.05619e-36 5.8528e-37 1.05619e-36 5.8528e-37 
510.505 1.08468e-36 6.01681e-37 1.08468e-36 6.01681e-37 1.08468e-36 6.01681e-37 
524.807 1.11393e-36 6.18538e-37 1.11393e-36 6.18538e-37 1.11393e-36 6.18538e-37 
539.511 1.14396e-36 6.35862e-37 1.14396e-36 6.35862e-37 1.14396e-36 6.35862e-37 
554.626 1.17478e-36 6.53667e-37 1.17478e-36 6.53667e-37 1.17478e-36 6.53667e-37 
570.164 1.20642e-36 6.71968e-37 1.20642e-36 6.71968e-37 1.20642e-36 6.71968e-37 
586.138 1.23889e-36 6.90773e-37 1.23889e-36 6.90773e-37 1.23889e-36 6.90773e-37 
602.56 1.27222e-36 7.101e-37 1.27222e-36 7.101e-37 1.27222e-36 7.101e-37 
619.441 1.30643e-36 7.29963e-37 1.30643e-36 7.29963e-37 1.30643e-36 7.29963e-37 
636.796 1.34154e-36 7.50375e-37 1.34154e-36 7.50375e-37 1.34154e-36 7.50375e-37 
654.636 1.37758e-36 7.71351e-37 1.37758e-36 7.71351e-37 1.37758e-36 7.71351e-37 
672.977 1.41457e-36 7.92908e-37 1.41457e-36 7.92908e-37 1.41457e-36 7.92908e-37 
691.831 1.45252e-36 8.15058e-37 1.45252e-36 8.15058e-37 1.45252e-36 8.15058e-37 
711.214 1.49147e-36 8.37821e-37 1.49147e-36 8.37821e-37 1.49147e-36 8.37821e-37 
731.139 1.53144e-36 8.6121e-37 1.53144e-36 8.6121e-37 1.53144e-36 8.6121e-37 
751.623 1.57246e-36 8.85246e-37 1.57246e-36 8.85246e-37 1.57246e-36 8.85246e-37 
772.681 1.61455e-36 9.09941e-37 1.61455e-36 9.09941e-37 1.61455e-36 9.09941e-37 
794.328 1.65773e-36 9.35314e-37 1.65773e-36 9.35314e-37 1.65773e-36 9.35314e-37 
816.582 1.70205e-36 9.61386e-37 1.70205e-36 9.61386e-37 1.70205e-36 9.61386e-37 
839.46 1.74751e-36 9.88174e-37 1.74751e-36 9.88174e-37 1.74751e-36 9.88174e-37 
862.979 1.79415e-36 1.0157e-36 1.79415e-36 1.0157e-36 1.79415e-36 1.0157e-36 
887.156 1.842e-36 1.04397e-36 1.842e-36 1.04397e-36 1.842e-36 1.04397e-36 
912.011 1.89109e-36 1.07303e-36 1.89109e-36 1.07303e-36 1.89109e-36 1.07303e-36 
937.562 1.94145e-36 1.10287e-36 1.94145e-36 1.10287e-36 1.94145e-36 1.10287e-36 
963.829 1.99311e-36 1.13353e-36 1.99311e-36 1.13353e-36 1.99311e-36 1.13353e-36 
990.832 2.0461e-36 1.16503e-36 2.0461e-36 1.16503e-36 2.0461e-36 1.16503e-36 
1018.59 2.10045e-36 1.19739e-36 2.10045e-36 1.19739e-36 2.10045e-36 1.19739e-36 
1047.13 2.1562e-36 1.23063e-36 2.1562e-36 1.23063e-36 2.1562e-36 1.23063e-36 
1076.47 2.21338e-36 1.26477e-36 2.21338e-36 1.26477e-36 2.21338e-36 1.26477e-36 
1106.62 2.27201e-36 1.29985e-36 2.27201e-36 1.29985e-36 2.27201e-36 1.29985e-36 
1137.63 2.33215e-36 1.33587e-36 2.33215e-36 1.33587e-36 2.33215e-36 1.33587e-36 
1169.5 2.39382e-36 1.37287e-36 2.39382e-36 1.37287e-36 2.39382e-36 1.37287e-36 
1202.26 2.45705e-36 1.41088e-36 2.45705e-36 1.41088e-36 2.45705e-36 1.41088e-36 
1235.95 2.52189e-36 1.44991e-36 2.52189e-36 1.44991e-36 2.52189e-36 1.44991e-36 
1270.57 2.58837e-36 1.49e-36 2.58837e-36 1.49e-36 2.58837e-36 1.49e-36 
1306.17 2.65653e-36 1.53118e-36 2.65653e-36 1.53118e-36 2.65653e-36 1.53118e-36 
1342.76 2.7264e-36 1.57346e-36 2.7264e-36 1.57346e-36 2.7264e-36 1.57346e-36 
1380.38 2.79804e-36 1.61688e-36 2.79804e-36 1.61688e-36 2.79804e-36 1.61688e-36 
1419.06 2.87147e-36 1.66147e-36 2.87147e-36 1.66147e-36 2.87147e-36 1.66147e-36 
1458.81 2.94674e-36 1.70725e-36 2.94674e-36 1.70725e-36 2.94674e-36 1.70725e-36 
1499.68 3.0239e-36 1.75427e-36 3.0239e-36 1.75427e-36 3.0239e-36 1.75427e-36 
1541.7 3.10295e-36 1.80254e-36 3.10295e-36 1.80254e-36 3.10295e-36 1.80254e-36 
1584.89 3.18401e-36 1.8521e-36 3.18401e-36 1.8521e-36 3.18401e-36 1.8521e-36 
1629.3 3.26705e-36 1.90299e-36 3.26705e-36 1.90299e-36 3.26705e-36 1.90299e-36 
1674.94 3.35215e-36 1.95524e-36 3.35215e-36 1.95524e-36 3.35215e-36 1.95524e-36 
1721.87 3.43935e-36 2.00887e-36 3.43935e-36 2.00887e-36 3.43935e-36 2.00887e-36 
1770.11 3.5287e-36 2.06393e-36 3.5287e-36 2.06393e-36 3.5287e-36 2.06393e-36 
1819.7 3.62023e-36 2.12046e-36 3.62023e-36 2.12046e-36 3.62023e-36 2.12046e-36 
1870.68 3.71401e-36 2.17848e-36 3.71401e-36 2.17848e-36 3.71401e-36 2.17848e-36 
1923.09 3.81007e-36 2.23803e-36 3.81007e-36 2.23803e-36 3.81007e-36 2.23803e-36 
1976.97 3.90847e-36 2.29916e-36 3.90847e-36 2.29916e-36 3.90847e-36 2.29916e-36 
2032.36 4.00925e-36 2.3619e-36 4.00925e-36 2.3619e-36 4.00925e-36 2.3619e-36 
2089.3 4.11247e-36 2.42629e-36 4.11247e-36 2.42629e-36 4.11247e-36 2.42629e-36 
2147.83 4.2182e-36 2.49237e-36 4.2182e-36 2.49237e-36 4.2182e-36 2.49237e-36 
2208 4.32644e-36 2.56018e-36 4.32644e-36 2.56018e-36 4.32644e-36 2.56018e-36 
2269.86 4.43726e-36 2.62978e-36 4.43726e-36 2.62978e-36 4.43726e-36 2.62978e-36 
2333.46 4.55074e-36 2.70118e-36 4.55074e-36 2.70118e-36 4.55074e-36 2.70118e-36 
2398.83 4.66692e-36 2.77445e-36 4.66692e-36 2.77445e-36 4.66692e-36 2.77445e-36 
2466.04 4.78587e-36 2.84962e-36 4.78587e-36 2.84962e-36 4.78587e-36 2.84962e-36 
2535.13 4.90762e-36 2.92675e-36 4.90762e-36 2.92675e-36 4.90762e-36 2.92675e-36 
2606.15 5.03223e-36 3.00588e-36 5.03223e-36 3.00588e-36 5.03223e-36 3.00588e-36 
2679.17 5.15977e-36 3.08704e-36 5.15977e-36 3.08704e-36 5.15977e-36 3.08704e-36 
2754.23 5.29029e-36 3.17031e-36 5.29029e-36 3.17031e-36 5.29029e-36 3.17031e-36 
2831.39 5.42384e-36 3.25572e-36 5.42384e-36 3.25572e-36 5.42384e-36 3.25572e-36 
2910.72 5.56049e-36 3.34332e-36 5.56049e-36 3.34332e-36 5.56049e-36 3.34332e-36 
2992.26 5.70034e-36 3.43317e-36 5.70034e-36 3.43317e-36 5.70034e-36 3.43317e-36 
3076.1 5.84337e-36 3.52532e-36 5.84337e-36 3.52532e-36 5.84337e-36 3.52532e-36 
3162.28 5.98969e-36 3.61981e-36 5.98969e-36 3.61981e-36 5.98969e-36 3.61981e-36 
3250.87 6.13937e-36 3.71672e-36 6.13937e-36 3.71672e-36 6.13937e-36 3.71672e-36 
3341.95 6.29244e-36 3.81608e-36 6.29244e-36 3.81608e-36 6.29244e-36 3.81608e-36 
3435.58 6.44898e-36 3.91796e-36 6.44898e-36 3.91796e-36 6.44898e-36 3.91796e-36 
3531.83 6.60906e-36 4.02241e-36 6.60906e-36 4.02241e-36 6.60906e-36 4.02241e-36 
3630.78 6.77272e-36 4.12949e-36 6.77272e-36 4.12949e-36 6.77272e-36 4.12949e-36 
3732.5 6.94006e-36 4.23926e-36 6.94006e-36 4.23926e-36 6.94006e-36 4.23926e-36 
3837.07 7.11114e-36 4.35179e-36 7.11114e-36 4.35179e-36 7.11114e-36 4.35179e-36 
3944.57 7.286e-36 4.46713e-36 7.286e-36 4.46713e-36 7.286e-36 4.46713e-36 
4055.09 7.46472e-36 4.58535e-36 7.46472e-36 4.58535e-36 7.46472e-36 4.58535e-36 
4168.69 7.64738e-36 4.7065e-36 7.64738e-36 4.7065e-36 7.64738e-36 4.7065e-36 
4285.49 7.83403e-36 4.83066e-36 7.83403e-36 4.83066e-36 7.83403e-36 4.83066e-36 
4405.55 8.02476e-36 4.95789e-36 8.02476e-36 4.95789e-36 8.02476e-36 4.95789e-36 
4528.98 8.21961e-36 5.08825e-36 8.21961e-36 5.08825e-36 8.21961e-36 5.08825e-36 
4655.86 8.41867e-36 5.22182e-36 8.41867e-36 5.22182e-36 8.41867e-36 5.22182e-36 
4786.3 8.62201e-36 5.35866e-36 8.62201e-36 5.35866e-36 8.62201e-36 5.35866e-36 
4920.4 8.8297e-36 5.49885e-36 8.8297e-36 5.49885e-36 8.8297e-36 5.49885e-36 
5058.25 9.04181e-36 5.64245e-36 9.04181e-36 5.64245e-36 9.04181e-36 5.64245e-36 
5199.96 9.25843e-36 5.78954e-36 9.25843e-36 5.78954e-36 9.25843e-36 5.78954e-36 
5345.64 9.47956e-36 5.94018e-36 9.47956e-36 5.94018e-36 9.47956e-36 5.94018e-36 
5495.41 9.70536e-36 6.09447e-36 9.70536e-36 6.09447e-36 9.70536e-36 6.09447e-36 
5649.37 9.93586e-36 6.25246e-36 9.93586e-36 6.25246e-36 9.93586e-36 6.25246e-36 
5807.64 1.01712e-35 6.41424e-36 1.01712e-35 6.41424e-36 1.01712e-35 6.41424e-36 
5970.35 1.04113e-35 6.57987e-36 1.04113e-35 6.57987e-36 1.04113e-35 6.57987e-36 
6137.62 1.06564e-35 6.74946e-36 1.06564e-35 6.74946e-36 1.06564e-35 6.74946e-36 
6309.57 1.09064e-35 6.92308e-36 1.09064e-35 6.92308e-36 1.09064e-35 6.92308e-36 
6486.34 1.11616e-35 7.10079e-36 1.11616e-35 7.10079e-36 1.11616e-35 7.10079e-36 
6668.07 1.14219e-35 7.2827e-36 1.14219e-35 7.2827e-36 1.14219e-35 7.2827e-36 
6854.88 1.16874e-35 7.46887e-36 1.16874e-35 7.46887e-36 1.16874e-35 7.46887e-36 
7046.93 1.19583e-35 7.6594e-36 1.19583e-35 7.6594e-36 1.19583e-35 7.6594e-36 
7244.36 1.22345e-35 7.85438e-36 1.22345e-35 7.85438e-36 1.22345e-35 7.85438e-36 
7447.32 1.25162e-35 8.05388e-36 1.25162e-35 8.05388e-36 1.25162e-35 8.05388e-36 
7655.97 1.28034e-35 8.25801e-36 1.28034e-35 8.25801e-36 1.28034e-35 8.25801e-36 
7870.46 1.30962e-35 8.46682e-36 1.30962e-35 8.46682e-36 1.30962e-35 8.46682e-36 
8090.96 1.33948e-35 8.68043e-36 1.33948e-35 8.68043e-36 1.33948e-35 8.68043e-36 
8317.64 1.36991e-35 8.89893e-36 1.36991e-35 8.89893e-36 1.36991e-35 8.89893e-36 
8550.67 1.40092e-35 9.12242e-36 1.40092e-35 9.12242e-36 1.40092e-35 9.12242e-36 
8790.23 1.43253e-35 9.35101e-36 1.43253e-35 9.35101e-36 1.43253e-35 9.35101e-36 
9036.49 1.46474e-35 9.58471e-36 1.46474e-35 9.58471e-36 1.46474e-35 9.58471e-36 
9289.66 1.49755e-35 9.8237e-36 1.49755e-35 9.8237e-36 1.49755e-35 9.8237e-36 
9549.93 1.53098e-35 1.00681e-35 1.53098e-35 1.00681e-35 1.53098e-35 1.00681e-35 
9817.48 1.56504e-35 1.03178e-35 1.56504e-35 1.03178e-35 1.56504e-35 1.03178e-35 
10092.5 1.59973e-35 1.05732e-35 1.59973e-35 1.05732e-35 1.59973e-35 1.05732e-35 
10375.3 1.63506e-35 1.08342e-35 1.63506e-35 1.08342e-35 1.63506e-35 1.08342e-35 
10666 1.67103e-35 1.1101e-35 1.67103e-35 1.1101e-35 1.67103e-35 1.1101e-35 
10964.8 1.70767e-35 1.13737e-35 1.70767e-35 1.13737e-35 1.70767e-35 1.13737e-35 
11272 1.74497e-35 1.16522e-35 1.74497e-35 1.16522e-35 1.74497e-35 1.16522e-35 
11587.8 1.78293e-35 1.19369e-35 1.78293e-35 1.19369e-35 1.78293e-35 1.19369e-35 
11912.4 1.82159e-35 1.22277e-35 1.82159e-35 1.22277e-35 1.82159e-35 1.22277e-35 
12246.2 1.86092e-35 1.25249e-35 1.86092e-35 1.25249e-35 1.86092e-35 1.25249e-35 
12589.3 1.90096e-35 1.28284e-35 1.90096e-35 1.28284e-35 1.90096e-35 1.28284e-35 
12942 1.9417e-35 1.31383e-35 1.9417e-35 1.31383e-35 1.9417e-35 1.31383e-35 
13304.5 1.98315e-35 1.34549e-35 1.98315e-35 1.34549e-35 1.98315e-35 1.34549e-35 
13677.3 2.02532e-35 1.37783e-35 2.02532e-35 1.37783e-35 2.02532e-35 1.37783e-35 
14060.5 2.06823e-35 1.41084e-35 2.06823e-35 1.41084e-35 2.06823e-35 1.41084e-35 
14454.4 2.11187e-35 1.44455e-35 2.11187e-35 1.44455e-35 2.11187e-35 1.44455e-35 
14859.4 2.15626e-35 1.47896e-35 2.15626e-35 1.47896e-35 2.15626e-35 1.47896e-35 
15275.7 2.2014e-35 1.51409e-35 2.2014e-35 1.51409e-35 2.2014e-35 1.51409e-35 
15703.6 2.2473e-35 1.54995e-35 2.2473e-35 1.54995e-35 2.2473e-35 1.54995e-35 
16143.6 2.29398e-35 1.58655e-35 2.29398e-35 1.58655e-35 2.29398e-35 1.58655e-35 
16595.9 2.34144e-35 1.6239e-35 2.34144e-35 1.6239e-35 2.34144e-35 1.6239e-35 
17060.8 2.38968e-35 1.66201e-35 2.38968e-35 1.66201e-35 2.38968e-35 1.66201e-35 
17538.8 2.43873e-35 1.7009e-35 2.43873e-35 1.7009e-35 2.43873e-35 1.7009e-35 
18030.2 2.48857e-35 1.74057e-35 2.48857e-35 1.74057e-35 2.48857e-35 1.74057e-35 
18535.3 2.53923e-35 1.78104e-35 2.53923e-35 1.78104e-35 2.53923e-35 1.78104e-35 
19054.6 2.59072e-35 1.82233e-35 2.59072e-35 1.82233e-35 2.59072e-35 1.82233e-35 
19588.4 2.64303e-35 1.86444e-35 2.64303e-35 1.86444e-35 2.64303e-35 1.86444e-35 
20137.2 2.69619e-35 1.90738e-35 2.69619e-35 1.90738e-35 2.69619e-35 1.90738e-35 
20701.4 2.7502e-35 1.95118e-35 2.7502e-35 1.95118e-35 2.7502e-35 1.95118e-35 
21281.4 2.80505e-35 1.99583e-35 2.80505e-35 1.99583e-35 2.80505e-35 1.99583e-35 
21877.6 2.86079e-35 2.04136e-35 2.86079e-35 2.04136e-35 2.86079e-35 2.04136e-35 
22490.5 2.9174e-35 2.08778e-35 2.9174e-35 2.08778e-35 2.9174e-35 2.08778e-35 
23120.6 2.97489e-35 2.1351e-35 2.97489e-35 2.1351e-35 2.97489e-35 2.1351e-35 
23768.4 3.03328e-35 2.18332e-35 3.03328e-35 2.18332e-35 3.03328e-35 2.18332e-35 
24434.3 3.09257e-35 2.23248e-35 3.09257e-35 2.23248e-35 3.09257e-35 2.23248e-35 
25118.9 3.15278e-35 2.28256e-35 3.15278e-35 2.28256e-35 3.15278e-35 2.28256e-35 
25822.6 3.2139e-35 2.33361e-35 3.2139e-35 2.33361e-35 3.2139e-35 2.33361e-35 
26546.1 3.27596e-35 2.38562e-35 3.27596e-35 2.38562e-35 3.27596e-35 2.38562e-35 
27289.8 3.33897e-35 2.4386e-35 3.33897e-35 2.4386e-35 3.33897e-35 2.4386e-35 
28054.3 3.40292e-35 2.49258e-35 3.40292e-35 2.49258e-35 3.40292e-35 2.49258e-35 
28840.3 3.46783e-35 2.54756e-35 3.46783e-35 2.54756e-35 3.46783e-35 2.54756e-35 
29648.3 3.53372e-35 2.60356e-35 3.53372e-35 2.60356e-35 3.53372e-35 2.60356e-35 
30478.9 3.60058e-35 2.6606e-35 3.60058e-35 2.6606e-35 3.60058e-35 2.6606e-35 
31332.9 3.66844e-35 2.71868e-35 3.66844e-35 2.71868e-35 3.66844e-35 2.71868e-35 
32210.7 3.73729e-35 2.77782e-35 3.73729e-35 2.77782e-35 3.73729e-35 2.77782e-35 
33113.1 3.80716e-35 2.83804e-35 3.80716e-35 2.83804e-35 3.80716e-35 2.83804e-35 
34040.8 3.87805e-35 2.89933e-35 3.87805e-35 2.89933e-35 3.87805e-35 2.89933e-35 
34994.5 3.94998e-35 2.96174e-35 3.94998e-35 2.96174e-35 3.94998e-35 2.96174e-35 
35974.9 4.02294e-35 3.02526e-35 4.02294e-35 3.02526e-35 4.02294e-35 3.02526e-35 
36982.8 4.09696e-35 3.08992e-35 4.09696e-35 3.08992e-35 4.09696e-35 3.08992e-35 
38018.9 4.17205e-35 3.15572e-35 4.17205e-35 3.15572e-35 4.17205e-35 3.15572e-35 
39084.1 4.24821e-35 3.22267e-35 4.24821e-35 3.22267e-35 4.24821e-35 3.22267e-35 
40179.1 4.32546e-35 3.29081e-35 4.32546e-35 3.29081e-35 4.32546e-35 3.29081e-35 
41304.8 4.4038e-35 3.36012e-35 4.4038e-35 3.36012e-35 4.4038e-35 3.36012e-35 
42462 4.48326e-35 3.43065e-35 4.48326e-35 3.43065e-35 4.48326e-35 3.43065e-35 
43651.6 4.56383e-35 3.50239e-35 4.56383e-35 3.50239e-35 4.56383e-35 3.50239e-35 
44874.5 4.64554e-35 3.57537e-35 4.64554e-35 3.57537e-35 4.64554e-35 3.57537e-35 
46131.8 4.72839e-35 3.6496e-35 4.72839e-35 3.6496e-35 4.72839e-35 3.6496e-35 
47424.2 4.8124e-35 3.72509e-35 4.8124e-35 3.72509e-35 4.8124e-35 3.72509e-35 
48752.8 4.89758e-35 3.80186e-35 4.89758e-35 3.80186e-35 4.89758e-35 3.80186e-35 
50118.7 4.98393e-35 3.87992e-35 4.98393e-35 3.87992e-35 4.98393e-35 3.87992e-35 
51522.9 5.07149e-35 3.9593e-35 5.07149e-35 3.9593e-35 5.07149e-35 3.9593e-35 
52966.3 5.16025e-35 4.04001e-35 5.16025e-35 4.04001e-35 5.16025e-35 4.04001e-35 
54450.3 5.25023e-35 4.12205e-35 5.25023e-35 4.12205e-35 5.25023e-35 4.12205e-35 
55975.8 5.34143e-35 4.20544e-35 5.34143e-35 4.20544e-35 5.34143e-35 4.20544e-35 
57544 5.43389e-35 4.29021e-35 5.43389e-35 4.29021e-35 5.43389e-35 4.29021e-35 
59156.2 5.52759e-35 4.37637e-35 5.52759e-35 4.37637e-35 5.52759e-35 4.37637e-35 
60813.5 5.62259e-35 4.46394e-35 5.62259e-35 4.46394e-35 5.62259e-35 4.46394e-35 
62517.3 5.71886e-35 4.55292e-35 5.71886e-35 4.55292e-35 5.71886e-35 4.55292e-35 
64268.8 5.81643e-35 4.64335e-35 5.81643e-35 4.64335e-35 5.81643e-35 4.64335e-35 
66069.3 5.91532e-35 4.73522e-35 5.91532e-35 4.73522e-35 5.91532e-35 4.73522e-35 
67920.4 6.01554e-35 4.82857e-35 6.01554e-35 4.82857e-35 6.01554e-35 4.82857e-35 
69823.2 6.1171e-35 4.9234e-35 6.1171e-35 4.9234e-35 6.1171e-35 4.9234e-35 
71779.4 6.22002e-35 5.01974e-35 6.22002e-35 5.01974e-35 6.22002e-35 5.01974e-35 
73790.4 6.3243e-35 5.1176e-35 6.3243e-35 5.1176e-35 6.3243e-35 5.1176e-35 
75857.8 6.42998e-35 5.217e-35 6.42998e-35 5.217e-35 6.42998e-35 5.217e-35 
77983 6.53706e-35 5.31795e-35 6.53706e-35 5.31795e-35 6.53706e-35 5.31795e-35 
80167.8 6.64556e-35 5.42047e-35 6.64556e-35 5.42047e-35 6.64556e-35 5.42047e-35 
82413.8 6.75549e-35 5.52458e-35 6.75549e-35 5.52458e-35 6.75549e-35 5.52458e-35 
84722.7 6.86685e-35 5.6303e-35 6.86685e-35 5.6303e-35 6.86685e-35 5.6303e-35 
87096.4 6.97973e-35 5.73765e-35 6.97973e-35 5.73765e-35 6.97973e-35 5.73765e-35 
89536.5 7.09406e-35 5.84663e-35 7.09406e-35 5.84663e-35 7.09406e-35 5.84663e-35 
92045 7.20989e-35 5.95728e-35 7.20989e-35 5.95728e-35 7.20989e-35 5.95728e-35 
94623.7 7.32724e-35 6.06961e-35 7.32724e-35 6.06961e-35 7.32724e-35 6.06961e-35 
97274.7 7.44613e-35 6.18363e-35 7.44613e-35 6.18363e-35 7.44613e-35 6.18363e-35 
100000 7.56656e-35 6.29936e-35 7.56656e-35 6.29936e-35 7.56656e-35 6.29936e-35 
102802 7.68857e-35 6.41684e-35 7.68857e-35 6.41684e-35 7.68857e-35 6.41684e-35 
105682 7.81216e-35 6.53606e-35 7.81216e-35 6.53606e-35 7.81216e-35 6.53606e-35 
108643 7.93736e-35 6.65706e-35 7.93736e-35 6.65706e-35 7.93736e-35 6.65706e-35 
111686 8.06419e-35 6.77985e-35 8.06419e-35 6.77985e-35 8.06419e-35 6.77985e-35 
114815 8.19264e-35 6.90443e-35 8.19264e-35 6.90443e-35 8.19264e-35 6.90443e-35 
118032 8.32277e-35 7.03085e-35 8.32277e-35 7.03085e-35 8.32277e-35 7.03085e-35 
121339 8.45457e-35 7.15912e-35 8.45457e-35 7.15912e-35 8.45457e-35 7.15912e-35 
124738 8.58807e-35 7.28926e-35 8.58807e-35 7.28926e-35 8.58807e-35 7.28926e-35 
128233 8.7233e-35 7.42128e-35 8.7233e-35 7.42128e-35 8.7233e-35 7.42128e-35 
131826 8.86026e-35 7.55521e-35 8.86026e-35 7.55521e-35 8.86026e-35 7.55521e-35 
135519 8.99897e-35 7.69108e-35 8.99897e-35 7.69108e-35 8.99897e-35 7.69108e-35 
139316 9.13947e-35 7.82889e-35 9.13947e-35 7.82889e-35 9.13947e-35 7.82889e-35 
143219 9.28177e-35 7.96866e-35 9.28177e-35 7.96866e-35 9.28177e-35 7.96866e-35 
147231 9.42589e-35 8.11042e-35 9.42589e-35 8.11042e-35 9.42589e-35 8.11042e-35 
151356 9.57184e-35 8.25419e-35 9.57184e-35 8.25419e-35 9.57184e-35 8.25419e-35 
155597 9.71968e-35 8.4e-35 9.71968e-35 8.4e-35 9.71968e-35 8.4e-35 
159956 9.86936e-35 8.54785e-35 9.86936e-35 8.54785e-35 9.86936e-35 8.54785e-35 
164437 1.0021e-34 8.69778e-35 1.0021e-34 8.69778e-35 1.0021e-34 8.69778e-35 
169044 1.01745e-34 8.84981e-35 1.01745e-34 8.84981e-35 1.01745e-34 8.84981e-35 
173780 1.033e-34 9.00394e-35 1.033e-34 9.00394e-35 1.033e-34 9.00394e-35 
178649 1.04875e-34 9.16022e-35 1.04875e-34 9.16022e-35 1.04875e-34 9.16022e-35 
183654 1.0647e-34 9.31866e-35 1.0647e-34 9.31866e-35 1.0647e-34 9.31866e-35 
188799 1.08085e-34 9.47931e-35 1.08085e-34 9.47931e-35 1.08085e-34 9.47931e-35 
194089 1.0972e-34 9.64212e-35 1.0972e-34 9.64212e-35 1.0972e-34 9.64212e-35 
199526 1.11376e-34 9.80719e-35 1.11376e-34 9.80719e-35 1.11376e-34 9.80719e-35 
205116 1.13053e-34 9.9745e-35 1.13053e-34 9.9745e-35 1.13053e-34 9.9745e-35 
210863 1.14751e-34 1.01441e-34 1.14751e-34 1.01441e-34 1.14751e-34 1.01441e-34 
216770 1.1647e-34 1.0316e-34 1.1647e-34 1.0316e-34 1.1647e-34 1.0316e-34 
222844 1.18211e-34 1.04902e-34 1.18211e-34 1.04902e-34 1.18211e-34 1.04902e-34 
229087 1.19974e-34 1.06668e-34 1.19974e-34 1.06668e-34 1.19974e-34 1.06668e-34 
235505 1.2176e-34 1.08457e-34 1.2176e-34 1.08457e-34 1.2176e-34 1.08457e-34 
242103 1.23567e-34 1.1027e-34 1.23567e-34 1.1027e-34 1.23567e-34 1.1027e-34 
248886 1.25398e-34 1.12108e-34 1.25398e-34 1.12108e-34 1.25398e-34 1.12108e-34 
255859 1.27251e-34 1.1397e-34 1.27251e-34 1.1397e-34 1.27251e-34 1.1397e-34 
263027 1.29128e-34 1.15856e-34 1.29128e-34 1.15856e-34 1.29128e-34 1.15856e-34 
270396 1.31027e-34 1.17768e-34 1.31027e-34 1.17768e-34 1.31027e-34 1.17768e-34 
277971 1.32951e-34 1.19705e-34 1.32951e-34 1.19705e-34 1.32951e-34 1.19705e-34 
285759 1.34899e-34 1.21667e-34 1.34899e-34 1.21667e-34 1.34899e-34 1.21667e-34 
293765 1.36871e-34 1.23655e-34 1.36871e-34 1.23655e-34 1.36871e-34 1.23655e-34 
301995 1.38868e-34 1.25669e-34 1.38868e-34 1.25669e-34 1.38868e-34 1.25669e-34 
310456 1.40889e-34 1.2771e-34 1.40889e-34 1.2771e-34 1.40889e-34 1.2771e-34 
319154 1.42936e-34 1.29777e-34 1.42936e-34 1.29777e-34 1.42936e-34 1.29777e-34 
328095 1.45008e-34 1.3187e-34 1.45008e-34 1.3187e-34 1.45008e-34 1.3187e-34 
337287 1.47106e-34 1.33991e-34 1.47106e-34 1.33991e-34 1.47106e-34 1.33991e-34 
346737 1.4923e-34 1.36139e-34 1.4923e-34 1.36139e-34 1.4923e-34 1.36139e-34 
356451 1.51381e-34 1.38315e-34 1.51381e-34 1.38315e-34 1.51381e-34 1.38315e-34 
366438 1.53558e-34 1.40519e-34 1.53558e-34 1.40519e-34 1.53558e-34 1.40519e-34 
376704 1.55762e-34 1.42751e-34 1.55762e-34 1.42751e-34 1.55762e-34 1.42751e-34 
387258 1.57993e-34 1.45011e-34 1.57993e-34 1.45011e-34 1.57993e-34 1.45011e-34 
398107 1.60252e-34 1.47301e-34 1.60252e-34 1.47301e-34 1.60252e-34 1.47301e-34 
409261 1.62539e-34 1.49619e-34 1.62539e-34 1.49619e-34 1.62539e-34 1.49619e-34 
420727 1.64854e-34 1.51967e-34 1.64854e-34 1.51967e-34 1.64854e-34 1.51967e-34 
432514 1.67197e-34 1.54345e-34 1.67197e-34 1.54345e-34 1.67197e-34 1.54345e-34 
444631 1.6957e-34 1.56752e-34 1.6957e-34 1.56752e-34 1.6957e-34 1.56752e-34 
457088 1.71971e-34 1.5919e-34 1.71971e-34 1.5919e-34 1.71971e-34 1.5919e-34 
469894 1.74402e-34 1.61659e-34 1.74402e-34 1.61659e-34 1.74402e-34 1.61659e-34 
483059 1.76863e-34 1.64158e-34 1.76863e-34 1.64158e-34 1.76863e-34 1.64158e-34 
496592 1.79354e-34 1.66689e-34 1.79354e-34 1.66689e-34 1.79354e-34 1.66689e-34 
510505 1.81876e-34 1.69251e-34 1.81876e-34 1.69251e-34 1.81876e-34 1.69251e-34 
524807 1.84429e-34 1.71846e-34 1.84429e-34 1.71846e-34 1.84429e-34 1.71846e-34 
539511 1.87013e-34 1.74472e-34 1.87013e-34 1.74472e-34 1.87013e-34 1.74472e-34 
554626 1.89628e-34 1.77131e-34 1.89628e-34 1.77131e-34 1.89628e-34 1.77131e-34 
570164 1.92275e-34 1.79823e-34 1.92275e-34 1.79823e-34 1.92275e-34 1.79823e-34 
586138 1.94955e-34 1.82548e-34 1.94955e-34 1.82548e-34 1.94955e-34 1.82548e-34 
602560 1.97667e-34 1.85307e-34 1.97667e-34 1.85307e-34 1.97667e-34 1.85307e-34 
619441 2.00413e-34 1.881e-34 2.00413e-34 1.881e-34 2.00413e-34 1.881e-34 
636796 2.03191e-34 1.90927e-34 2.03191e-34 1.90927e-34 2.03191e-34 1.90927e-34 
654636 2.06004e-34 1.93789e-34 2.06004e-34 1.93789e-34 2.06004e-34 1.93789e-34 
672977 2.08851e-34 1.96685e-34 2.08851e-34 1.96685e-34 2.08851e-34 1.96685e-34 
691831 2.11732e-34 1.99617e-34 2.11732e-34 1.99617e-34 2.11732e-34 1.99617e-34 
711214 2.14648e-34 2.02585e-34 2.14648e-34 2.02585e-34 2.14648e-34 2.02585e-34 
731139 2.17599e-34 2.05588e-34 2.17599e-34 2.05588e-34 2.17599e-34 2.05588e-34 
751623 2.20586e-34 2.08628e-34 2.20586e-34 2.08628e-34 2.20586e-34 2.08628e-34 
772681 2.23609e-34 2.11705e-34 2.23609e-34 2.11705e-34 2.23609e-34 2.11705e-34 
794328 2.26669e-34 2.1482e-34 2.26669e-34 2.1482e-34 2.26669e-34 2.1482e-34 
816582 2.29765e-34 2.17971e-34 2.29765e-34 2.17971e-34 2.29765e-34 2.17971e-34 
839460 2.32901e-34 2.21161e-34 2.32901e-34 2.21161e-34 2.32901e-34 2.21161e-34 
862979 2.3607e-34 2.24389e-34 2.3607e-34 2.24389e-34 2.3607e-34 2.24389e-34 
887156 2.3928e-34 2.27655e-34 2.3928e-34 2.27655e-34 2.3928e-34 2.27655e-34 
912011 2.42528e-34 2.30961e-34 2.42528e-34 2.30961e-34 2.42528e-34 2.30961e-34 
937562 2.45815e-34 2.34306e-34 2.45815e-34 2.34306e-34 2.45815e-34 2.34306e-34 
963829 2.49141e-34 2.37691e-34 2.49141e-34 2.37691e-34 2.49141e-34 2.37691e-34 
990832 2.52507e-34 2.41117e-34 2.52507e-34 2.41117e-34 2.52507e-34 2.41117e-34 
1.01859e+06 2.55913e-34 2.44583e-34 2.55913e-34 2.44583e-34 2.55913e-34 2.44583e-34 
1.04713e+06 2.5936e-34 2.4809e-34 2.5936e-34 2.4809e-34 2.5936e-34 2.4809e-34 
1.07647e+06 2.62848e-34 2.51639e-34 2.62848e-34 2.51639e-34 2.62848e-34 2.51639e-34 
1.10662e+06 2.66377e-34 2.5523e-34 2.66377e-34 2.5523e-34 2.66377e-34 2.5523e-34 
1.13763e+06 2.69948e-34 2.58863e-34 2.69948e-34 2.58863e-34 2.69948e-34 2.58863e-34 
1.1695e+06 2.73562e-34 2.62539e-34 2.73562e-34 2.62539e-34 2.73562e-34 2.62539e-34 
1.20226e+06 2.77219e-34 2.66259e-34 2.77219e-34 2.66259e-34 2.77219e-34 2.66259e-34 
1.23595e+06 2.80918e-34 2.70022e-34 2.80918e-34 2.70022e-34 2.80918e-34 2.70022e-34 
1.27057e+06 2.84662e-34 2.73829e-34 2.84662e-34 2.73829e-34 2.84662e-34 2.73829e-34 
1.30617e+06 2.8845e-34 2.77684e-34 2.8845e-34 2.77684e-34 2.8845e-34 2.77684e-34 
1.34276e+06 2.92282e-34 2.81578e-34 2.92282e-34 2.81578e-34 2.92282e-34 2.81578e-34 
1.38038e+06 2.9616e-34 2.8552e-34 2.9616e-34 2.8552e-34 2.9616e-34 2.8552e-34 
1.41906e+06 3.00084e-34 2.89508e-34 3.00084e-34 2.89508e-34 3.00084e-34 2.89508e-34 
1.45881e+06 3.04053e-34 2.93543e-34 3.04053e-34 2.93543e-34 3.04053e-34 2.93543e-34 
1.49968e+06 3.08069e-34 2.97624e-34 3.08069e-34 2.97624e-34 3.08069e-34 2.97624e-34 
1.5417e+06 3.12132e-34 3.01754e-34 3.12132e-34 3.01754e-34 3.12132e-34 3.01754e-34 
1.58489e+06 3.16243e-34 3.05931e-34 3.16243e-34 3.05931e-34 3.16243e-34 3.05931e-34 
1.6293e+06 3.20402e-34 3.10156e-34 3.20402e-34 3.10156e-34 3.20402e-34 3.10156e-34 
1.67494e+06 3.24609e-34 3.1443e-34 3.24609e-34 3.1443e-34 3.24609e-34 3.1443e-34 
1.72187e+06 3.28866e-34 3.18753e-34 3.28866e-34 3.18753e-34 3.28866e-34 3.18753e-34 
1.77011e+06 3.33172e-34 3.23126e-34 3.33172e-34 3.23126e-34 3.33172e-34 3.23126e-34 
1.8197e+06 3.37529e-34 3.27549e-34 3.37529e-34 3.27549e-34 3.37529e-34 3.27549e-34 
1.87068e+06 3.41935e-34 3.32023e-34 3.41935e-34 3.32023e-34 3.41935e-34 3.32023e-34 
1.92309e+06 3.46393e-34 3.36548e-34 3.46393e-34 3.36548e-34 3.46393e-34 3.36548e-34 
1.97697e+06 3.50903e-34 3.41126e-34 3.50903e-34 3.41126e-34 3.50903e-34 3.41126e-34 
2.03236e+06 3.55465e-34 3.45755e-34 3.55465e-34 3.45755e-34 3.55465e-34 3.45755e-34 
2.0893e+06 3.6008e-34 3.50438e-34 3.6008e-34 3.50438e-34 3.6008e-34 3.50438e-34 
2.14783e+06 3.64747e-34 3.55173e-34 3.64747e-34 3.55173e-34 3.64747e-34 3.55173e-34 
2.208e+06 3.6947e-34 3.59963e-34 3.6947e-34 3.59963e-34 3.6947e-34 3.59963e-34 
2.26986e+06 3.74246e-34 3.64807e-34 3.74246e-34 3.64807e-34 3.74246e-34 3.64807e-34 
2.33346e+06 3.79077e-34 3.69706e-34 3.79077e-34 3.69706e-34 3.79077e-34 3.69706e-34 
2.39883e+06 3.83964e-34 3.74661e-34 3.83964e-34 3.74661e-34 3.83964e-34 3.74661e-34 
2.46604e+06 3.88906e-34 3.79672e-34 3.88906e-34 3.79672e-34 3.88906e-34 3.79672e-34 
2.53513e+06 3.93905e-34 3.84739e-34 3.93905e-34 3.84739e-34 3.93905e-34 3.84739e-34 
2.60615e+06 3.98961e-34 3.89863e-34 3.98961e-34 3.89863e-34 3.98961e-34 3.89863e-34 
2.67917e+06 4.04076e-34 3.95046e-34 4.04076e-34 3.95046e-34 4.04076e-34 3.95046e-34 
2.75423e+06 4.09248e-34 4.00286e-34 4.09248e-34 4.00286e-34 4.09248e-34 4.00286e-34 
2.83139e+06 4.1448e-34 4.05585e-34 4.1448e-34 4.05585e-34 4.1448e-34 4.05585e-34 
2.91072e+06 4.19771e-34 4.10944e-34 4.19771e-34 4.10944e-34 4.19771e-34 4.10944e-34 
2.99226e+06 4.25123e-34 4.16364e-34 4.25123e-34 4.16364e-34 4.25123e-34 4.16364e-34 
3.0761e+06 4.30534e-34 4.21843e-34 4.30534e-34 4.21843e-34 4.30534e-34 4.21843e-34 
3.16228e+06 4.36007e-34 4.27384e-34 4.36007e-34 4.27384e-34 4.36007e-34 4.27384e-34 
3.25087e+06 4.41542e-34 4.32986e-34 4.41542e-34 4.32986e-34 4.41542e-34 4.32986e-34 
3.34195e+06 4.4714e-34 4.38652e-34 4.4714e-34 4.38652e-34 4.4714e-34 4.38652e-34 
3.43558e+06 4.52801e-34 4.4438e-34 4.52801e-34 4.4438e-34 4.52801e-34 4.4438e-34 
3.53183e+06 4.58526e-34 4.50172e-34 4.58526e-34 4.50172e-34 4.58526e-34 4.50172e-34 
3.63078e+06 4.64315e-34 4.56028e-34 4.64315e-34 4.56028e-34 4.64315e-34 4.56028e-34 
3.7325e+06 4.70169e-34 4.6195e-34 4.70169e-34 4.6195e-34 4.70169e-34 4.6195e-34 
3.83707e+06 4.76089e-34 4.67936e-34 4.76089e-34 4.67936e-34 4.76089e-34 4.67936e-34 
3.94457e+06 4.82075e-34 4.73989e-34 4.82075e-34 4.73989e-34 4.82075e-34 4.73989e-34 
4.05509e+06 4.88128e-34 4.80108e-34 4.88128e-34 4.80108e-34 4.88128e-34 4.80108e-34 
4.16869e+06 4.94249e-34 4.86296e-34 4.94249e-34 4.86296e-34 4.94249e-34 4.86296e-34 
4.28549e+06 5.00438e-34 4.9255e-34 5.00438e-34 4.9255e-34 5.00438e-34 4.9255e-34 
4.40555e+06 5.06697e-34 4.98875e-34 5.06697e-34 4.98875e-34 5.06697e-34 4.98875e-34 
4.52898e+06 5.13025e-34 5.05269e-34 5.13025e-34 5.05269e-34 5.13025e-34 5.05269e-34 
4.65586e+06 5.19422e-34 5.11731e-34 5.19422e-34 5.11731e-34 5.19422e-34 5.11731e-34 
4.7863e+06 5.25892e-34 5.18267e-34 5.25892e-34 5.18267e-34 5.25892e-34 5.18267e-34 
4.9204e+06 5.32433e-34 5.24873e-34 5.32433e-34 5.24873e-34 5.32433e-34 5.24873e-34 
5.05825e+06 5.39046e-34 5.31551e-34 5.39046e-34 5.31551e-34 5.39046e-34 5.31551e-34 
5.19996e+06 5.45733e-34 5.38303e-34 5.45733e-34 5.38303e-34 5.45733e-34 5.38303e-34 
5.34564e+06 5.52493e-34 5.45127e-34 5.52493e-34 5.45127e-34 5.52493e-34 5.45127e-34 
5.49541e+06 5.59328e-34 5.52026e-34 5.59328e-34 5.52026e-34 5.59328e-34 5.52026e-34 
5.64937e+06 5.66237e-34 5.58999e-34 5.66237e-34 5.58999e-34 5.66237e-34 5.58999e-34 
5.80764e+06 5.73223e-34 5.66049e-34 5.73223e-34 5.66049e-34 5.73223e-34 5.66049e-34 
5.97035e+06 5.80286e-34 5.73175e-34 5.80286e-34 5.73175e-34 5.80286e-34 5.73175e-34 
6.13762e+06 5.87426e-34 5.80378e-34 5.87426e-34 5.80378e-34 5.87426e-34 5.80378e-34 
6.30957e+06 5.94644e-34 5.87659e-34 5.94644e-34 5.87659e-34 5.94644e-34 5.87659e-34 
6.48634e+06 6.01942e-34 5.95019e-34 6.01942e-34 5.95019e-34 6.01942e-34 5.95019e-34 
6.66807e+06 6.09318e-34 6.02457e-34 6.09318e-34 6.02457e-34 6.09318e-34 6.02457e-34 
6.85488e+06 6.16775e-34 6.09977e-34 6.16775e-34 6.09977e-34 6.16775e-34 6.09977e-34 
7.04693e+06 6.24316e-34 6.17579e-34 6.24316e-34 6.17579e-34 6.24316e-34 6.17579e-34 
7.24436e+06 6.31936e-34 6.25259e-34 6.31936e-34 6.25259e-34 6.31936e-34 6.25259e-34 
7.44732e+06 6.39638e-34 6.33023e-34 6.39638e-34 6.33023e-34 6.39638e-34 6.33023e-34 
7.65597e+06 6.47424e-34 6.4087e-34 6.47424e-34 6.4087e-34 6.47424e-34 6.4087e-34 
7.87046e+06 6.55295e-34 6.48802e-34 6.55295e-34 6.48802e-34 6.55295e-34 6.48802e-34 
8.09096e+06 6.6325e-34 6.56818e-34 6.6325e-34 6.56818e-34 6.6325e-34 6.56818e-34 
8.31764e+06 6.71294e-34 6.6492e-34 6.71294e-34 6.6492e-34 6.71294e-34 6.6492e-34 
8.55067e+06 6.79421e-34 6.73107e-34 6.79421e-34 6.73107e-34 6.79421e-34 6.73107e-34 
8.79023e+06 6.87638e-34 6.81383e-34 6.87638e-34 6.81383e-34 6.87638e-34 6.81383e-34 
9.03649e+06 6.95942e-34 6.89746e-34 6.95942e-34 6.89746e-34 6.95942e-34 6.89746e-34 
9.28966e+06 7.04336e-34 6.98198e-34 7.04336e-34 6.98198e-34 7.04336e-34 6.98198e-34 
9.54993e+06 7.1282e-34 7.0674e-34 7.1282e-34 7.0674e-34 7.1282e-34 7.0674e-34 
9.81748e+06 7.21394e-34 7.15372e-34 7.21394e-34 7.15372e-34 7.21394e-34 7.15372e-34 
1.00925e+07 7.3006e-34 7.24095e-34 7.3006e-34 7.24095e-34 7.3006e-34 7.24095e-34 
1.03753e+07 7.38818e-34 7.32911e-34 7.38818e-34 7.32911e-34 7.38818e-34 7.32911e-34 
1.0666e+07 7.4767e-34 7.4182e-34 7.4767e-34 7.4182e-34 7.4767e-34 7.4182e-34 
1.09648e+07 7.56617e-34 7.50823e-34 7.56617e-34 7.50823e-34 7.56617e-34 7.50823e-34 
1.1272e+07 7.65658e-34 7.5992e-34 7.65658e-34 7.5992e-34 7.65658e-34 7.5992e-34 
1.15878e+07 7.74796e-34 7.69114e-34 7.74796e-34 7.69114e-34 7.74796e-34 7.69114e-34 
1.19124e+07 7.8403e-34 7.78403e-34 7.8403e-34 7.78403e-34 7.8403e-34 7.78403e-34 
1.22462e+07 7.93362e-34 7.8779e-34 7.93362e-34 7.8779e-34 7.93362e-34 7.8779e-34 
1.25893e+07 8.02793e-34 7.97276e-34 8.02793e-34 7.97276e-34 8.02793e-34 7.97276e-34 
1.2942e+07 8.12324e-34 8.06861e-34 8.12324e-34 8.06861e-34 8.12324e-34 8.06861e-34 
1.33045e+07 8.21954e-34 8.16545e-34 8.21954e-34 8.16545e-34 8.21954e-34 8.16545e-34 
1.36773e+07 8.31687e-34 8.26331e-34 8.31687e-34 8.26331e-34 8.31687e-34 8.26331e-34 
1.40605e+07 8.41521e-34 8.36219e-34 8.41521e-34 8.36219e-34 8.41521e-34 8.36219e-34 
1.44544e+07 8.5146e-34 8.4621e-34 8.5146e-34 8.4621e-34 8.5146e-34 8.4621e-34 
1.48594e+07 8.61502e-34 8.56305e-34 8.61502e-34 8.56305e-34 8.61502e-34 8.56305e-34 
1.52757e+07 8.7165e-34 8.66505e-34 8.7165e-34 8.66505e-34 8.7165e-34 8.66505e-34 
1.57036e+07 8.81902e-34 8.76809e-34 8.81902e-34 8.76809e-34 8.81902e-34 8.76809e-34 
1.61436e+07 8.92265e-34 8.87223e-34 8.92265e-34 8.87223e-34 8.92265e-34 8.87223e-34 
1.65959e+07 9.02734e-34 8.97743e-34 9.02734e-34 8.97743e-34 9.02734e-34 8.97743e-34 
1.70608e+07 9.13312e-34 9.08372e-34 9.13312e-34 9.08372e-34 9.13312e-34 9.08372e-34 
1.75388e+07 9.23999e-34 9.19109e-34 9.23999e-34 9.19109e-34 9.23999e-34 9.19109e-34 
1.80302e+07 9.34798e-34 9.29958e-34 9.34798e-34 9.29958e-34 9.34798e-34 9.29958e-34 
1.85353e+07 9.45709e-34 9.40919e-34 9.45709e-34 9.40919e-34 9.45709e-34 9.40919e-34 
1.90546e+07 9.56734e-34 9.51993e-34 9.56734e-34 9.51993e-34 9.56734e-34 9.51993e-34 
1.95884e+07 9.67873e-34 9.6318e-34 9.67873e-34 9.6318e-34 9.67873e-34 9.6318e-34 
2.01372e+07 9.79125e-34 9.74481e-34 9.79125e-34 9.74481e-34 9.79125e-34 9.74481e-34 
2.07014e+07 9.90496e-34 9.859e-34 9.90496e-34 9.859e-34 9.90496e-34 9.859e-34 
2.12814e+07 1.00198e-33 9.97434e-34 1.00198e-33 9.97434e-34 1.00198e-33 9.97434e-34 
2.18776e+07 1.01359e-33 1.00909e-33 1.01359e-33 1.00909e-33 1.01359e-33 1.00909e-33 
2.24905e+07 1.02531e-33 1.02086e-33 1.02531e-33 1.02086e-33 1.02531e-33 1.02086e-33 
2.31206e+07 1.03716e-33 1.03275e-33 1.03716e-33 1.03275e-33 1.03716e-33 1.03275e-33 
2.37684e+07 1.04913e-33 1.04476e-33 1.04913e-33 1.04476e-33 1.04913e-33 1.04476e-33 
2.44343e+07 1.06121e-33 1.0569e-33 1.06121e-33 1.0569e-33 1.06121e-33 1.0569e-33 
2.51189e+07 1.07343e-33 1.06916e-33 1.07343e-33 1.06916e-33 1.07343e-33 1.06916e-33 
2.58226e+07 1.08577e-33 1.08154e-33 1.08577e-33 1.08154e-33 1.08577e-33 1.08154e-33 
2.65461e+07 1.09823e-33 1.09405e-33 1.09823e-33 1.09405e-33 1.09823e-33 1.09405e-33 
2.72898e+07 1.11082e-33 1.10668e-33 1.11082e-33 1.10668e-33 1.11082e-33 1.10668e-33 
2.80543e+07 1.12354e-33 1.11944e-33 1.12354e-33 1.11944e-33 1.12354e-33 1.11944e-33 
2.88403e+07 1.13638e-33 1.13234e-33 1.13638e-33 1.13234e-33 1.13638e-33 1.13234e-33 
2.96483e+07 1.14936e-33 1.14536e-33 1.14936e-33 1.14536e-33 1.14936e-33 1.14536e-33 
3.04789e+07 1.16247e-33 1.15851e-33 1.16247e-33 1.15851e-33 1.16247e-33 1.15851e-33 
3.13329e+07 1.17572e-33 1.17179e-33 1.17572e-33 1.17179e-33 1.17572e-33 1.17179e-33 
3.22107e+07 1.18909e-33 1.18521e-33 1.18909e-33 1.18521e-33 1.18909e-33 1.18521e-33 
3.31131e+07 1.2026e-33 1.19877e-33 1.2026e-33 1.19877e-33 1.2026e-33 1.19877e-33 
3.40408e+07 1.21625e-33 1.21245e-33 1.21625e-33 1.21245e-33 1.21625e-33 1.21245e-33 
3.49945e+07 1.23004e-33 1.22628e-33 1.23004e-33 1.22628e-33 1.23004e-33 1.22628e-33 
3.59749e+07 1.24395e-33 1.24024e-33 1.24395e-33 1.24024e-33 1.24395e-33 1.24024e-33 
3.69828e+07 1.25802e-33 1.25435e-33 1.25802e-33 1.25435e-33 1.25802e-33 1.25435e-33 
3.80189e+07 1.27223e-33 1.2686e-33 1.27223e-33 1.2686e-33 1.27223e-33 1.2686e-33 
3.90841e+07 1.28658e-33 1.28298e-33 1.28658e-33 1.28298e-33 1.28658e-33 1.28298e-33 
4.01791e+07 1.30107e-33 1.29751e-33 1.30107e-33 1.29751e-33 1.30107e-33 1.29751e-33 
4.13048e+07 1.31571e-33 1.31219e-33 1.31571e-33 1.31219e-33 1.31571e-33 1.31219e-33 
4.2462e+07 1.33048e-33 1.32701e-33 1.33048e-33 1.32701e-33 1.33048e-33 1.32701e-33 
4.36516e+07 1.34542e-33 1.34198e-33 1.34542e-33 1.34198e-33 1.34542e-33 1.34198e-33 
4.48745e+07 1.36049e-33 1.35709e-33 1.36049e-33 1.35709e-33 1.36049e-33 1.35709e-33 
4.61318e+07 1.37572e-33 1.37236e-33 1.37572e-33 1.37236e-33 1.37572e-33 1.37236e-33 
4.74242e+07 1.3911e-33 1.38777e-33 1.3911e-33 1.38777e-33 1.3911e-33 1.38777e-33 
4.87528e+07 1.40663e-33 1.40334e-33 1.40663e-33 1.40334e-33 1.40663e-33 1.40334e-33 
5.01187e+07 1.42232e-33 1.41907e-33 1.42232e-33 1.41907e-33 1.42232e-33 1.41907e-33 
5.15229e+07 1.43816e-33 1.43494e-33 1.43816e-33 1.43494e-33 1.43816e-33 1.43494e-33 
5.29663e+07 1.45416e-33 1.45098e-33 1.45416e-33 1.45098e-33 1.45416e-33 1.45098e-33 
5.44503e+07 1.47032e-33 1.46717e-33 1.47032e-33 1.46717e-33 1.47032e-33 1.46717e-33 
5.59758e+07 1.48663e-33 1.48352e-33 1.48663e-33 1.48352e-33 1.48663e-33 1.48352e-33 
5.7544e+07 1.50311e-33 1.50003e-33 1.50311e-33 1.50003e-33 1.50311e-33 1.50003e-33 
5.91562e+07 1.51975e-33 1.5167e-33 1.51975e-33 1.5167e-33 1.51975e-33 1.5167e-33 
6.08135e+07 1.53655e-33 1.53354e-33 1.53655e-33 1.53354e-33 1.53655e-33 1.53354e-33 
6.25173e+07 1.55352e-33 1.55054e-33 1.55352e-33 1.55054e-33 1.55352e-33 1.55054e-33 
6.42688e+07 1.57065e-33 1.56771e-33 1.57065e-33 1.56771e-33 1.57065e-33 1.56771e-33 
6.60693e+07 1.58795e-33 1.58504e-33 1.58795e-33 1.58504e-33 1.58795e-33 1.58504e-33 
6.79204e+07 1.60542e-33 1.60255e-33 1.60542e-33 1.60255e-33 1.60542e-33 1.60255e-33 
6.98232e+07 1.62306e-33 1.62022e-33 1.62306e-33 1.62022e-33 1.62306e-33 1.62022e-33 
7.17794e+07 1.64087e-33 1.63806e-33 1.64087e-33 1.63806e-33 1.64087e-33 1.63806e-33 
7.37904e+07 1.65886e-33 1.65608e-33 1.65886e-33 1.65608e-33 1.65886e-33 1.65608e-33 
7.58578e+07 1.67702e-33 1.67428e-33 1.67702e-33 1.67428e-33 1.67702e-33 1.67428e-33 
7.7983e+07 1.69536e-33 1.69265e-33 1.69536e-33 1.69265e-33 1.69536e-33 1.69265e-33 
8.01678e+07 1.71388e-33 1.71119e-33 1.71388e-33 1.71119e-33 1.71388e-33 1.71119e-33 
8.24138e+07 1.73258e-33 1.72992e-33 1.73258e-33 1.72992e-33 1.73258e-33 1.72992e-33 
8.47227e+07 1.75145e-33 1.74883e-33 1.75145e-33 1.74883e-33 1.75145e-33 1.74883e-33 
8.70964e+07 1.77051e-33 1.76792e-33 1.77051e-33 1.76792e-33 1.77051e-33 1.76792e-33 
8.95365e+07 1.78976e-33 1.78719e-33 1.78976e-33 1.78719e-33 1.78976e-33 1.78719e-33 
9.2045e+07 1.80919e-33 1.80665e-33 1.80919e-33 1.80665e-33 1.80919e-33 1.80665e-33 
9.46237e+07 1.8288e-33 1.8263e-33 1.8288e-33 1.8263e-33 1.8288e-33 1.8263e-33 
9.72747e+07 1.84861e-33 1.84614e-33 1.84861e-33 1.84614e-33 1.84861e-33 1.84614e-33 
1e+08 1.86861e-33 1.86616e-33 1.86861e-33 1.86616e-33 1.86861e-33 1.86616e-33 
