10 2.29654e-38 1.17371e-38 2.29654e-38 1.17371e-38 2.29654e-38 1.17371e-38 
12.045 2.74533e-38 1.41314e-38 2.74533e-38 1.41314e-38 2.74533e-38 1.41314e-38 
14.5083 3.28238e-38 1.70122e-38 3.28238e-38 1.70122e-38 3.28238e-38 1.70122e-38 
17.4753 3.9252e-38 2.04794e-38 3.9252e-38 2.04794e-38 3.9252e-38 2.04794e-38 
21.049 4.69485e-38 2.46532e-38 4.69485e-38 2.46532e-38 4.69485e-38 2.46532e-38 
25.3536 5.61666e-38 2.96792e-38 5.61666e-38 2.96792e-38 5.61666e-38 2.96792e-38 
30.5386 6.72102e-38 3.57333e-38 6.72102e-38 3.57333e-38 6.72102e-38 3.57333e-38 
36.7838 8.04441e-38 4.30279e-38 8.04441e-38 4.30279e-38 8.04441e-38 4.30279e-38 
44.3062 9.6306e-38 5.1819e-38 9.6306e-38 5.1819e-38 9.6306e-38 5.1819e-38 
53.367 1.15321e-37 6.24157e-38 1.15321e-37 6.24157e-38 1.15321e-37 6.24157e-38 
64.2807 1.38117e-37 7.51906e-38 1.38117e-37 7.51906e-38 1.38117e-37 7.51906e-38 
77.4264 1.65448e-37 9.05934e-38 1.65448e-37 9.05934e-38 1.65448e-37 9.05934e-38 
93.2603 1.98217e-37 1.09166e-37 1.98217e-37 1.09166e-37 1.98217e-37 1.09166e-37 
112.332 2.37505e-37 1.31561e-37 2.37505e-37 1.31561e-37 2.37505e-37 1.31561e-37 
135.305 2.84602e-37 1.58564e-37 2.84602e-37 1.58564e-37 2.84602e-37 1.58564e-37 
162.975 3.41052e-37 1.9112e-37 3.41052e-37 1.9112e-37 3.41052e-37 1.9112e-37 
196.304 4.08695e-37 2.30367e-37 4.08695e-37 2.30367e-37 4.08695e-37 2.30367e-37 
236.449 4.89723e-37 2.77669e-37 4.89723e-37 2.77669e-37 4.89723e-37 2.77669e-37 
284.804 5.86746e-37 3.34666e-37 5.86746e-37 3.34666e-37 5.86746e-37 3.34666e-37 
343.047 7.02856e-37 4.03321e-37 7.02856e-37 4.03321e-37 7.02856e-37 4.03321e-37 
413.201 8.41716e-37 4.85983e-37 8.41716e-37 4.85983e-37 8.41716e-37 4.85983e-37 
497.702 1.00765e-36 5.85461e-37 1.00765e-36 5.85461e-37 1.00765e-36 5.85461e-37 
599.484 1.20573e-36 7.05098e-37 1.20573e-36 7.05098e-37 1.20573e-36 7.05098e-37 
722.081 1.44191e-36 8.48872e-37 1.44191e-36 8.48872e-37 1.44191e-36 8.48872e-37 
869.749 1.72314e-36 1.0215e-36 1.72314e-36 1.0215e-36 1.72314e-36 1.0215e-36 
1047.62 2.05742e-36 1.22855e-36 2.05742e-36 1.22855e-36 2.05742e-36 1.22855e-36 
1261.86 2.45405e-36 1.47658e-36 2.45405e-36 1.47658e-36 2.45405e-36 1.47658e-36 
1519.91 2.92361e-36 1.7733e-36 2.92361e-36 1.7733e-36 2.92361e-36 1.7733e-36 
1830.74 3.47811e-36 2.12767e-36 3.47811e-36 2.12767e-36 3.47811e-36 2.12767e-36 
2205.13 4.13107e-36 2.55012e-36 4.13107e-36 2.55012e-36 4.13107e-36 2.55012e-36 
2656.09 4.89754e-36 3.05266e-36 4.89754e-36 3.05266e-36 4.89754e-36 3.05266e-36 
3199.27 5.79415e-36 3.64909e-36 5.79415e-36 3.64909e-36 5.79415e-36 3.64909e-36 
3853.53 6.83895e-36 4.35507e-36 6.83895e-36 4.35507e-36 6.83895e-36 4.35507e-36 
4641.59 8.05148e-36 5.18834e-36 8.05148e-36 5.18834e-36 8.05148e-36 5.18834e-36 
5590.81 9.4525e-36 6.16877e-36 9.4525e-36 6.16877e-36 9.4525e-36 6.16877e-36 
6734.15 1.1064e-35 7.31845e-36 1.1064e-35 7.31845e-36 1.1064e-35 7.31845e-36 
8111.31 1.29087e-35 8.66171e-36 1.29087e-35 8.66171e-36 1.29087e-35 8.66171e-36 
9770.1 1.50105e-35 1.02252e-35 1.50105e-35 1.02252e-35 1.50105e-35 1.02252e-35 
11768.1 1.73937e-35 1.20378e-35 1.73937e-35 1.20378e-35 1.73937e-35 1.20378e-35 
14174.7 2.00833e-35 1.41306e-35 2.00833e-35 1.41306e-35 2.00833e-35 1.41306e-35 
17073.5 2.31052e-35 1.65367e-35 2.31052e-35 1.65367e-35 2.31052e-35 1.65367e-35 
20565.1 2.64856e-35 1.92914e-35 2.64856e-35 1.92914e-35 2.64856e-35 1.92914e-35 
24770.8 3.02526e-35 2.24321e-35 3.02526e-35 2.24321e-35 3.02526e-35 2.24321e-35 
29836.5 3.44345e-35 2.59976e-35 3.44345e-35 2.59976e-35 3.44345e-35 2.59976e-35 
35938.1 3.90621e-35 3.00289e-35 3.90621e-35 3.00289e-35 3.90621e-35 3.00289e-35 
43287.6 4.41681e-35 3.45692e-35 4.41681e-35 3.45692e-35 4.41681e-35 3.45692e-35 
52140.1 4.97876e-35 3.96629e-35 4.97876e-35 3.96629e-35 4.97876e-35 3.96629e-35 
62802.9 5.59589e-35 4.53572e-35 5.59589e-35 4.53572e-35 5.59589e-35 4.53572e-35 
75646.3 6.27237e-35 5.17006e-35 6.27237e-35 5.17006e-35 6.27237e-35 5.17006e-35 
91116.3 7.01275e-35 5.87449e-35 7.01275e-35 5.87449e-35 7.01275e-35 5.87449e-35 
109750 7.82206e-35 6.65446e-35 7.82206e-35 6.65446e-35 7.82206e-35 6.65446e-35 
132194 8.70571e-35 7.51561e-35 8.70571e-35 7.51561e-35 8.70571e-35 7.51561e-35 
159228 9.66965e-35 8.46401e-35 9.66965e-35 8.46401e-35 9.66965e-35 8.46401e-35 
191791 1.07204e-34 9.50612e-35 1.07204e-34 9.50612e-35 1.07204e-34 9.50612e-35 
231013 1.18648e-34 1.06487e-34 1.18648e-34 1.06487e-34 1.18648e-34 1.06487e-34 
278256 1.31107e-34 1.18991e-34 1.31107e-34 1.18991e-34 1.31107e-34 1.18991e-34 
335160 1.4466e-34 1.3265e-34 1.4466e-34 1.3265e-34 1.4466e-34 1.3265e-34 
403702 1.59395e-34 1.47547e-34 1.59395e-34 1.47547e-34 1.59395e-34 1.47547e-34 
486260 1.75408e-34 1.63772e-34 1.75408e-34 1.63772e-34 1.75408e-34 1.63772e-34 
585702 1.92797e-34 1.81418e-34 1.92797e-34 1.81418e-34 1.92797e-34 1.81418e-34 
705480 2.11671e-34 2.00587e-34 2.11671e-34 2.00587e-34 2.11671e-34 2.00587e-34 
849753 2.32142e-34 2.21388e-34 2.32142e-34 2.21388e-34 2.32142e-34 2.21388e-34 
1.02353e+06 2.54334e-34 2.43936e-34 2.54334e-34 2.43936e-34 2.54334e-34 2.43936e-34 
1.23285e+06 2.78374e-34 2.68355e-34 2.78374e-34 2.68355e-34 2.78374e-34 2.68355e-34 
1.48497e+06 3.04399e-34 2.94776e-34 3.04399e-34 2.94776e-34 3.04399e-34 2.94776e-34 
1.78865e+06 3.32555e-34 3.23339e-34 3.32555e-34 3.23339e-34 3.32555e-34 3.23339e-34 
2.15443e+06 3.62993e-34 3.54193e-34 3.62993e-34 3.54193e-34 3.62993e-34 3.54193e-34 
2.59502e+06 3.95877e-34 3.87496e-34 3.95877e-34 3.87496e-34 3.95877e-34 3.87496e-34 
3.12572e+06 4.31378e-34 4.23416e-34 4.31378e-34 4.23416e-34 4.31378e-34 4.23416e-34 
3.76494e+06 4.69678e-34 4.62131e-34 4.69678e-34 4.62131e-34 4.69678e-34 4.62131e-34 
4.53488e+06 5.10968e-34 5.03831e-34 5.10968e-34 5.03831e-34 5.10968e-34 5.03831e-34 
5.46228e+06 5.5545e-34 5.48714e-34 5.5545e-34 5.48714e-34 5.5545e-34 5.48714e-34 
6.57933e+06 6.03337e-34 5.96993e-34 6.03337e-34 5.96993e-34 6.03337e-34 5.96993e-34 
7.92483e+06 6.54856e-34 6.48891e-34 6.54856e-34 6.48891e-34 6.54856e-34 6.48891e-34 
9.54548e+06 7.10243e-34 7.04645e-34 7.10243e-34 7.04645e-34 7.10243e-34 7.04645e-34 
1.14976e+07 7.69749e-34 7.64503e-34 7.69749e-34 7.64503e-34 7.69749e-34 7.64503e-34 
1.38489e+07 8.33639e-34 8.28731e-34 8.33639e-34 8.28731e-34 8.33639e-34 8.28731e-34 
1.6681e+07 9.0219e-34 8.97606e-34 9.0219e-34 8.97606e-34 9.0219e-34 8.97606e-34 
2.00923e+07 9.75697e-34 9.7142e-34 9.75697e-34 9.7142e-34 9.75697e-34 9.7142e-34 
2.42013e+07 1.05447e-33 1.05049e-33 1.05447e-33 1.05049e-33 1.05447e-33 1.05049e-33 
2.91505e+07 1.13883e-33 1.13513e-33 1.13883e-33 1.13513e-33 1.13883e-33 1.13513e-33 
3.51119e+07 1.22913e-33 1.22568e-33 1.22913e-33 1.22568e-33 1.22913e-33 1.22568e-33 
4.22924e+07 1.32573e-33 1.32253e-33 1.32573e-33 1.32253e-33 1.32573e-33 1.32253e-33 
5.09414e+07 1.429e-33 1.42603e-33 1.429e-33 1.42603e-33 1.429e-33 1.42603e-33 
6.13591e+07 1.53935e-33 1.5366e-33 1.53935e-33 1.5366e-33 1.53935e-33 1.5366e-33 
7.39072e+07 1.6572e-33 1.65465e-33 1.6572e-33 1.65465e-33 1.6572e-33 1.65465e-33 
8.90215e+07 1.783e-33 1.78064e-33 1.783e-33 1.78064e-33 1.783e-33 1.78064e-33 
1.07227e+08 1.91721e-33 1.91503e-33 1.91721e-33 1.91503e-33 1.91721e-33 1.91503e-33 
1.29155e+08 2.06034e-33 2.05833e-33 2.06034e-33 2.05833e-33 2.06034e-33 2.05833e-33 
1.55568e+08 2.21288e-33 2.21102e-33 2.21288e-33 2.21102e-33 2.21288e-33 2.21102e-33 
1.87382e+08 2.3754e-33 2.37369e-33 2.3754e-33 2.37369e-33 2.3754e-33 2.37369e-33 
2.25702e+08 2.54848e-33 2.54689e-33 2.54848e-33 2.54689e-33 2.54848e-33 2.54689e-33 
2.71859e+08 2.7327e-33 2.73124e-33 2.7327e-33 2.73124e-33 2.7327e-33 2.73124e-33 
3.27455e+08 2.92872e-33 2.92738e-33 2.92872e-33 2.92738e-33 2.92872e-33 2.92738e-33 
3.94421e+08 3.13721e-33 3.13597e-33 3.13721e-33 3.13597e-33 3.13721e-33 3.13597e-33 
4.75081e+08 3.35886e-33 3.35772e-33 3.35886e-33 3.35772e-33 3.35886e-33 3.35772e-33 
5.72237e+08 3.59445e-33 3.5934e-33 3.59445e-33 3.5934e-33 3.59445e-33 3.5934e-33 
6.89261e+08 3.84473e-33 3.84376e-33 3.84473e-33 3.84376e-33 3.84473e-33 3.84376e-33 
8.30218e+08 4.11055e-33 4.10966e-33 4.11055e-33 4.10966e-33 4.11055e-33 4.10966e-33 
1e+09 4.39277e-33 4.39194e-33 4.39277e-33 4.39194e-33 4.39277e-33 4.39194e-33 
