100 2.1212179404574e-37 1.17076884647675e-37 2.1212179404574e-37 1.17076884647675e-37 2.1212179404574e-37 1.17076884647675e-37 
104.728983823636 2.21864112391952e-37 1.22629751992153e-37 2.21864112391952e-37 1.22629751992153e-37 2.21864112391952e-37 1.22629751992153e-37 
109.681600527314 2.32055085187461e-37 1.28446754131864e-37 2.32055085187461e-37 1.28446754131864e-37 2.32055085187461e-37 1.28446754131864e-37 
114.868425673756 2.42715309574895e-37 1.34540776362165e-37 2.42715309574895e-37 1.34540776362165e-37 2.42715309574895e-37 1.34540776362165e-37 
120.300534942333 2.53866708567968e-37 1.40923694490486e-37 2.53866708567968e-37 1.40923694490486e-37 2.53866708567968e-37 1.40923694490486e-37 
125.989527779503 2.65531549781546e-37 1.47610749235596e-37 2.65531549781546e-37 1.47610749235596e-37 2.65531549781546e-37 1.47610749235596e-37 
131.947552167671 2.777330808364e-37 1.54615811998718e-37 2.777330808364e-37 1.54615811998718e-37 2.777330808364e-37 1.54615811998718e-37 
138.187330565364 2.90496235440121e-37 1.61953882014152e-37 2.90496235440121e-37 1.61953882014152e-37 2.90496235440121e-37 1.61953882014152e-37 
144.722187074115 3.03846556052691e-37 1.69640780704811e-37 3.03846556052691e-37 1.69640780704811e-37 3.03846556052691e-37 1.69640780704811e-37 
151.566075890062 3.178103480235e-37 1.77692592796081e-37 3.178103480235e-37 1.77692592796081e-37 3.178103480235e-37 1.77692592796081e-37 
158.733611101022 3.3241704790848e-37 1.86128110500242e-37 3.3241704790848e-37 1.86128110500242e-37 3.3241704790848e-37 1.86128110500242e-37 
166.240097892663 3.47695332445488e-37 1.94963702238177e-37 3.47695332445488e-37 1.94963702238177e-37 3.47695332445488e-37 1.94963702238177e-37 
174.101565230403 3.63674737388569e-37 2.042189295756e-37 3.63674737388569e-37 2.042189295756e-37 3.63674737388569e-37 2.042189295756e-37 
182.334800086846 3.80388389958273e-37 2.13914162814031e-37 3.80388389958273e-37 2.13914162814031e-37 3.80388389958273e-37 2.13914162814031e-37 
190.957383287812 3.97867489852202e-37 2.24069144375367e-37 3.97867489852202e-37 2.24069144375367e-37 3.97867489852202e-37 2.24069144375367e-37 
199.987727053531 4.16149950781214e-37 2.34706299887731e-37 4.16149950781214e-37 2.34706299887731e-37 4.16149950781214e-37 2.34706299887731e-37 
209.44511431515 4.35270038034774e-37 2.45848224102394e-37 4.35270038034774e-37 2.45848224102394e-37 4.35270038034774e-37 2.45848224102394e-37 
219.349739890509 4.55267317510296e-37 2.57518711365952e-37 4.55267317510296e-37 2.57518711365952e-37 4.55267317510296e-37 2.57518711365952e-37 
229.722753607119 4.76179818214474e-37 2.6974241872064e-37 4.76179818214474e-37 2.6974241872064e-37 4.76179818214474e-37 2.6974241872064e-37 
240.58630546441 4.9804892886549e-37 2.82544946388355e-37 4.9804892886549e-37 2.82544946388355e-37 4.9804892886549e-37 2.82544946388355e-37 
251.963592931706 5.20920072454229e-37 2.95955371911296e-37 5.20920072454229e-37 2.95955371911296e-37 5.20920072454229e-37 2.95955371911296e-37 
263.878910482898 5.44834805386909e-37 3.10000205648045e-37 5.44834805386909e-37 3.10000205648045e-37 5.44834805386909e-37 3.10000205648045e-37 
276.357701473621 5.69843338314658e-37 3.24710044613909e-37 5.69843338314658e-37 3.24710044613909e-37 5.69843338314658e-37 3.24710044613909e-37 
289.42661247168 5.95991937438796e-37 3.40115731865471e-37 5.95991937438796e-37 3.40115731865471e-37 5.95991937438796e-37 3.40115731865471e-37 
303.113550156764 6.23333347650152e-37 3.56250121751651e-37 6.23333347650152e-37 3.56250121751651e-37 6.23333347650152e-37 3.56250121751651e-37 
317.447740910926 6.51920043961505e-37 3.73147260062527e-37 6.51920043961505e-37 3.73147260062527e-37 6.51920043961505e-37 3.73147260062527e-37 
332.459793227101 6.81807817139361e-37 3.90841939553826e-37 6.81807817139361e-37 3.90841939553826e-37 6.81807817139361e-37 3.90841939553826e-37 
348.181763068904 7.13055742734755e-37 4.09372878125747e-37 7.13055742734755e-37 4.09372878125747e-37 7.13055742734755e-37 4.09372878125747e-37 
364.647222321283 7.45722805811852e-37 4.28777489959864e-37 7.45722805811852e-37 4.28777489959864e-37 7.45722805811852e-37 4.28777489959864e-37 
381.891330478194 7.79870902249822e-37 4.49097255603135e-37 7.79870902249822e-37 4.49097255603135e-37 7.79870902249822e-37 4.49097255603135e-37 
399.950909720376 8.15568163071948e-37 4.70374970332389e-37 8.15568163071948e-37 4.70374970332389e-37 8.15568163071948e-37 4.70374970332389e-37 
418.864523543537 8.52880584791075e-37 4.9265383007658e-37 8.52880584791075e-37 4.9265383007658e-37 8.52880584791075e-37 4.9265383007658e-37 
438.672559104861 8.91881604044897e-37 5.15981371082695e-37 8.91881604044897e-37 5.15981371082695e-37 8.91881604044897e-37 5.15981371082695e-37 
459.417313463659 9.3264225706556e-37 5.40405450107589e-37 9.3264225706556e-37 5.40405450107589e-37 9.3264225706556e-37 5.40405450107589e-37 
481.143083900339 9.75240473294668e-37 5.65976714080313e-37 9.75240473294668e-37 5.65976714080313e-37 9.75240473294668e-37 5.65976714080313e-37 
503.896262506529 1.01975334307757e-36 5.92747268199663e-37 1.01975334307757e-36 5.92747268199663e-37 1.01975334307757e-36 5.92747268199663e-37 
527.725435248369 1.06627072450353e-36 6.20773435018599e-37 1.06627072450353e-36 6.20773435018599e-37 1.06627072450353e-36 6.20773435018599e-37 
552.681485714476 1.11487587399355e-36 6.50112572855722e-37 1.11487587399355e-36 6.50112572855722e-37 1.11487587399355e-36 6.50112572855722e-37 
578.817703770145 1.16565962321081e-36 6.80825325912887e-37 1.16565962321081e-36 6.80825325912887e-37 1.16565962321081e-36 6.80825325912887e-37 
606.189899349776 1.21871258849503e-36 7.12971559070893e-37 1.21871258849503e-36 7.12971559070893e-37 1.21871258849503e-36 7.12971559070893e-37 
634.856521630541 1.2741361860863e-36 7.46619838569108e-37 1.2741361860863e-36 7.46619838569108e-37 1.2741361860863e-36 7.46619838569108e-37 
664.878783841748 1.33202702758699e-36 7.81837030435907e-37 1.33202702758699e-36 7.81837030435907e-37 1.33202702758699e-36 7.81837030435907e-37 
696.320793976411 1.39249439618737e-36 8.18695031528319e-37 1.39249439618737e-36 8.18695031528319e-37 1.39249439618737e-36 8.18695031528319e-37 
729.249691684169 1.45564322675368e-36 8.57266416089233e-37 1.45564322675368e-36 8.57266416089233e-37 1.45564322675368e-36 8.57266416089233e-37 
763.735791637828 1.52159050841691e-36 8.97630530099533e-37 1.52159050841691e-36 8.97630530099533e-37 1.52159050841691e-36 8.97630530099533e-37 
799.852733679699 1.59045228506504e-36 9.3986686083026e-37 1.59045228506504e-36 9.3986686083026e-37 1.59045228506504e-36 9.3986686083026e-37 
837.677640068322 1.66234653354729e-36 9.84058565295923e-37 1.66234653354729e-36 9.84058565295923e-37 1.66234653354729e-36 9.84058565295923e-37 
877.291280161368 1.73740257542336e-36 1.03029739593591e-36 1.73740257542336e-36 1.03029739593591e-36 1.73740257542336e-36 1.03029739593591e-36 
918.778242886367 1.8157501592199e-36 1.07867016509071e-36 1.8157501592199e-36 1.07867016509071e-36 1.8157501592199e-36 1.07867016509071e-36 
962.22711736755 1.89752314667731e-36 1.12927184843938e-36 1.89752314667731e-36 1.12927184843938e-36 1.89752314667731e-36 1.12927184843938e-36 
1007.7306820945 1.982868748148e-36 1.18220517706262e-36 1.982868748148e-36 1.18220517706262e-36 1.982868748148e-36 1.18220517706262e-36 
1055.38610303656 2.07192120005799e-36 1.23756956230131e-36 2.07192120005799e-36 1.23756956230131e-36 2.07192120005799e-36 1.23756956230131e-36 
1105.29514112607 2.16483222692247e-36 1.29547258933177e-36 2.16483222692247e-36 1.29547258933177e-36 2.16483222692247e-36 1.29547258933177e-36 
1157.56436955335 2.26177273763691e-36 1.35602844806219e-36 2.26177273763691e-36 1.35602844806219e-36 2.26177273763691e-36 1.35602844806219e-36 
1212.3054013377 2.36288319997209e-36 1.41935257476913e-36 2.36288319997209e-36 1.41935257476913e-36 2.36288319997209e-36 1.41935257476913e-36 
1269.63512766003 2.46833707186604e-36 1.48556261732879e-36 2.46833707186604e-36 1.48556261732879e-36 2.46833707186604e-36 1.48556261732879e-36 
1329.67596746627 2.57830000596359e-36 1.55478271340302e-36 2.57830000596359e-36 1.55478271340302e-36 2.57830000596359e-36 1.55478271340302e-36 
1392.55612887452 2.69295884297462e-36 1.62714836457578e-36 2.69295884297462e-36 1.62714836457578e-36 2.69295884297462e-36 1.62714836457578e-36 
1458.40988294405 2.81248336525298e-36 1.70279150296719e-36 2.81248336525298e-36 1.70279150296719e-36 2.81248336525298e-36 1.70279150296719e-36 
1527.37785039078 2.93707112112143e-36 1.78185375167269e-36 2.93707112112143e-36 1.78185375167269e-36 2.93707112112143e-36 1.78185375167269e-36 
1599.60730186156 3.06690734022643e-36 1.86447949765104e-36 3.06690734022643e-36 1.86447949765104e-36 3.06690734022643e-36 1.86447949765104e-36 
1675.25247240829 3.20219273266638e-36 1.95081963307865e-36 3.20219273266638e-36 1.95081963307865e-36 3.20219273266638e-36 1.95081963307865e-36 
1754.47489083354 3.34313757136187e-36 2.04103250741092e-36 3.34313757136187e-36 2.04103250741092e-36 3.34313757136187e-36 2.04103250741092e-36 
1837.44372461081 3.48994524959091e-36 2.13528154824041e-36 3.48994524959091e-36 2.13528154824041e-36 3.48994524959091e-36 2.13528154824041e-36 
1924.33614111607 3.6428405063973e-36 2.23373613978171e-36 3.6428405063973e-36 2.23373613978171e-36 3.6428405063973e-36 2.23373613978171e-36 
2015.33768594183 3.80203202799931e-36 2.33656695372846e-36 3.80203202799931e-36 2.33656695372846e-36 3.80203202799931e-36 2.33656695372846e-36 
2110.64267910166 3.96775775172616e-36 2.44395714145859e-36 3.96775775172616e-36 2.44395714145859e-36 3.96775775172616e-36 2.44395714145859e-36 
2210.45462997113 4.14024597926668e-36 2.55609421584235e-36 4.14024597926668e-36 2.55609421584235e-36 4.14024597926668e-36 2.55609421584235e-36 
2314.98667185128 4.31976058283345e-36 2.67317380834575e-36 4.31976058283345e-36 2.67317380834575e-36 4.31976058283345e-36 2.67317380834575e-36 
2424.46201708246 4.50650100527029e-36 2.79539111256093e-36 4.50650100527029e-36 2.79539111256093e-36 4.50650100527029e-36 2.79539111256093e-36 
2539.11443368048 4.70074423648376e-36 2.92296454689008e-36 4.70074423648376e-36 2.92296454689008e-36 4.70074423648376e-36 2.92296454689008e-36 
2659.18874451284 4.90273606546671e-36 3.05609637171352e-36 4.90273606546671e-36 3.05609637171352e-36 4.90273606546671e-36 3.05609637171352e-36 
2784.9413500808 5.11277221073366e-36 3.19501624369557e-36 5.11277221073366e-36 3.19501624369557e-36 5.11277221073366e-36 3.19501624369557e-36 
2916.64077602387 5.33109948853335e-36 3.33994852837624e-36 5.33109948853335e-36 3.33994852837624e-36 5.33109948853335e-36 3.33994852837624e-36 
3054.56824651561 5.55800598439578e-36 3.49112773658799e-36 5.55800598439578e-36 3.49112773658799e-36 5.55800598439578e-36 3.49112773658799e-36 
3199.01828477525 5.79374315575884e-36 3.6488138307206e-36 5.79374315575884e-36 3.6488138307206e-36 5.79374315575884e-36 3.6488138307206e-36 
3350.29934197743 6.03861731505196e-36 3.81323873573788e-36 6.03861731505196e-36 3.81323873573788e-36 6.03861731505196e-36 3.81323873573788e-36 
3508.73445590292 6.29291049600399e-36 3.98466940811245e-36 6.29291049600399e-36 3.98466940811245e-36 6.29291049600399e-36 3.98466940811245e-36 
3674.66194073691 6.55693073255241e-36 4.16337289643221e-36 6.55693073255241e-36 4.16337289643221e-36 6.55693073255241e-36 4.16337289643221e-36 
3848.43610948766 6.83096273377975e-36 4.34962496963531e-36 6.83096273377975e-36 4.34962496963531e-36 6.83096273377975e-36 4.34962496963531e-36 
4030.4280305683 7.11532542129246e-36 4.54370606298136e-36 7.11532542129246e-36 4.54370606298136e-36 7.11532542129246e-36 4.54370606298136e-36 
4221.02632015716 7.41032468658297e-36 4.74591263546962e-36 7.41032468658297e-36 4.74591263546962e-36 7.41032468658297e-36 4.74591263546962e-36 
4420.63797202881 7.71627626095588e-36 4.95653421926814e-36 7.71627626095588e-36 4.95653421926814e-36 7.71627626095588e-36 4.95653421926814e-36 
4629.68922662756 8.03351964380427e-36 5.17588925856233e-36 8.03351964380427e-36 5.17588925856233e-36 8.03351964380427e-36 5.17588925856233e-36 
4848.62648123939 8.36233793711564e-36 5.40430335578761e-36 8.36233793711564e-36 5.40430335578761e-36 8.36233793711564e-36 5.40430335578761e-36 
5077.91724320573 8.70309958498716e-36 5.64206909519997e-36 8.70309958498716e-36 5.64206909519997e-36 8.70309958498716e-36 5.64206909519997e-36 
5318.05112821455 9.05613582120184e-36 5.88953970117001e-36 9.05613582120184e-36 5.88953970117001e-36 9.05613582120184e-36 5.88953970117001e-36 
5569.54090580051 9.42176490898443e-36 6.14706538894564e-36 9.42176490898443e-36 6.14706538894564e-36 9.42176490898443e-36 6.14706538894564e-36 
5832.9235942866 9.80034345035318e-36 6.41498940193209e-36 9.80034345035318e-36 6.41498940193209e-36 9.80034345035318e-36 6.41498940193209e-36 
6108.76160750545 1.01921962718638e-35 6.69366443079337e-36 1.01921962718638e-35 6.69366443079337e-36 1.01921962718638e-35 6.69366443079337e-36 
6397.64395574887 1.0597704990567e-35 6.98346095049098e-36 1.0597704990567e-35 6.98346095049098e-36 1.0597704990567e-35 6.98346095049098e-36 
6700.18750351005 1.1017183721583e-35 7.28475794826382e-36 1.1017183721583e-35 7.28475794826382e-36 1.1017183721583e-35 7.28475794826382e-36 
7017.03828670432 1.14510158201912e-35 7.5979408459384e-36 1.14510158201912e-35 7.5979408459384e-36 1.14510158201912e-35 7.5979408459384e-36 
7348.87289218091 1.18995590941324e-35 7.92343479154202e-36 1.18995590941324e-35 7.92343479154202e-36 1.18995590941324e-35 7.92343479154202e-36 
7696.39990247171 1.23631492428314e-35 8.26157028984448e-36 1.23631492428314e-35 8.26157028984448e-36 1.23631492428314e-35 8.26157028984448e-36 
8060.36140886193 1.28421619649905e-35 8.61277972806926e-36 1.28421619649905e-35 8.61277972806926e-36 1.28421619649905e-35 8.61277972806926e-36 
8441.5345960136 1.33370081237046e-35 8.97753452164634e-36 1.33370081237046e-35 8.97753452164634e-36 1.33370081237046e-35 8.97753452164634e-36 
8840.73340152572 1.38480067777558e-35 9.3562198880756e-36 1.38480067777558e-35 9.3562198880756e-36 1.38480067777558e-35 9.3562198880756e-36 
9258.81025397465 1.4375532080199e-35 9.74926789570583e-36 1.4375532080199e-35 9.74926789570583e-36 1.4375532080199e-35 9.74926789570583e-36 
9696.65789314625 1.49199460338707e-35 1.0157164293369e-35 1.49199460338707e-35 1.0157164293369e-35 1.49199460338707e-35 1.0157164293369e-35 
10155.2112763465 1.54816485347868e-35 1.05803221717879e-35 1.54816485347868e-35 1.05803221717879e-35 1.54816485347868e-35 1.05803221717879e-35 
10635.4495748609 1.60610708199628e-35 1.10192235312682e-35 1.60610708199628e-35 1.10192235312682e-35 1.60610708199628e-35 1.10192235312682e-35 
11138.3982648271 1.66585128699751e-35 1.14743532828086e-35 1.66585128699751e-35 1.14743532828086e-35 1.66585128699751e-35 1.14743532828086e-35 
11665.1313169829 1.72744147481846e-35 1.19461271237358e-35 1.72744147481846e-35 1.19461271237358e-35 1.72744147481846e-35 1.19461271237358e-35 
12216.7734899689 1.79091037934079e-35 1.24351199013706e-35 1.79091037934079e-35 1.24351199013706e-35 1.79091037934079e-35 1.24351199013706e-35 
12794.5027320798 1.85630190518665e-35 1.29417224372329e-35 1.85630190518665e-35 1.29417224372329e-35 1.85630190518665e-35 1.29417224372329e-35 
13399.5526965945 1.92365221217584e-35 1.3466535697771e-35 1.92365221217584e-35 1.3466535697771e-35 1.92365221217584e-35 1.3466535697771e-35 
14033.215376056 1.99300120843427e-35 1.40100300586074e-35 1.99300120843427e-35 1.40100300586074e-35 1.99300120843427e-35 1.40100300586074e-35 
14696.8438611257 2.0643923677741e-35 1.45727273724829e-35 2.0643923677741e-35 1.45727273724829e-35 2.0643923677741e-35 1.45727273724829e-35 
15391.8552299033 2.13786386071695e-35 1.51551414640139e-35 2.13786386071695e-35 1.51551414640139e-35 2.13786386071695e-35 1.51551414640139e-35 
16119.7335738829 2.21345671208234e-35 1.57578480653682e-35 2.21345671208234e-35 1.57578480653682e-35 2.21345671208234e-35 1.57578480653682e-35 
16882.0331670051 2.2912066915109e-35 1.63812854998601e-35 2.2912066915109e-35 1.63812854998601e-35 2.2912066915109e-35 1.63812854998601e-35 
17680.3817845736 2.37115515427371e-35 1.70261532958758e-35 2.37115515427371e-35 1.70261532958758e-35 2.37115515427371e-35 1.70261532958758e-35 
18516.4841791231 2.45335021792529e-35 1.76928840440117e-35 2.45335021792529e-35 1.76928840440117e-35 2.45335021792529e-35 1.76928840440117e-35 
19392.12572066 2.53783014723896e-35 1.83820932442999e-35 2.53783014723896e-35 1.83820932442999e-35 2.53783014723896e-35 1.83820932442999e-35 
20309.1762090491 2.62462909503787e-35 1.90944221909385e-35 2.62462909503787e-35 1.90944221909385e-35 2.62462909503787e-35 1.90944221909385e-35 
21269.5938666888 2.71381326057816e-35 1.98302534816116e-35 2.71381326057816e-35 1.98302534816116e-35 2.71381326057816e-35 1.98302534816116e-35 
22275.4295199976 2.80540868798582e-35 2.05903794018521e-35 2.80540868798582e-35 2.05903794018521e-35 2.80540868798582e-35 2.05903794018521e-35 
23328.8309786437 2.89945107554834e-35 2.13753066295931e-35 2.89945107554834e-35 2.13753066295931e-35 2.89945107554834e-35 2.13753066295931e-35 
24432.0476218671 2.9960010397087e-35 2.21855967965699e-35 2.9960010397087e-35 2.21855967965699e-35 2.9960010397087e-35 2.21855967965699e-35 
25587.4352016882 3.09509048066379e-35 2.30219016875414e-35 3.09509048066379e-35 2.30219016875414e-35 3.09509048066379e-35 2.30219016875414e-35 
26797.4608732594 3.19677062348504e-35 2.38848474929648e-35 3.19677062348504e-35 2.38848474929648e-35 3.19677062348504e-35 2.38848474929648e-35 
28064.708463101 3.30109143717177e-35 2.47750501658786e-35 3.30109143717177e-35 2.47750501658786e-35 3.30109143717177e-35 2.47750501658786e-35 
29391.8839864716 3.40809844617704e-35 2.56931542533595e-35 3.40809844617704e-35 2.56931542533595e-35 3.40809844617704e-35 2.56931542533595e-35 
30781.8214256537 3.51783425340023e-35 2.66397384779727e-35 3.51783425340023e-35 2.66397384779727e-35 3.51783425340023e-35 2.66397384779727e-35 
32237.4887814934 3.6303500381182e-35 2.76154860293956e-35 3.6303500381182e-35 2.76154860293956e-35 3.6303500381182e-35 2.76154860293956e-35 
33761.9944111166 3.74568934028404e-35 2.86210450672561e-35 3.74568934028404e-35 2.86210450672561e-35 3.74568934028404e-35 2.86210450672561e-35 
35358.5936653552 3.86392166914828e-35 2.96570669058071e-35 3.86392166914828e-35 2.96570669058071e-35 3.86392166914828e-35 2.96570669058071e-35 
37030.695840055 3.98508112531161e-35 3.072423521009e-35 3.98508112531161e-35 3.072423521009e-35 3.98508112531161e-35 3.072423521009e-35 
38781.871456111 4.1092141363678e-35 3.18232108986628e-35 4.1092141363678e-35 3.18232108986628e-35 4.1092141363678e-35 3.18232108986628e-35 
40615.8598837738 4.23638527962076e-35 3.29546110018169e-35 4.23638527962076e-35 3.29546110018169e-35 4.23638527962076e-35 3.29546110018169e-35 
42536.5773275081 4.36665464446105e-35 3.41192161219226e-35 4.36665464446105e-35 3.41192161219226e-35 4.36665464446105e-35 3.41192161219226e-35 
44548.1251884543 4.50005217540942e-35 3.53176681121886e-35 4.50005217540942e-35 3.53176681121886e-35 4.50005217540942e-35 3.53176681121886e-35 
46654.7988223494 4.63665916804125e-35 3.65506859082943e-35 4.63665916804125e-35 3.65506859082943e-35 4.63665916804125e-35 3.65506859082943e-35 
48861.0967116082 4.77652411498611e-35 3.78189964471219e-35 4.77652411498611e-35 3.78189964471219e-35 4.77652411498611e-35 3.78189964471219e-35 
51171.7300711513 4.91970476164292e-35 3.91232823698354e-35 4.91970476164292e-35 3.91232823698354e-35 4.91970476164292e-35 3.91232823698354e-35 
53591.6329084907 5.06627755333601e-35 4.04642856708849e-35 5.06627755333601e-35 4.04642856708849e-35 5.06627755333601e-35 4.04642856708849e-35 
56125.9725595555 5.21625644100793e-35 4.18427438046968e-35 5.21625644100793e-35 4.18427438046968e-35 5.21625644100793e-35 4.18427438046968e-35 
58780.1607227553 5.36975011554079e-35 4.32593122088052e-35 5.36975011554079e-35 4.32593122088052e-35 5.36975011554079e-35 4.32593122088052e-35 
61559.8650148416 5.52681366505838e-35 4.47150144952479e-35 5.52681366505838e-35 4.47150144952479e-35 5.52681366505838e-35 4.47150144952479e-35 
64471.0210732455 5.68749040004576e-35 4.62103672951749e-35 5.68749040004576e-35 4.62103672951749e-35 5.68749040004576e-35 4.62103672951749e-35 
67519.8452307322 5.85188977361698e-35 4.77460677043701e-35 5.85188977361698e-35 4.77460677043701e-35 5.85188977361698e-35 4.77460677043701e-35 
70712.8477894376 6.02003560627363e-35 4.93231131461724e-35 6.02003560627363e-35 4.93231131461724e-35 6.02003560627363e-35 4.93231131461724e-35 
74056.8469226324 6.19201941829836e-35 5.09421874092818e-35 6.19201941829836e-35 5.09421874092818e-35 6.19201941829836e-35 5.09421874092818e-35 
77558.9832338985 6.36790840939826e-35 5.26041069972486e-35 6.36790840939826e-35 5.26041069972486e-35 6.36790840939826e-35 5.26041069972486e-35 
81226.735004806 6.54777270428031e-35 5.43095804723843e-35 6.54777270428031e-35 5.43095804723843e-35 6.54777270428031e-35 5.43095804723843e-35 
85067.934163651 6.73168550675897e-35 5.60594818719723e-35 6.73168550675897e-35 5.60594818719723e-35 6.73168550675897e-35 5.60594818719723e-35 
89090.7830093513 6.91975240760887e-35 5.78549694768111e-35 6.91975240760887e-35 5.78549694768111e-35 6.91975240760887e-35 5.78549694768111e-35 
93303.8717262141 7.1120100530335e-35 5.96963971695627e-35 7.1120100530335e-35 5.96963971695627e-35 7.1120100530335e-35 5.96963971695627e-35 
97716.1967269728 7.30856298916835e-35 6.15848170647186e-35 7.30856298916835e-35 6.15848170647186e-35 7.30856298916835e-35 6.15848170647186e-35 
102337.179863264 7.50949066054151e-35 6.35210996096257e-35 7.50949066054151e-35 6.35210996096257e-35 7.50949066054151e-35 6.35210996096257e-35 
107176.688544563 7.71485954235905e-35 6.5506074100721e-35 7.71485954235905e-35 6.5506074100721e-35 7.71485954235905e-35 6.5506074100721e-35 
112245.056808544 7.9247715607307e-35 6.75407523686123e-35 7.9247715607307e-35 6.75407523686123e-35 7.9247715607307e-35 6.75407523686123e-35 
117553.107387851 8.13929606165251e-35 6.96257490279925e-35 8.13929606165251e-35 6.96257490279925e-35 8.13929606165251e-35 6.96257490279925e-35 
123112.174820403 8.3585449175538e-35 7.17622785092112e-35 8.3585449175538e-35 7.17622785092112e-35 8.3585449175538e-35 7.17622785092112e-35 
128934.129652587 8.58260063255263e-35 7.39511285531019e-35 8.58260063255263e-35 7.39511285531019e-35 8.58260063255263e-35 7.39511285531019e-35 
135031.403787003 8.81155492265556e-35 7.61932393641288e-35 8.81155492265556e-35 7.61932393641288e-35 8.81155492265556e-35 7.61932393641288e-35 
141417.017028919 9.04550146231765e-35 7.84896702371346e-35 9.04550146231765e-35 7.84896702371346e-35 9.04550146231765e-35 7.84896702371346e-35 
148104.604888085 9.28453455612884e-35 8.08412689337177e-35 9.28453455612884e-35 8.08412689337177e-35 9.28453455612884e-35 8.08412689337177e-35 
155108.447695303 9.52876236722445e-35 8.32489979803641e-35 9.52876236722445e-35 8.32489979803641e-35 9.52876236722445e-35 8.32489979803641e-35 
162443.501095906 9.77826755691869e-35 8.57138242903069e-35 9.77826755691869e-35 8.57138242903069e-35 9.77826755691869e-35 8.57138242903069e-35 
170125.42798528 1.0033177716939e-34 8.82370731166263e-35 1.0033177716939e-34 8.82370731166263e-35 1.0033177716939e-34 8.82370731166263e-35 
178170.631954595 1.02935803112374e-34 9.08192079059502e-35 1.02935803112374e-34 9.08192079059502e-35 1.02935803112374e-34 9.08192079059502e-35 
186596.292318198 1.0559581681579e-34 9.34619362409211e-35 1.0559581681579e-34 9.34619362409211e-35 1.0559581681579e-34 9.34619362409211e-35 
195420.40079743 1.08313052008892e-34 9.61657102414992e-35 1.08313052008892e-34 9.61657102414992e-35 1.08313052008892e-34 9.61657102414992e-35 
204661.799939224 1.11088512551437e-34 9.89319854560514e-35 1.11088512551437e-34 9.89319854560514e-35 1.11088512551437e-34 9.89319854560514e-35 
214340.223351513 1.13923344737185e-34 1.01761904716312e-34 1.13923344737185e-34 1.01761904716312e-34 1.13923344737185e-34 1.01761904716312e-34 
224476.337841351 1.16818741833148e-34 1.04656105114146e-34 1.16818741833148e-34 1.04656105114146e-34 1.16818741833148e-34 1.04656105114146e-34 
235091.787545758 1.19775820715892e-34 1.07616096275192e-34 1.19775820715892e-34 1.07616096275192e-34 1.19775820715892e-34 1.07616096275192e-34 
246209.240149494 1.22795760453645e-34 1.10643108048614e-34 1.22795760453645e-34 1.10643108048614e-34 1.22795760453645e-34 1.10643108048614e-34 
257852.43528846 1.25879997999277e-34 1.13738107020376e-34 1.25879997999277e-34 1.13738107020376e-34 1.25879997999277e-34 1.13738107020376e-34 
270046.235242103 1.29029621567269e-34 1.16902370320267e-34 1.29029621567269e-34 1.16902370320267e-34 1.29029621567269e-34 1.16902370320267e-34 
282816.67802304 1.32245851087283e-34 1.2013732032936e-34 1.32245851087283e-34 1.2013732032936e-34 1.32245851087283e-34 1.2013732032936e-34 
296191.032977294 1.35530206243549e-34 1.2344354129142e-34 1.35530206243549e-34 1.2344354129142e-34 1.35530206243549e-34 1.2344354129142e-34 
310197.85901385 1.38883513538861e-34 1.26822596618508e-34 1.38883513538861e-34 1.26822596618508e-34 1.38883513538861e-34 1.26822596618508e-34 
324867.06558788 1.42307491239591e-34 1.30275900930903e-34 1.42307491239591e-34 1.30275900930903e-34 1.42307491239591e-34 1.30275900930903e-34 
340229.976567852 1.45803491214587e-34 1.33804800513002e-34 1.45803491214587e-34 1.33804800513002e-34 1.45803491214587e-34 1.33804800513002e-34 
356319.397122906 1.4937289636197e-34 1.37410370140534e-34 1.4937289636197e-34 1.37410370140534e-34 1.4937289636197e-34 1.37410370140534e-34 
373169.683773325 1.53016934875515e-34 1.41093985117335e-34 1.53016934875515e-34 1.41093985117335e-34 1.53016934875515e-34 1.41093985117335e-34 
390816.817753679 1.56737225638566e-34 1.44857168384733e-34 1.56737225638566e-34 1.44857168384733e-34 1.56737225638566e-34 1.44857168384733e-34 
409298.481845299 1.6053534184539e-34 1.48701206497238e-34 1.6053534184539e-34 1.48701206497238e-34 1.6053534184539e-34 1.48701206497238e-34 
428654.140842151 1.64412389267453e-34 1.52627317146445e-34 1.64412389267453e-34 1.52627317146445e-34 1.64412389267453e-34 1.52627317146445e-34 
448925.125821922 1.68370248624412e-34 1.56637275126382e-34 1.68370248624412e-34 1.56637275126382e-34 1.68370248624412e-34 1.56637275126382e-34 
470154.722402278 1.72409858358556e-34 1.6073181491449e-34 1.72409858358556e-34 1.6073181491449e-34 1.72409858358556e-34 1.6073181491449e-34 
492388.263170742 1.76533687781543e-34 1.64913514249055e-34 1.76533687781543e-34 1.64913514249055e-34 1.76533687781543e-34 1.64913514249055e-34 
515673.224485568 1.80741893482912e-34 1.69183316345422e-34 1.80741893482912e-34 1.69183316345422e-34 1.80741893482912e-34 1.69183316345422e-34 
540059.327854313 1.85038771299968e-34 1.73542401662625e-34 1.85038771299968e-34 1.73542401662625e-34 1.85038771299968e-34 1.73542401662625e-34 
565598.64610658 1.89423074258936e-34 1.77992463007609e-34 1.89423074258936e-34 1.77992463007609e-34 1.89423074258936e-34 1.77992463007609e-34 
592345.714587664 1.93897830870542e-34 1.82535520761013e-34 1.93897830870542e-34 1.82535520761013e-34 1.93897830870542e-34 1.82535520761013e-34 
620357.647610515 1.98464281959701e-34 1.87172541029284e-34 1.98464281959701e-34 1.87172541029284e-34 1.98464281959701e-34 1.87172541029284e-34 
649694.260414705 2.03124559842034e-34 1.91905777531512e-34 2.03124559842034e-34 1.91905777531512e-34 2.03124559842034e-34 1.91905777531512e-34 
680418.196892808 2.07880098742883e-34 1.96736534955076e-34 2.07880098742883e-34 1.96736534955076e-34 2.07880098742883e-34 1.96736534955076e-34 
712595.063356944 2.12732753849233e-34 2.01666467356618e-34 2.12732753849233e-34 2.01666467356618e-34 2.12732753849233e-34 2.01666467356618e-34 
746293.568631122 2.17684440810443e-34 2.0669737139294e-34 2.17684440810443e-34 2.0669737139294e-34 2.17684440810443e-34 2.0669737139294e-34 
781585.670768523 2.22736947578819e-34 2.11830978189151e-34 2.22736947578819e-34 2.11830978189151e-34 2.22736947578819e-34 2.11830978189151e-34 
818546.730707023 2.27891463801351e-34 2.17068807657083e-34 2.27891463801351e-34 2.17068807657083e-34 2.27891463801351e-34 2.17068807657083e-34 
857255.673191059 2.33150825775643e-34 2.22413160256639e-34 2.33150825775643e-34 2.22413160256639e-34 2.33150825775643e-34 2.22413160256639e-34 
897795.155303465 2.38516833020079e-34 2.27865550883981e-34 2.38516833020079e-34 2.27865550883981e-34 2.38516833020079e-34 2.27865550883981e-34 
940251.742967153 2.43990877271962e-34 2.33427760343048e-34 2.43990877271962e-34 2.33427760343048e-34 2.43990877271962e-34 2.33427760343048e-34 
984716.095793525 2.49575332445526e-34 2.39101889054364e-34 2.49575332445526e-34 2.39101889054364e-34 2.49575332445526e-34 2.39101889054364e-34 
1031283.16067234 2.55270869053057e-34 2.44888409257162e-34 2.55270869053057e-34 2.44888409257162e-34 2.55270869053057e-34 2.44888409257162e-34 
1080052.37451642 2.61082693214673e-34 2.50792807897018e-34 2.61082693214673e-34 2.50792807897018e-34 2.61082693214673e-34 2.50792807897018e-34 
1131127.87659409 2.67010026567357e-34 2.56813775040566e-34 2.67010026567357e-34 2.56813775040566e-34 2.67010026567357e-34 2.56813775040566e-34 
1184618.73090286 2.73055964035052e-34 2.62954595678601e-34 2.73055964035052e-34 2.62954595678601e-34 2.73055964035052e-34 2.62954595678601e-34 
1240639.15905902 2.79222433742263e-34 2.69217030918403e-34 2.79222433742263e-34 2.69217030918403e-34 2.79222433742263e-34 2.69217030918403e-34 
1299308.78420062 2.85510896294281e-34 2.75602298737429e-34 2.85510896294281e-34 2.75602298737429e-34 2.85510896294281e-34 2.75602298737429e-34 
1360752.88642454 2.91924391786164e-34 2.82113911588435e-34 2.91924391786164e-34 2.82113911588435e-34 2.91924391786164e-34 2.82113911588435e-34 
1425102.67030322 2.98465182775543e-34 2.88753617719313e-34 2.98465182775543e-34 2.88753617719313e-34 2.98465182775543e-34 2.88753617719313e-34 
1492495.54505206 3.05135240063528e-34 2.95523308392186e-34 3.05135240063528e-34 2.95523308392186e-34 3.05135240063528e-34 2.95523308392186e-34 
1563075.41794606 3.11937073102799e-34 3.02425183156933e-34 3.11937073102799e-34 3.02425183156933e-34 3.11937073102799e-34 3.02425183156933e-34 
1636993.00161196 3.18872411057005e-34 3.09461704903088e-34 3.18872411057005e-34 3.09461704903088e-34 3.18872411057005e-34 3.09461704903088e-34 
1714406.13585224 3.25943941799273e-34 3.16635008395803e-34 3.25943941799273e-34 3.16635008395803e-34 3.25943941799273e-34 3.16635008395803e-34 
1795480.12468812 3.33154837919747e-34 3.23947951162607e-34 3.33154837919747e-34 3.23947951162607e-34 3.33154837919747e-34 3.23947951162607e-34 
1880388.08934122 3.40505459803476e-34 3.31401188615715e-34 3.40505459803476e-34 3.31401188615715e-34 3.40505459803476e-34 3.31401188615715e-34 
1969311.33790774 3.48000110644526e-34 3.38998937999219e-34 3.48000110644526e-34 3.38998937999219e-34 3.48000110644526e-34 3.38998937999219e-34 
2062439.75251442 3.55640825718683e-34 3.46742955751312e-34 3.55640825718683e-34 3.46742955751312e-34 3.55640825718683e-34 3.46742955751312e-34 
2159972.19478307 3.63429358165138e-34 3.54635095022136e-34 3.63429358165138e-34 3.54635095022136e-34 3.63429358165138e-34 3.54635095022136e-34 
2262116.93046939 3.71369073972734e-34 3.62678654274342e-34 3.71369073972734e-34 3.62678654274342e-34 3.71369073972734e-34 3.62678654274342e-34 
2369092.07418302 3.79462349866218e-34 3.70875899664465e-34 3.79462349866218e-34 3.70875899664465e-34 3.79462349866218e-34 3.70875899664465e-34 
2481126.05513818 3.87711977809063e-34 3.7922932098415e-34 3.87711977809063e-34 3.7922932098415e-34 3.87711977809063e-34 3.7922932098415e-34 
2598458.10492968 3.96119958349868e-34 3.87741709225573e-34 3.96119958349868e-34 3.87741709225573e-34 3.96119958349868e-34 3.87741709225573e-34 
2721338.76837576 4.04689232711243e-34 3.96415291388484e-34 4.04689232711243e-34 3.96415291388484e-34 4.04689232711243e-34 3.96415291388484e-34 
2850030.43851858 4.13422830936627e-34 4.05252739843115e-34 4.13422830936627e-34 4.05252739843115e-34 4.13422830936627e-34 4.05252739843115e-34 
2984807.91692483 4.22323909743015e-34 4.1425781241507e-34 4.22323909743015e-34 4.1425781241507e-34 4.22323909743015e-34 4.1425781241507e-34 
3125959.00048281 4.31393566067601e-34 4.2343134344357e-34 4.31393566067601e-34 4.2343134344357e-34 4.31393566067601e-34 4.2343134344357e-34 
3273785.09594913 4.40636418419742e-34 4.32777757706384e-34 4.40636418419742e-34 4.32777757706384e-34 4.40636418419742e-34 4.32777757706384e-34 
3428601.86355717 4.5005423060795e-34 4.42298935196808e-34 4.5005423060795e-34 4.42298935196808e-34 4.5005423060795e-34 4.42298935196808e-34 
3590739.89106167 4.59650816670553e-34 4.51998635462557e-34 4.59650816670553e-34 4.51998635462557e-34 4.59650816670553e-34 4.51998635462557e-34 
3760545.39965882 4.69428993531104e-34 4.6187953767623e-34 4.69428993531104e-34 4.6187953767623e-34 4.69428993531104e-34 4.6187953767623e-34 
3938380.98328917 4.79390573508993e-34 4.71943527409593e-34 4.79390573508993e-34 4.71943527409593e-34 4.79390573508993e-34 4.71943527409593e-34 
4124626.38290206 4.89539794492182e-34 4.82194730971666e-34 4.89539794492182e-34 4.82194730971666e-34 4.89539794492182e-34 4.82194730971666e-34 
4319679.29733492 4.99879740146588e-34 4.92635984184219e-34 4.99879740146588e-34 4.92635984184219e-34 4.99879740146588e-34 4.92635984184219e-34 
4523956.23253884 5.10412842024602e-34 5.03270224237562e-34 5.10412842024602e-34 5.03270224237562e-34 5.10412842024602e-34 5.03270224237562e-34 
4737893.39096397 5.21142295844532e-34 5.14100649641625e-34 5.21142295844532e-34 5.14100649641625e-34 5.21142295844532e-34 5.14100649641625e-34 
4961947.60300377 5.3207193916618e-34 5.25130130985937e-34 5.3207193916618e-34 5.25130130985937e-34 5.3207193916618e-34 5.25130130985937e-34 
5196597.30248711 5.43205357457782e-34 5.36363005117182e-34 5.43205357457782e-34 5.36363005117182e-34 5.43205357457782e-34 5.36363005117182e-34 
5442343.54830123 5.54543847043936e-34 5.47800402130119e-34 5.54543847043936e-34 5.47800402130119e-34 5.54543847043936e-34 5.47800402130119e-34 
5699711.09432709 5.66091933165747e-34 5.59446713711114e-34 5.66091933165747e-34 5.59446713711114e-34 5.66091933165747e-34 5.59446713711114e-34 
5969249.5099718 5.77853868230207e-34 5.71306760172979e-34 5.77853868230207e-34 5.71306760172979e-34 5.77853868230207e-34 5.71306760172979e-34 
6251534.35369083 5.89831801892328e-34 5.83381104072563e-34 5.89831801892328e-34 5.83381104072563e-34 5.89831801892328e-34 5.83381104072563e-34 
6547168.40200592 6.02030264172492e-34 5.95675834777674e-34 6.02030264172492e-34 5.95675834777674e-34 6.02030264172492e-34 5.95675834777674e-34 
6856782.93664298 6.14451764253918e-34 6.08192745703862e-34 6.14451764253918e-34 6.08192745703862e-34 6.14451764253918e-34 6.08192745703862e-34 
7181039.09253865 6.27100002301305e-34 6.20935806959961e-34 6.27100002301305e-34 6.20935806959961e-34 6.27100002301305e-34 6.20935806959961e-34 
7520629.26959378 6.39980407179688e-34 6.33908068349117e-34 6.39980407179688e-34 6.33908068349117e-34 6.39980407179688e-34 6.33908068349117e-34 
7876278.6111885 6.5309338357995e-34 6.47116344878607e-34 6.5309338357995e-34 6.47116344878607e-34 6.5309338357995e-34 6.47116344878607e-34 
8248746.5526161 6.66445806377898e-34 6.6056114125516e-34 6.66445806377898e-34 6.6056114125516e-34 6.66445806377898e-34 6.6056114125516e-34 
8638828.44274204 6.80038979003055e-34 6.74245854283171e-34 6.80038979003055e-34 6.74245854283171e-34 6.80038979003055e-34 6.74245854283171e-34 
9047357.24235099 6.93877655052873e-34 6.88175305028551e-34 6.93877655052873e-34 6.88175305028551e-34 6.93877655052873e-34 6.88175305028551e-34 
9475205.30280834 7.07966219069127e-34 7.0235375968542e-34 7.07966219069127e-34 7.0235375968542e-34 7.07966219069127e-34 7.0235375968542e-34 
9923286.22883446 7.22307798889939e-34 7.16784447221195e-34 7.22307798889939e-34 7.16784447221195e-34 7.22307798889939e-34 7.16784447221195e-34 
10392556.8293691 7.36906743807493e-34 7.314715765584e-34 7.36906743807493e-34 7.314715765584e-34 7.36906743807493e-34 7.314715765584e-34 
10884019.1606922 7.51766884455615e-34 7.4641900119157e-34 7.51766884455615e-34 7.4641900119157e-34 7.51766884455615e-34 7.4641900119157e-34 
11398722.6661628 7.66892482669974e-34 7.616310027237e-34 7.66892482669974e-34 7.616310027237e-34 7.66892482669974e-34 7.616310027237e-34 
11937766.4171468 7.82286906602572e-34 7.77110858065619e-34 7.82286906602572e-34 7.77110858065619e-34 7.82286906602572e-34 7.77110858065619e-34 
12502301.4599171 7.97957534247663e-34 7.92865193547395e-34 7.97957534247663e-34 7.92865193547395e-34 7.97957534247663e-34 7.92865193547395e-34 
13093533.2735388 8.13903218755125e-34 8.08895380448813e-34 8.13903218755125e-34 8.08895380448813e-34 8.13903218755125e-34 8.08895380448813e-34 
13712724.3439869 8.30132215600312e-34 8.25207134366692e-34 8.30132215600312e-34 8.25207134366692e-34 8.30132215600312e-34 8.25207134366692e-34 
14361196.8599938 8.46647882007771e-34 8.41803902238369e-34 8.46647882007771e-34 8.41803902238369e-34 8.46647882007771e-34 8.41803902238369e-34 
15040335.5363835 8.63452526473639e-34 8.58690166543005e-34 8.63452526473639e-34 8.58690166543005e-34 8.63452526473639e-34 8.58690166543005e-34 
15751590.5709196 8.80554536733872e-34 8.75871708240406e-34 8.80554536733872e-34 8.75871708240406e-34 8.80554536733872e-34 8.75871708240406e-34 
16496480.7409838 8.97956767477137e-34 8.93353127700994e-34 8.97956767477137e-34 8.93353127700994e-34 8.97956767477137e-34 8.93353127700994e-34 
17276596.6466942 9.15661838875247e-34 9.11136331933609e-34 9.15661838875247e-34 9.11136331933609e-34 9.15661838875247e-34 9.11136331933609e-34 
18093604.1073912 9.33676735212538e-34 9.29228351798502e-34 9.33676735212538e-34 9.29228351798502e-34 9.33676735212538e-34 9.29228351798502e-34 
18949247.7187425 9.52004386308566e-34 9.47632117263575e-34 9.52004386308566e-34 9.47632117263575e-34 9.52004386308566e-34 9.47632117263575e-34 
19845354.5780626 9.70648617173968e-34 9.66351604944722e-34 9.70648617173968e-34 9.66351604944722e-34 9.70648617173968e-34 9.66351604944722e-34 
20783838.1858024 9.89621004540944e-34 9.85399545531149e-34 9.89621004540944e-34 9.85399545531149e-34 9.89621004540944e-34 9.85399545531149e-34 
21766702.5315397 1.00892021847241e-33 1.00477049945594e-33 1.00892021847241e-33 1.00477049945594e-33 1.00892021847241e-33 1.00477049945594e-33 
22796046.3731952 1.0285518227564e-33 1.02447443984952e-33 1.0285518227564e-33 1.02447443984952e-33 1.0285518227564e-33 1.02447443984952e-33 
23874067.7186122 1.04852156402832e-33 1.04451542144567e-33 1.04852156402832e-33 1.04451542144567e-33 1.04852156402832e-33 1.04451542144567e-33 
25003068.5190693 1.0688339290567e-33 1.06489835719001e-33 1.0688339290567e-33 1.06489835719001e-33 1.0688339290567e-33 1.06489835719001e-33 
26185459.5847487 1.08949570119536e-33 1.08562931568004e-33 1.08949570119536e-33 1.08562931568004e-33 1.08949570119536e-33 1.08562931568004e-33 
27423765.7326563 1.11051199083754e-33 1.10671413950211e-33 1.11051199083754e-33 1.10671413950211e-33 1.11051199083754e-33 1.10671413950211e-33 
28720631.1779855 1.13188358754059e-33 1.12815341501528e-33 1.13188358754059e-33 1.12815341501528e-33 1.13188358754059e-33 1.12815341501528e-33 
30078825.1804386 1.15362124156796e-33 1.14995749385966e-33 1.15362124156796e-33 1.14995749385966e-33 1.15362124156796e-33 1.14995749385966e-33 
31501247.9575613 1.17573053314888e-33 1.17213245462599e-33 1.17573053314888e-33 1.17213245462599e-33 1.17573053314888e-33 1.17213245462599e-33 
32990936.8777179 1.1982110718748e-33 1.19467777923547e-33 1.1982110718748e-33 1.19467777923547e-33 1.1982110718748e-33 1.19467777923547e-33 
34551072.9459312 1.22107389528661e-33 1.21760431425977e-33 1.22107389528661e-33 1.21760431425977e-33 1.22107389528661e-33 1.21760431425977e-33 
36184987.596437 1.24432419851318e-33 1.24091756060612e-33 1.24432419851318e-33 1.24091756060612e-33 1.24432419851318e-33 1.24091756060612e-33 
37896169.8064572 1.26796388718431e-33 1.26461910658129e-33 1.26796388718431e-33 1.26461910658129e-33 1.26796388718431e-33 1.26461910658129e-33 
39688273.5463823 1.29200425887026e-33 1.28872047048463e-33 1.29200425887026e-33 1.28872047048463e-33 1.29200425887026e-33 1.28872047048463e-33 
41565125.5822711 1.31645005469793e-33 1.31322625977707e-33 1.31645005469793e-33 1.31322625977707e-33 1.31645005469793e-33 1.31322625977707e-33 
43530733.6473308 1.34129701006819e-33 1.33813220227692e-33 1.34129701006819e-33 1.33813220227692e-33 1.34129701006819e-33 1.33813220227692e-33 
45589294.9998232 1.36656411839023e-33 1.36345790523668e-33 1.36656411839023e-33 1.36345790523668e-33 1.36656411839023e-33 1.36345790523668e-33 
47745205.3856745 1.39225548202012e-33 1.38920673838847e-33 1.39225548202012e-33 1.38920673838847e-33 1.39225548202012e-33 1.38920673838847e-33 
50003068.4249249 1.41836734472557e-33 1.41537325503835e-33 1.41836734472557e-33 1.41537325503835e-33 1.41836734472557e-33 1.41537325503835e-33 
52367705.4420613 1.44491859578535e-33 1.44198203665202e-33 1.44491859578535e-33 1.44198203665202e-33 1.44491859578535e-33 1.44198203665202e-33 
54844165.7612258 1.47190502959554e-33 1.46902323153666e-33 1.47190502959554e-33 1.46902323153666e-33 1.47190502959554e-33 1.46902323153666e-33 
57437737.4882824 1.49934663871107e-33 1.49651875075984e-33 1.49934663871107e-33 1.49651875075984e-33 1.49934663871107e-33 1.49651875075984e-33 
60153958.8027658 1.52723643061953e-33 1.52446168579909e-33 1.52723643061953e-33 1.52446168579909e-33 1.52723643061953e-33 1.52446168579909e-33 
62998629.7838254 1.55558655663999e-33 1.55286353963168e-33 1.55558655663999e-33 1.55286353963168e-33 1.55558655663999e-33 1.55286353963168e-33 
65977824.7954149 1.58440160275515e-33 1.58173026945563e-33 1.58440160275515e-33 1.58173026945563e-33 1.58440160275515e-33 1.58173026945563e-33 
69097905.457177 1.61369096518964e-33 1.61107030989962e-33 1.61369096518964e-33 1.61107030989962e-33 1.61369096518964e-33 1.61107030989962e-33 
72365534.2287183 1.64345861407365e-33 1.64088767257975e-33 1.64345861407365e-33 1.64088767257975e-33 1.64345861407365e-33 1.64088767257975e-33 
75787688.6362822 1.67371528247236e-33 1.67119325729568e-33 1.67371528247236e-33 1.67119325729568e-33 1.67371528247236e-33 1.67119325729568e-33 
79371676.1721997 1.7044633486128e-33 1.70198959133152e-33 1.7044633486128e-33 1.70198959133152e-33 1.7044633486128e-33 1.70198959133152e-33 
83125149.8989319 1.73571471256252e-33 1.73328812226014e-33 1.73571471256252e-33 1.73328812226014e-33 1.73571471256252e-33 1.73328812226014e-33 
87056124.7910257 1.76747215340339e-33 1.76509207325396e-33 1.76747215340339e-33 1.76509207325396e-33 1.76747215340339e-33 1.76509207325396e-33 
91172994.8498777 1.79974494321508e-33 1.79741057548641e-33 1.79974494321508e-33 1.79741057548641e-33 1.79974494321508e-33 1.79741057548641e-33 
95484551.027853 1.83254104740146e-33 1.83025164506423e-33 1.83254104740146e-33 1.83025164506423e-33 1.83254104740146e-33 1.83025164506423e-33 
100000000.000032 1.86586492622456e-33 1.86361972560334e-33 1.86586492622456e-33 1.86361972560334e-33 1.86586492622456e-33 1.86361972560334e-33 
