0.999999999999999 8.4227986567383e-39 3.02648250817379e-39 8.4227986567383e-39 3.02648250817379e-39 0 0 
1.04240400702156 8.75038824909012e-39 3.16595076541242e-39 8.75038824909012e-39 3.16595076541242e-39 0 0 
1.08660611385459 9.09084208683155e-39 3.31080435664707e-39 9.09084208683155e-39 3.31080435664707e-39 0 0 
1.13268256713615 9.44477267647088e-39 3.46120491321777e-39 9.44477267647088e-39 3.46120491321777e-39 0 0 
1.18071284666619 9.81275004397916e-39 3.61750645089569e-39 9.81275004397916e-39 3.61750645089569e-39 0 0 
1.23077980250666 1.01953764672192e-38 3.77988089393173e-39 1.01953764672192e-38 3.77988089393173e-39 0 0 
1.28296979789414 1.05933415737463e-38 3.94868716767962e-39 1.05933415737463e-38 3.94868716767962e-39 0 0 
1.33737285821249 1.10071684017088e-38 4.1242492230456e-39 1.10071684017088e-38 4.1242492230456e-39 0 0 
1.39408282628257 1.1437775402541e-38 4.30687862846875e-39 1.1437775402541e-38 4.30687862846875e-39 0 0 
1.45319752423688 1.18859753868178e-38 4.49700378537642e-39 1.18859753868178e-38 4.49700378537642e-39 0 0 
1.51481892225833 1.23525358017238e-38 4.69500142843457e-39 1.23525358017238e-38 4.69500142843457e-39 0 0 
1.57905331447416 1.28383970757938e-38 4.90131670546651e-39 1.28383970757938e-38 4.90131670546651e-39 0 0 
1.64601150230853 1.33442346216946e-38 5.11630311516788e-39 1.33442346216946e-38 5.11630311516788e-39 0 0 
1.71580898560999 1.38709673714926e-38 5.34052543038386e-39 1.38709673714926e-38 5.34052543038386e-39 0 0 
1.78856616188344 1.44193656614729e-38 5.5742704114624e-39 1.44193656614729e-38 5.5742704114624e-39 0 0 
1.86440853397046 1.49904353563613e-38 5.81812983048457e-39 1.49904353563613e-38 5.81812983048457e-39 0 0 
1.943466926536 1.55849357236104e-38 6.0725779539304e-39 1.55849357236104e-38 6.0725779539304e-39 0 0 
2.02587771173499 1.62040478894468e-38 6.33803393499273e-39 1.62040478894468e-38 6.33803393499273e-39 0 0 
2.11178304444821 1.68487420814654e-38 6.61503874722058e-39 1.68487420814654e-38 6.61503874722058e-39 0 0 
2.201331107493 1.75201189407467e-38 6.90419624010144e-39 1.75201189407467e-38 6.90419624010144e-39 0 0 
2.2946763672319 1.82192845638224e-38 7.20598689029875e-39 1.82192845638224e-38 7.20598689029875e-39 0 0 
2.3919798400202 1.89473625444422e-38 7.52093997615683e-39 1.89473625444422e-38 7.52093997615683e-39 0 0 
2.49340936995184 1.97055374762959e-38 7.84964638205249e-39 1.97055374762959e-38 7.84964638205249e-39 0 0 
2.59913991838289 2.04950234516171e-38 8.19266199906969e-39 2.04950234516171e-38 8.19266199906969e-39 0 0 
2.709353865732 2.13170843866627e-38 8.55060607596293e-39 2.13170843866627e-38 8.55060607596293e-39 0 0 
2.82424132607838 2.21729147317073e-38 8.9240413931836e-39 2.21729147317073e-38 8.9240413931836e-39 0 0 
2.94400047509997 2.30640220510509e-38 9.31364903184702e-39 2.30640220510509e-38 9.31364903184702e-39 0 0 
3.06883789191758 2.39918285463513e-38 9.720166354876e-39 2.39918285463513e-38 9.720166354876e-39 0 0 
3.19896891543447 2.49577994676016e-38 1.01443315280426e-38 2.49577994676016e-38 1.01443315280426e-38 0 0 
3.33461801578629 2.59634899922473e-38 1.05868707571332e-38 2.59634899922473e-38 1.05868707571332e-38 0 0 
3.4760191815419 2.70104941655286e-38 1.1048472598215e-38 2.70104941655286e-38 1.1048472598215e-38 0 0 
3.62341632332306 2.81004615882563e-38 1.15300777321905e-38 2.81004615882563e-38 1.15300777321905e-38 1.80231721881688e-42 1.26004313774278e-42 
3.77706369453927 2.92352189280156e-38 1.20324447116516e-38 2.92352189280156e-38 1.20324447116516e-38 1.80835218041059e-41 1.27506938028918e-41 
3.93722632996338 3.0416391450766e-38 1.25564220703776e-38 3.0416391450766e-38 1.25564220703776e-38 6.95481475970905e-41 4.92248292438684e-41 
4.1041805029046 3.16459336242389e-38 1.31028995708526e-38 3.16459336242389e-38 1.31028995708526e-38 1.77947504349511e-40 1.26196178401923e-40 
4.2782142017675 3.29257613128412e-38 1.36728056813037e-38 3.29257613128412e-38 1.36728056813037e-38 3.63063671093013e-40 2.57824787055702e-40 
4.45962762681897 3.42578733314161e-38 1.42670357878693e-38 3.42578733314161e-38 1.42670357878693e-38 6.41020179313972e-40 4.55610112236801e-40 
4.64873370802012 3.56443712949965e-38 1.48867396845644e-38 3.56443712949965e-38 1.48867396845644e-38 1.02381719539911e-39 7.2799578961825e-40 
4.84585864481635 3.70875081433469e-38 1.55327859000727e-38 3.70875081433469e-38 1.55327859000727e-38 1.51945269921294e-39 1.0803302818207e-39 
5.05134246881661 3.85894309545295e-38 1.6206488298467e-38 3.85894309545295e-38 1.6206488298467e-38 2.13258869135532e-39 1.51545203570993e-39 
5.26553963033259 4.01527756713057e-38 1.69088095923747e-38 4.01527756713057e-38 1.69088095923747e-38 2.86532256210607e-39 2.0340696882281e-39 
5.48881960978949 4.17797311703548e-38 1.76411291593024e-38 4.17797311703548e-38 1.76411291593024e-38 3.7179437505433e-39 2.63546716888342e-39 
5.72156755506306 4.34731489557756e-38 1.84046440317954e-38 4.34731489557756e-38 1.84046440317954e-38 4.68976006263067e-39 3.31807387083435e-39 
5.96418494584226 4.52354188179995e-38 1.92006288512503e-38 4.52354188179995e-38 1.92006288512503e-38 5.77969660711587e-39 4.07990505606341e-39 
6.21709028616361 4.70695932526808e-38 2.00303987042483e-38 4.70695932526808e-38 2.00303987042483e-38 6.98657285251518e-39 4.91897015463317e-39 
6.48071982631174 4.8978402862555e-38 2.08954100006527e-38 4.8978402862555e-38 2.08954100006527e-38 8.30930037194891e-39 5.8332941169445e-39 
6.7555283153314 5.09648833332592e-38 2.179721252018e-38 5.09648833332592e-38 2.179721252018e-38 9.73197448015611e-39 6.80521261347653e-39 
7.04198978544903 5.30323597744159e-38 2.27370567133199e-38 5.30323597744159e-38 2.27370567133199e-38 1.12239256539953e-38 7.80404301492063e-39 
7.34059836975694 5.51837545557029e-38 2.37167557358004e-38 5.51837545557029e-38 2.37167557358004e-38 1.27712676646925e-38 8.81430583624407e-39 
7.65186915457053 5.74227924741382e-38 2.47380748137459e-38 5.74227924741382e-38 2.47380748137459e-38 1.4372391147995e-38 9.83259230304041e-39 
7.97633906792896 5.97531528887949e-38 2.58025788549445e-38 5.97531528887949e-38 2.58025788549445e-38 1.60322233775278e-38 1.08618886139582e-38 
8.31456780577173 6.21784665035104e-38 2.69123476904278e-38 6.21784665035104e-38 2.69123476904278e-38 1.77580311607875e-38 1.1907030755907e-38 
8.66713879738888 6.47026304321103e-38 2.80693126116188e-38 6.47026304321103e-38 2.80693126116188e-38 1.95573629582412e-38 1.29732749194147e-38 
9.03466021181015 6.73299531359999e-38 2.92756300018998e-38 6.73299531359999e-38 2.92756300018998e-38 2.14380893860233e-38 1.40659024091725e-38 
9.41776600686912 7.00642000363122e-38 3.05329751554808e-38 7.00642000363122e-38 3.05329751554808e-38 2.34070294144513e-38 1.51890556429143e-38 
9.81711702275177 7.29102615808144e-38 3.18439164712124e-38 7.29102615808144e-38 3.18439164712124e-38 2.54709215623159e-38 1.63469426711984e-38 
10.233402121916 7.58723840712977e-38 3.32105933484581e-38 7.58723840712977e-38 3.32105933484581e-38 2.76365061983485e-38 1.75435024276739e-38 
10.6673393773481 7.89554645199345e-38 3.46354554735404e-38 7.89554645199345e-38 3.46354554735404e-38 2.99099482339686e-38 1.87822737947367e-38 
11.1196773112065 8.21646186597014e-38 3.61209660725602e-38 8.21646186597014e-38 3.61209660725602e-38 3.22975017661218e-38 2.00665919906604e-38 
11.5911961859883 8.55042584379962e-38 3.76694496840147e-38 8.55042584379962e-38 3.76694496840147e-38 3.48060134097349e-38 2.14003339797685e-38 
12.0827093504472 8.8980512579034e-38 3.92839194736269e-38 8.8980512579034e-38 3.92839194736269e-38 3.74422003975399e-38 2.27868261111379e-38 
12.595064642583 9.25991339415306e-38 4.09670205223123e-38 9.25991339415306e-38 4.09670205223123e-38 4.02121685396997e-38 2.42296669398292e-38 
13.129145852124 9.63650606329584e-38 4.27216901836917e-38 9.63650606329584e-38 4.27216901836917e-38 4.31224839448061e-38 2.57319282004231e-38 
13.6858742450245 1.00285250263784e-37 4.45512234332145e-38 1.00285250263784e-37 4.45512234332145e-38 4.61804713755467e-38 2.72976905773023e-38 
14.2662101526067 1.04365732511688e-37 4.64583957610116e-38 1.04365732511688e-37 4.64583957610116e-38 4.93929729471923e-38 2.89306682250785e-38 
14.8711546280888 1.08612954636141e-37 4.84466223186839e-38 1.08612954636141e-37 4.84466223186839e-38 5.27674585511105e-38 3.06334929295468e-38 
15.5017511733569 1.13033916238787e-37 5.05197486991023e-38 1.13033916238787e-37 5.05197486991023e-38 5.63099109869725e-38 3.24110036491408e-38 
16.1590875389583 1.17635896280482e-37 5.26808391837847e-38 1.17635896280482e-37 5.26808391837847e-38 6.0028761480751e-38 3.42659643429027e-38 
16.8442976004223 1.22425790043123e-37 5.49340192362614e-38 1.22425790043123e-37 5.49340192362614e-38 6.39319808628141e-38 3.62030756312201e-38 
17.5585633141437 1.27412089916449e-37 5.72831841061741e-38 1.27412089916449e-37 5.72831841061741e-38 6.80275134119266e-38 3.8226197096526e-38 
18.3031167562051 1.32602447566878e-37 5.97322526882607e-38 1.32602447566878e-37 5.97322526882607e-38 7.23231659953684e-38 4.03390187667407e-38 
19.0792422476516 1.38005247940674e-37 6.22857027519642e-38 1.38005247940674e-37 6.22857027519642e-38 7.6827481271152e-38 4.25459641767801e-38 
19.888278569887 1.4362957186921e-37 6.49478797022923e-38 1.4362957186921e-37 6.49478797022923e-38 8.15492409388294e-38 4.48511902723434e-38 
20.7316212740111 1.4948443676042e-37 6.77234953176084e-38 1.4948443676042e-37 6.77234953176084e-38 8.6498330806903e-38 4.72601997514668e-38 
21.6107250880825 1.55579023870518e-37 7.06170183339537e-38 1.55579023870518e-37 7.06170183339537e-38 9.16841886899351e-38 4.97778167338673e-38 
22.5271064264585 1.6192407145818e-37 7.36344296588654e-38 1.6192407145818e-37 7.36344296588654e-38 9.71170385793056e-38 5.24084662848659e-38 
23.4823460055414 1.6852902169438e-37 7.67802994259129e-38 1.6852902169438e-37 7.67802994259129e-38 1.0280693977948e-37 5.51578502090705e-38 
24.4780915704429 1.75405079381238e-37 8.00602036093135e-38 1.75405079381238e-37 8.00602036093135e-38 1.08763682970089e-37 5.80307962049485e-38 
25.5160607372703 1.82563723663729e-37 8.34799374105747e-38 1.82563723663729e-37 8.34799374105747e-38 1.15000107440967e-37 6.10332422368305e-38 
26.5980439559359 1.90015789487688e-37 8.7045854054189e-38 1.90015789487688e-37 8.7045854054189e-38 1.21526475627465e-37 6.41719016370424e-38 
27.7259075986031 1.97774073039347e-37 9.07640855344399e-38 1.97774073039347e-37 9.07640855344399e-38 1.28356545706559e-37 6.74526126507186e-38 
28.9015971790933 2.05851436025909e-37 9.46406915666325e-38 2.05851436025909e-37 9.46406915666325e-38 1.35501837662113e-37 7.08818561034641e-38 
30.1271407088097 2.14260503330624e-37 9.86830867111238e-38 2.14260503330624e-37 9.86830867111238e-38 1.42976246887016e-37 7.44668165977212e-38 
31.4046521949655 2.2301538698685e-37 1.02898023174327e-37 2.2301538698685e-37 1.02898023174327e-37 1.50793083357989e-37 7.82139258307035e-38 
32.7363352871503 2.32131702975395e-37 1.07293293307322e-37 2.32131702975395e-37 1.07293293307322e-37 1.58966031636178e-37 8.21304460672984e-38 
34.1244870785266 2.41619352558621e-37 1.11876025525182e-37 2.41619352558621e-37 1.11876025525182e-37 1.67510492168064e-37 8.62242249885348e-38 
35.5715020682115 2.51499433939522e-37 1.16655213106375e-37 2.51499433939522e-37 1.16655213106375e-37 1.76441616372568e-37 9.05034362155852e-38 
37.0798762916792 2.61785614049578e-37 1.21638299182537e-37 2.61785614049578e-37 1.21638299182537e-37 1.85776332104949e-37 9.49768976061098e-38 
38.65221162631 2.72495224017892e-37 1.26834519189994e-37 2.72495224017892e-37 1.26834519189994e-37 1.95530815141663e-37 9.96530624648588e-38 
40.2912202795107 2.83645407651066e-37 1.32253052534171e-37 2.83645407651066e-37 1.32253052534171e-37 2.05722992357328e-37 1.04541539438494e-37 
41.9997294671501 2.9525433899861e-37 1.37903263045176e-37 2.9525433899861e-37 1.37903263045176e-37 2.16370744547556e-37 1.09651732565068e-37 
43.7806862903786 3.07341718056147e-37 1.43795870104249e-37 3.07341718056147e-37 1.43795870104249e-37 2.2749262671268e-37 1.14992489525011e-37 
45.6371628192443 3.19926111575263e-37 1.49940383594441e-37 3.19926111575263e-37 1.49940383594441e-37 2.3910835071047e-37 1.20575009961486e-37 
47.5723613918754 3.33028781712419e-37 1.56347926830385e-37 3.33028781712419e-37 1.56347926830385e-37 2.51238297067275e-37 1.26410325183187e-37 
49.5896201383685 3.46671660442712e-37 1.6303033397812e-37 3.46671660442712e-37 1.6303033397812e-37 2.6390506597222e-37 1.32509563492461e-37 
51.6924187389122 3.60875300066022e-37 1.69998002523005e-37 3.60875300066022e-37 1.69998002523005e-37 2.77130303484548e-37 1.38885460998248e-37 
53.8843844260782 3.7566447825049e-37 1.77264846556317e-37 3.7566447825049e-37 1.77264846556317e-37 2.90937692399504e-37 1.45549857613576e-37 
56.1692982416338 3.91062561156775e-37 1.84842797209256e-37 3.91062561156775e-37 1.84842797209256e-37 3.05350062296133e-37 1.52515117820101e-37 
58.5511015586679 4.07095057854567e-37 1.92745490945937e-37 4.07095057854567e-37 1.92745490945937e-37 3.20393994224893e-37 1.59795062730696e-37 
61.0339028802815 4.23787727338166e-37 2.00986748890371e-37 4.23787727338166e-37 2.00986748890371e-37 3.36092470952853e-37 1.67402354023833e-37 
63.6219849265699 4.41168294637506e-37 2.09581421707013e-37 4.41168294637506e-37 2.09581421707013e-37 3.5247441772839e-37 1.753510884431e-37 
66.3198120221215 4.59264201205789e-37 2.18544459467768e-37 4.59264201205789e-37 2.18544459467768e-37 3.69566874505295e-37 1.8365729774338e-37 
69.1320377967758 4.78106298352404e-37 2.27891805238001e-37 4.78106298352404e-37 2.27891805238001e-37 3.8739937662495e-37 1.92335888318523e-37 
72.0635132129247 4.97724286613812e-37 2.376399828167e-37 4.97724286613812e-37 2.376399828167e-37 4.06003131995989e-37 2.01403553749727e-37 
75.1192949332036 5.18150658334911e-37 2.47806190440017e-37 5.18150658334911e-37 2.47806190440017e-37 4.25409819718593e-37 2.10878076788574e-37 
78.3046540430055 5.39416541298736e-37 2.58408227868745e-37 5.39416541298736e-37 2.58408227868745e-37 4.45653048927296e-37 2.20776806814344e-37 
81.6250851428656 5.61558956892362e-37 2.69465654666364e-37 5.61558956892362e-37 2.69465654666364e-37 4.66765425416072e-37 2.31118987135536e-37 
85.0863158263987 5.84613304730032e-37 2.80996237101548e-37 5.84613304730032e-37 2.80996237101548e-37 4.88783993623758e-37 2.41921908026978e-37 
88.6943165601396 6.08617026277645e-37 2.93022210282634e-37 6.08617026277645e-37 2.93022210282634e-37 5.11745452240956e-37 2.532082911489e-37 
92.4553109823279 6.3360889540077e-37 3.05563639012744e-37 6.3360889540077e-37 3.05563639012744e-37 5.35687395702151e-37 2.64996472157909e-37 
96.3757866384026 6.59629872049415e-37 3.18643014054439e-37 6.59629872049415e-37 3.18643014054439e-37 5.60650127573009e-37 2.77307114039944e-37 
100.462506171725 6.86721531853971e-37 3.32284054500863e-37 6.86721531853971e-37 3.32284054500863e-37 5.86677131745676e-37 2.90169343527235e-37 
104.722518988834 7.14927839537772e-37 3.46510082748892e-37 7.14927839537772e-37 3.46510082748892e-37 6.13811233607578e-37 3.03600072967516e-37 
109.163173419352 7.44294243039833e-37 3.61346043485866e-37 7.44294243039833e-37 3.61346043485866e-37 6.42095295084705e-37 3.17626383599708e-37 
113.792129391521 7.74869122372567e-37 3.76818678235499e-37 7.74869122372567e-37 3.76818678235499e-37 6.71580366257414e-37 3.32275650523864e-37 
118.617371645237 8.06702242253628e-37 3.9295475830406e-37 8.06702242253628e-37 3.9295475830406e-37 7.02313552513351e-37 3.47573816050859e-37 
123.64722350536 8.39840563698853e-37 4.09782874016441e-37 8.39840563698853e-37 4.09782874016441e-37 7.34349296761098e-37 3.63548416712223e-37 
128.890361239078 8.74342578092119e-37 4.27332689863463e-37 8.74342578092119e-37 4.27332689863463e-37 7.67733046215441e-37 3.80231457827795e-37 
134.35582902207 9.10261396457461e-37 4.45634653567103e-37 9.10261396457461e-37 4.45634653567103e-37 8.02524054599012e-37 3.9765008640525e-37 
140.053054539309 9.47657197077401e-37 4.64721974702165e-37 9.47657197077401e-37 4.64721974702165e-37 8.38780283532877e-37 4.15836081363889e-37 
145.991865247384 9.86586866562274e-37 4.84627359292408e-37 9.86586866562274e-37 4.84627359292408e-37 8.765600852772e-37 4.34823896232996e-37 
152.182505326424 1.02711374781566e-36 5.05384054829278e-37 1.02711374781566e-36 5.05384054829278e-37 9.15924883940071e-37 4.54645361069452e-37 
158.635653350844 1.06930275703404e-36 5.27033931626413e-37 1.06930275703404e-36 5.27033931626413e-37 9.56942235959939e-37 4.75342878773161e-37 
165.362440709402 1.1132219043359e-36 5.49609388489483e-37 1.1132219043359e-36 5.49609388489483e-37 9.99677246198724e-37 4.96946005771156e-37 
172.374470806345 1.15894310451697e-36 5.73152545370332e-37 1.15894310451697e-36 5.73152545370332e-37 1.04419425801562e-36 5.1949979107382e-37 
179.683839076755 1.20653325109423e-36 5.97703027922636e-37 1.20653325109423e-36 5.97703027922636e-37 1.09057529163054e-36 5.43043671089084e-37 
187.303153850625 1.25607308775341e-36 6.23306105326237e-37 1.25607308775341e-36 6.23306105326237e-37 1.13888762600471e-36 5.6761813108334e-37 
195.245558101667 1.30764127329056e-36 6.50004253361993e-37 1.30764127329056e-36 6.50004253361993e-37 1.18921637675691e-36 5.93272886040681e-37 
203.524752118337 1.3613143044203e-36 6.77845543073167e-37 1.3613143044203e-36 6.77845543073167e-37 1.24163873912571e-36 6.20049098280982e-37 
212.155017136224 1.41718298275508e-36 7.06878013751433e-37 1.41718298275508e-36 7.06878013751433e-37 1.2962384541945e-36 6.47996541759748e-37 
221.151239972527 1.47533299161975e-36 7.37151570289144e-37 1.47533299161975e-36 7.37151570289144e-37 1.35310570340158e-36 6.77164623100387e-37 
230.528938705147 1.5358530035664e-36 7.6871999234962e-37 1.5358530035664e-36 7.6871999234962e-37 1.41232987000373e-36 7.07607331816093e-37 
240.304289440672 1.59884161530666e-36 8.01635653836825e-37 1.59884161530666e-36 8.01635653836825e-37 1.47400283106678e-36 7.39376380819888e-37 
250.494154217424 1.6643987327807e-36 8.35961379119678e-37 1.6643987327807e-36 8.35961379119678e-37 1.53822856703887e-36 7.7253123306071e-37 
261.116110091719 1.73262253551507e-36 8.71751400347096e-37 1.73262253551507e-36 8.71751400347096e-37 1.60510314707168e-36 8.07127632746769e-37 
272.188479457489 1.80362029957438e-36 9.09069764085611e-37 1.80362029957438e-36 9.09069764085611e-37 1.67473700110617e-36 8.43231518136857e-37 
283.730361651591 1.87750405002489e-36 9.47979479403503e-37 1.87750405002489e-36 9.47979479403503e-37 1.74724094346215e-36 8.80903573259899e-37 
295.761665899294 1.95438578181091e-36 9.88549644732068e-37 1.95438578181091e-36 9.88549644732068e-37 1.8227301490963e-36 9.20213048958466e-37 
308.303145656795 2.03438916063665e-36 1.03084934672283e-36 2.03438916063665e-36 1.03084934672283e-36 1.90131664292645e-36 9.6123187092699e-37 
321.376434409993 2.11762516348939e-36 1.07495112827434e-36 2.11762516348939e-36 1.07495112827434e-36 1.983122497586e-36 1.00402729506417e-36 
335.004082991277 2.20423096167532e-36 1.1209304737528e-36 2.20423096167532e-36 1.1209304737528e-36 2.06825970217143e-36 1.04867497422289e-36 
349.209598478689 2.29434301497098e-36 1.16886668329723e-36 2.29434301497098e-36 1.16886668329723e-36 2.15689633749592e-36 1.09525785574777e-36 
364.017484744574 2.38808735828108e-36 1.21884122408517e-36 2.38808735828108e-36 1.21884122408517e-36 2.24914307578188e-36 1.14384994536041e-36 
379.453284723652 2.48561179280503e-36 1.2709409135298e-36 2.48561179280503e-36 1.2709409135298e-36 2.34515170246627e-36 1.19454208312434e-36 
395.543624473426 2.58706246325162e-36 1.32525368290623e-36 2.58706246325162e-36 1.32525368290623e-36 2.44507063148423e-36 1.24742168396922e-36 
412.316259102929 2.69258848819559e-36 1.38187045514924e-36 2.69258848819559e-36 1.38187045514924e-36 2.54904279136161e-36 1.30258046197323e-36 
429.800120649031 2.8023535982178e-36 1.44088966194419e-36 2.8023535982178e-36 1.44088966194419e-36 2.65722970868861e-36 1.36011106721814e-36 
448.025367982898 2.9165218437499e-36 1.5024119240533e-36 2.9165218437499e-36 1.5024119240533e-36 2.76979662686136e-36 1.42012031686822e-36 
467.02343883268 3.03525584401091e-36 1.56653461794866e-36 3.03525584401091e-36 1.56653461794866e-36 2.8869100691382e-36 1.48270421729671e-36 
486.827104012172 3.15873229124734e-36 1.63337298766265e-36 3.15873229124734e-36 1.63337298766265e-36 3.00874435792342e-36 1.54797490928855e-36 
507.470523948988 3.28714940635163e-36 1.70303674353405e-36 3.28714940635163e-36 1.70303674353405e-36 3.13548206389802e-36 1.61604172991615e-36 
528.989307609753 3.42064550171935e-36 1.77563874170678e-36 3.42064550171935e-36 1.77563874170678e-36 3.26729967126587e-36 1.68702101856918e-36 
551.420573923965 3.55947613798629e-36 1.85131153663834e-36 3.55947613798629e-36 1.85131153663834e-36 3.40442169159741e-36 1.76104039153107e-36 
574.803015812467 3.70379431116426e-36 1.93016533421633e-36 3.70379431116426e-36 1.93016533421633e-36 3.54701133425393e-36 1.838210610155e-36 
599.17696693099 3.85382943570527e-36 2.01233785463093e-36 3.85382943570527e-36 2.01233785463093e-36 3.69529627773267e-36 1.91867381903696e-36 
624.584471243887 4.00979235643327e-36 2.0979715402049e-36 4.00979235643327e-36 2.0979715402049e-36 3.84946506865975e-36 2.0025625255474e-36 
651.069355548067 4.1718983800042e-36 2.18719599758921e-36 4.1718983800042e-36 2.18719599758921e-36 4.0097702558816e-36 2.09003113853313e-36 
678.677305072247 4.3403799819239e-36 2.28016725893092e-36 4.3403799819239e-36 2.28016725893092e-36 4.1764210020809e-36 2.18118773271971e-36 
707.455942281901 4.51547418072635e-36 2.37703658166575e-36 4.51547418072635e-36 2.37703658166575e-36 4.34965743912249e-36 2.27621930113397e-36 
737.454909025864 4.69741674126616e-36 2.47795207826777e-36 4.69741674126616e-36 2.47795207826777e-36 4.52972268686206e-36 2.37526891448877e-36 
768.725952166278 4.886455043249e-36 2.58309098338818e-36 4.886455043249e-36 2.58309098338818e-36 4.71685340217651e-36 2.47850784899703e-36 
801.323012839589 5.08287656944422e-36 2.6926172285778e-36 5.08287656944422e-36 2.6926172285778e-36 4.91133534981102e-36 2.58610544211291e-36 
835.302319502573 5.28690899990442e-36 2.80670640753845e-36 5.28690899990442e-36 2.80670640753845e-36 5.11340520271543e-36 2.69823801854436e-36 
870.722484923882 5.49883395490526e-36 2.92554765151263e-36 5.49883395490526e-36 2.92554765151263e-36 5.32336008863547e-36 2.81507592411001e-36 
907.644607288421 5.71895501355107e-36 3.0493131968009e-36 5.71895501355107e-36 3.0493131968009e-36 5.54145327806072e-36 2.93682007454412e-36 
946.132375588956 5.94753577859427e-36 3.17821477424116e-36 5.94753577859427e-36 3.17821477424116e-36 5.7679927704515e-36 3.06366345447347e-36 
986.252179486751 6.18489491967114e-36 3.31245647952275e-36 6.18489491967114e-36 3.31245647952275e-36 6.00329707794301e-36 3.19581594165109e-36 
1028.07322383073 6.43132772155377e-36 3.45225659151322e-36 6.43132772155377e-36 3.45225659151322e-36 6.2476466158963e-36 3.33347330053273e-36 
1071.66764803272 6.68715134692317e-36 3.59781044480347e-36 6.68715134692317e-36 3.59781044480347e-36 6.50135826430322e-36 3.47686734137431e-36 
1117.11065050468 6.95269783760792e-36 3.74935965149504e-36 6.95269783760792e-36 3.74935965149504e-36 6.76476838111696e-36 3.626224593284e-36 
1164.48061837253 7.22831040982912e-36 3.90714670966817e-36 7.22831040982912e-36 3.90714670966817e-36 7.03819103233806e-36 3.78177391601366e-36 
1213.85926269047 7.51431281452075e-36 4.07139675347425e-36 7.51431281452075e-36 4.07139675347425e-36 7.32199883542772e-36 3.9437675157177e-36 
1265.33175938877 7.81106575192494e-36 4.24238549898913e-36 7.81106575192494e-36 4.24238549898913e-36 7.61652022801846e-36 4.11244022421769e-36 
1318.98689619849 8.11892004970626e-36 4.42035288680926e-36 8.11892004970626e-36 4.42035288680926e-36 7.92210900307377e-36 4.28807147895519e-36 
1374.91722580623 8.43825086076772e-36 4.60557667455643e-36 8.43825086076772e-36 4.60557667455643e-36 8.23914164680133e-36 4.47091587444137e-36 
1433.21922550338 8.76944369545501e-36 4.79833165513375e-36 8.76944369545501e-36 4.79833165513375e-36 8.56800161943532e-36 4.66125293892521e-36 
1493.99346360505 9.11287683680413e-36 4.99890553004906e-36 9.11287683680413e-36 4.99890553004906e-36 8.90909237167268e-36 4.85937937618585e-36 
1557.34477292592 9.46895807989948e-36 5.20761075456018e-36 9.46895807989948e-36 5.20761075456018e-36 9.26279340122429e-36 5.06559253548672e-36 
1623.38243161205 9.83806597103733e-36 5.42472863905525e-36 9.83806597103733e-36 5.42472863905525e-36 9.62950762703407e-36 5.28018426142221e-36 
1692.2203516408 1.02206534587331e-35 5.650582121123e-36 1.02206534587331e-35 5.650582121123e-36 1.00096395849986e-35 5.50349160746748e-36 
1763.9772753138 1.06171244119108e-35 5.88552703657185e-36 1.06171244119108e-35 5.88552703657185e-36 1.04036579979426e-35 5.73582369962169e-36 
1838.77698008207 1.10279316839676e-35 6.12988755721075e-36 1.10279316839676e-35 6.12988755721075e-36 1.08119397216414e-35 5.97753667051111e-36 
1916.74849205654 1.14534919696362e-35 6.38399799989284e-36 1.14534919696362e-35 6.38399799989284e-36 1.12349701070639e-35 6.22896917387803e-36 
1998.02630857227 1.18942654037174e-35 6.64824503473592e-36 1.18942654037174e-35 6.64824503473592e-36 1.16731907154692e-35 6.49048190908032e-36 
2082.75063019022 1.23508081838892e-35 6.92297019103889e-36 1.23508081838892e-35 6.92297019103889e-36 1.21270463835452e-35 6.76244668630546e-36 
2171.06760253695 1.28233115393165e-35 7.20857603880122e-36 1.28233115393165e-35 7.20857603880122e-36 1.25970214878759e-35 7.04525336694426e-36 
2263.1295683992 1.33125440665287e-35 7.50546887639179e-36 1.33125440665287e-35 7.50546887639179e-36 1.30835915440559e-35 7.3393030086278e-36 
2359.09533050829 1.38188745402618e-35 7.81402168534768e-36 1.38188745402618e-35 7.81402168534768e-36 1.35872403429935e-35 7.64498182295193e-36 
2459.13042546769 1.43428109305646e-35 8.13467542327234e-36 1.43428109305646e-35 8.13467542327234e-36 1.41084622928614e-35 7.9627285075399e-36 
2563.40740929614 1.48848617768485e-35 8.46787191564517e-36 1.48848617768485e-35 8.46787191564517e-36 1.46477738056006e-35 8.29295636150018e-36 
2672.10615507904 1.54454989573402e-35 8.81402717262981e-36 1.54454989573402e-35 8.81402717262981e-36 1.5205647888293e-35 8.63613039940031e-36 
2785.41416324136 1.60253434135845e-35 9.17364164559023e-36 1.60253434135845e-35 9.17364164559023e-36 1.57826322628111e-35 8.99267642702432e-36 
2903.52688497738 1.66248163118905e-35 9.54713859361805e-36 1.66248163118905e-35 9.54713859361805e-36 1.63792609819769e-35 9.36311771568105e-36 
3026.64805939524 1.72445038709699e-35 9.93502967526167e-36 1.72445038709699e-35 9.93502967526167e-36 1.69960549883073e-35 9.74787788103191e-36 
3154.99006495762 1.78848756782984e-35 1.0337800283364e-35 1.78848756782984e-35 1.0337800283364e-35 1.76335493558331e-35 1.01474579295697e-35 
3288.77428582502 1.85466035027662e-35 1.07559143315354e-35 1.85466035027662e-35 1.07559143315354e-35 1.82923190187102e-35 1.05623970349762e-35 
3428.23149373345 1.92301957756845e-35 1.11900246124125e-35 1.92301957756845e-35 1.11900246124125e-35 1.89729015663989e-35 1.0993225027236e-35 
3573.60224606525 1.99361407772735e-35 1.16405366885933e-35 1.99361407772735e-35 1.16405366885933e-35 1.96758341337246e-35 1.14404441076886e-35 
3725.13730079964 2.06651317235829e-35 1.21080710426233e-35 2.06651317235829e-35 1.21080710426233e-35 2.04017358717814e-35 1.19046295690647e-35 
3883.09804905901 2.14176414334068e-35 1.25931563268071e-35 2.14176414334068e-35 1.25931563268071e-35 2.11511349259761e-35 1.23863295806258e-35 
4047.7569659967 2.21942660866154e-35 1.30963954437169e-35 2.21942660866154e-35 1.30963954437169e-35 2.19246505895649e-35 1.28861342852486e-35 
4219.39808080437 2.29956083731278e-35 1.36183436652668e-35 2.29956083731278e-35 1.36183436652668e-35 2.2722847073142e-35 1.34046172204278e-35 
4398.31746664954 2.38222687130695e-35 1.41596534322429e-35 2.38222687130695e-35 1.41596534322429e-35 2.35463078403832e-35 1.39424048508872e-35 
4584.82375138838 2.46748301188809e-35 1.4720908672706e-35 2.46748301188809e-35 1.4720908672706e-35 2.43956577294572e-35 1.45001156329656e-35 
4779.23864993485 2.55538964939412e-35 1.53027790043903e-35 2.55538964939412e-35 1.53027790043903e-35 2.52714765085682e-35 1.50783708409124e-35 
4981.89751920438 2.64600906501324e-35 1.59059054862579e-35 2.64600906501324e-35 1.59059054862579e-35 2.61743443412697e-35 1.56778407363037e-35 
5193.14993658939 2.73940100731899e-35 1.6530909284351e-35 2.73940100731899e-35 1.6530909284351e-35 2.71049040464157e-35 1.62991431569579e-35 
5413.36030296452 2.83562683665969e-35 1.71785283258404e-35 2.83562683665969e-35 1.71785283258404e-35 2.80637557910982e-35 1.69430410546439e-35 
5642.90847126164 2.93474454109184e-35 1.78494093436161e-35 2.93474454109184e-35 1.78494093436161e-35 2.90515338046229e-35 1.76101255981845e-35 
5882.19040169901 3.03681801419225e-35 1.85442836393917e-35 3.03681801419225e-35 1.85442836393917e-35 3.00688290214984e-35 1.83011849983743e-35 
6131.61884479478 3.14191308086243e-35 1.9263864106316e-35 3.14191308086243e-35 1.9263864106316e-35 3.11162900206443e-35 1.90169020559356e-35 
6391.62405334296 3.25009261082398e-35 2.00088878309319e-35 3.25009261082398e-35 2.00088878309319e-35 3.21945562745189e-35 1.97580272547365e-35 
6662.65452458006 3.36141164691813e-35 2.07801252208771e-35 3.36141164691813e-35 2.07801252208771e-35 3.33041844918075e-35 2.05252546461268e-35 
6945.17777382256 3.47594292566353e-35 2.15783059991246e-35 3.47594292566353e-35 2.15783059991246e-35 3.4445881505284e-35 2.13193909089706e-35 
7239.68114090968 3.59374505077804e-35 2.24042105877596e-35 3.59374505077804e-35 2.24042105877596e-35 3.5620251336971e-35 2.2141245613171e-35 
7546.67263084264 3.71488573385824e-35 2.32586558974004e-35 3.71488573385824e-35 2.32586558974004e-35 3.6827960057996e-35 2.29915729457257e-35 
7866.68179007027 3.83942478074793e-35 2.41424384572687e-35 3.83942478074793e-35 2.41424384572687e-35 3.80696283375844e-35 2.38711706148269e-35 
8200.26061993276 3.96743200633406e-35 2.50563709641566e-35 3.96743200633406e-35 2.50563709641566e-35 3.93458713284089e-35 2.47808943573044e-35 
8547.98452883898 4.0989636176945e-35 2.60012889999922e-35 4.0989636176945e-35 2.60012889999922e-35 4.06573886731703e-35 2.57215643248242e-35 
8910.45332482001 4.23408903826454e-35 2.69780437357439e-35 4.23408903826454e-35 2.69780437357439e-35 4.20047827666159e-35 2.66939948587937e-35 
9288.29225017093 4.37287793477603e-35 2.79874973272931e-35 4.37287793477603e-35 2.79874973272931e-35 4.33887247402746e-35 2.76990694311754e-35 
9682.15305996544 4.5153887951612e-35 2.9030495425669e-35 4.5153887951612e-35 2.9030495425669e-35 4.48099340209777e-35 2.87376818648813e-35 
10092.715146304 4.66169027947993e-35 3.01079604598716e-35 4.66169027947993e-35 3.01079604598716e-35 4.62689260520725e-35 2.98106809230348e-35 
10520.6867102344 4.81184490872197e-35 3.12207832601681e-35 4.81184490872197e-35 3.12207832601681e-35 4.7766431538121e-35 3.09189857399091e-35 
10966.8059833668 4.9659225839013e-35 3.23698687766749e-35 4.9659225839013e-35 3.23698687766749e-35 4.93031688009013e-35 3.20635224661037e-35 
11431.8425012895 5.12398246066343e-35 3.3556130290182e-35 5.12398246066343e-35 3.3556130290182e-35 5.08797413996209e-35 3.32452697670472e-35 
11916.5984309835 5.28611666805894e-35 3.478054332469e-35 5.28611666805894e-35 3.478054332469e-35 5.24967967611065e-35 3.44649294058728e-35 
12421.909954524 5.45236964974692e-35 3.60439884612279e-35 5.45236964974692e-35 3.60439884612279e-35 5.41550613418583e-35 3.57237153741485e-35 
12948.6487114568 5.62277634737342e-35 3.73476071992629e-35 5.62277634737342e-35 3.73476071992629e-35 5.58552176516314e-35 3.70224636940824e-35 
13497.723302337 5.79749795935009e-35 3.86920219762685e-35 5.79749795935009e-35 3.86920219762685e-35 5.75978674111847e-35 3.8362198812127e-35 
14070.0808560244 5.97653217929205e-35 4.00786339440202e-35 5.97653217929205e-35 4.00786339440202e-35 5.93837773655061e-35 3.97438693443973e-35 
14666.7086634371 6.15994793277095e-35 4.15081987635377e-35 6.15994793277095e-35 4.15081987635377e-35 6.12135850389074e-35 4.11685297522571e-35 
15288.6358805846 6.34783536530812e-35 4.29817271512207e-35 6.34783536530812e-35 4.29817271512207e-35 6.30880544372822e-35 4.26371220376772e-35 
15936.9353038149 6.54027520266843e-35 4.45003557327694e-35 6.54027520266843e-35 4.45003557327694e-35 6.50077914831126e-35 4.41506567867132e-35 
16612.7252203399 6.73732158095452e-35 4.60649532880664e-35 6.73732158095452e-35 4.60649532880664e-35 6.69735903638951e-35 4.57102475426901e-35 
17317.1713372304 6.93902046202813e-35 4.76766698957522e-35 6.93902046202813e-35 4.76766698957522e-35 6.89860573199462e-35 4.7316819914524e-35 
18051.4887922078 7.14549158188125e-35 4.93365908201772e-35 7.14549158188125e-35 4.93365908201772e-35 7.10460678967991e-35 4.89715628465555e-35 
18816.9442497021 7.35677540019532e-35 5.10456982967361e-35 7.35677540019532e-35 5.10456982967361e-35 7.31542640806953e-35 5.06754750574857e-35 
19614.8580857907 7.57294744184859e-35 5.2805118368432e-35 7.57294744184859e-35 5.2805118368432e-35 7.53113834913231e-35 5.24295632578361e-35 
20446.6066657874 7.79412714371202e-35 5.46159086787992e-35 7.79412714371202e-35 5.46159086787992e-35 7.75181829274736e-35 5.42350256954869e-35 
21313.6247184104 8.0203452852911e-35 5.64791918736395e-35 8.0203452852911e-35 5.64791918736395e-35 7.97754393573904e-35 5.60928875137949e-35 
22217.4078106247 8.25167927840933e-35 5.83960704688897e-35 8.25167927840933e-35 5.83960704688897e-35 8.20838241177248e-35 5.80042514399177e-35 
23159.5149274272 8.48823051810246e-35 6.03675925395458e-35 8.48823051810246e-35 6.03675925395458e-35 8.44442963665583e-35 5.99702896629305e-35 
24141.5711610257 8.73004979163858e-35 6.23949963887526e-35 8.73004979163858e-35 6.23949963887526e-35 8.68574093847334e-35 6.19920912647917e-35 
25165.2705140492 8.97723444892344e-35 6.44793114308734e-35 8.97723444892344e-35 6.44793114308734e-35 8.93241712754723e-35 6.40707943636061e-35 
26232.3788216263 9.22986168256218e-35 6.66217532359687e-35 9.22986168256218e-35 6.66217532359687e-35 9.18453601767733e-35 6.6207557603811e-35 
27344.7367973706 9.48802011751331e-35 6.88234449092064e-35 9.48802011751331e-35 6.88234449092064e-35 9.44217369141469e-35 6.84035589777147e-35 
28504.2632085289 9.75178214381834e-35 7.10855407833068e-35 9.75178214381834e-35 7.10855407833068e-35 9.70541096655799e-35 7.06598312401839e-35 
29712.9581857677 1.00212665867892e-34 7.34093486940988e-35 1.00212665867892e-34 7.34093486940988e-35 9.97433596664763e-35 7.29777002898251e-35 
30972.9066733081 1.02965067109044e-34 7.57958426887898e-35 1.02965067109044e-34 7.57958426887898e-35 1.02490512904423e-34 7.53583160279518e-35 
32286.2820253611 1.05776277308001e-34 7.82463483320176e-35 1.05776277308001e-34 7.82463483320176e-35 1.05296281337782e-34 7.78028618635229e-35 
33655.3497550644 1.08647154524373e-34 8.07620887032115e-35 1.08647154524373e-34 8.07620887032115e-35 1.08161562261167e-34 8.03124959311906e-35 
35082.4714423911 1.11578698259982e-34 8.33442335046929e-35 1.11578698259982e-34 8.33442335046929e-35 1.11087432960542e-34 8.28884803041899e-35 
36570.1088077678 1.14571599425684e-34 8.59937494424005e-35 1.14571599425684e-34 8.59937494424005e-35 1.14074633024789e-34 8.55321218695888e-35 
38120.8279584314 1.17627065035148e-34 8.87126229746194e-35 1.17627065035148e-34 8.87126229746194e-35 1.17124175332935e-34 8.8244506868619e-35 
39737.3038148483 1.2074552603573e-34 9.15009948585059e-35 1.2074552603573e-34 9.15009948585059e-35 1.20237193636379e-34 9.10269881105747e-35 
41422.3247248308 1.23928503534132e-34 9.43615693288377e-35 1.23928503534132e-34 9.43615693288377e-35 1.23414836696432e-34 9.38807340548194e-35 
43178.7972733117 1.27177333970891e-34 9.72943379290077e-35 1.27177333970891e-34 9.72943379290077e-35 1.26657493591293e-34 9.6807223109219e-35 
45009.7512960715 1.30492295643282e-34 1.00301043947553e-34 1.30492295643282e-34 1.00301043947553e-34 1.29967137390818e-34 9.98073789297561e-35 
46918.3451060686 1.33875015461683e-34 1.03383041475908e-34 1.33875015461683e-34 1.03383041475908e-34 1.33342685738158e-34 1.02882763690329e-34 
48907.8709413861 1.37326091890063e-34 1.0654173122536e-34 1.37326091890063e-34 1.0654173122536e-34 1.36787750674033e-34 1.06034756570218e-34 
50981.760644194 1.40847013495749e-34 1.09778044349351e-34 1.40847013495749e-34 1.09778044349351e-34 1.40302407370514e-34 1.09264458665622e-34 
53143.5915805217 1.44438595895589e-34 1.13093572880982e-34 1.44438595895589e-34 1.13093572880982e-34 1.43887759491064e-34 1.12573280158041e-34 
55397.0928110528 1.48102451282784e-34 1.16489694654081e-34 1.48102451282784e-34 1.16489694654081e-34 1.47545115641125e-34 1.15962538788152e-34 
57746.1515235865 1.51839178223482e-34 1.19967641093659e-34 1.51839178223482e-34 1.19967641093659e-34 1.51275516377622e-34 1.19433582285635e-34 
60194.8197382605 1.55650070723038e-34 1.23528828989379e-34 1.55650070723038e-34 1.23528828989379e-34 1.55079845713297e-34 1.22987707771854e-34 
62747.3212971029 1.59537061649303e-34 1.27174782842005e-34 1.59537061649303e-34 1.27174782842005e-34 1.58959842908517e-34 1.26626565864395e-34 
65408.0591499691 1.63500292627914e-34 1.30906615639994e-34 1.63500292627914e-34 1.30906615639994e-34 1.62917171470796e-34 1.30351380381209e-34 
68181.6229494307 1.67542093480552e-34 1.34725734889717e-34 1.67542093480552e-34 1.34725734889717e-34 1.66951910571085e-34 1.34163447703407e-34 
71072.7969677194 1.71663114648523e-34 1.38634096072488e-34 1.71663114648523e-34 1.38634096072488e-34 1.71066203295021e-34 1.3806442513654e-34 
74086.5683493802 1.75864788949973e-34 1.42632526417849e-34 1.75864788949973e-34 1.42632526417849e-34 1.75260907524002e-34 1.42055406992922e-34 
77228.1357138703 1.80148526329059e-34 1.46722701671332e-34 1.80148526329059e-34 1.46722701671332e-34 1.79537711598228e-34 1.46138235468816e-34 
80502.9181229429 1.84515515952107e-34 1.50906023941864e-34 1.84515515952107e-34 1.50906023941864e-34 1.83897815721285e-34 1.50314144923072e-34 
83916.5644282839 1.88967687789513e-34 1.55184227932471e-34 1.88967687789513e-34 1.55184227932471e-34 1.88342610543875e-34 1.5458460783539e-34 
87474.9630155257 1.93506055501773e-34 1.59558662852262e-34 1.93506055501773e-34 1.59558662852262e-34 1.92873654483813e-34 1.58951173617729e-34 
91184.2519614464 1.98131835174963e-34 1.64030378205587e-34 1.98131835174963e-34 1.64030378205587e-34 1.97492410992698e-34 1.6341560613662e-34 
95050.8296218749 2.0284743974172e-34 1.68601906861765e-34 2.0284743974172e-34 1.68601906861765e-34 2.0220032176964e-34 1.67979051478653e-34 
99081.3656685656 2.07653415621455e-34 1.73273932201441e-34 2.07653415621455e-34 1.73273932201441e-34 2.06998960383175e-34 1.72643340668884e-34 
103282.812594081 2.12551732816706e-34 1.78048609110013e-34 2.12551732816706e-34 1.78048609110013e-34 2.11889582473533e-34 1.77409931183086e-34 
107662.417704526 2.17544035227107e-34 1.82926778126948e-34 2.17544035227107e-34 1.82926778126948e-34 2.16874343932709e-34 1.8228038904644e-34 
112227.735620827 2.22631985459728e-34 1.87911140654566e-34 2.22631985459728e-34 1.87911140654566e-34 2.21954573197943e-34 1.87256343891054e-34 
116986.641310105 2.27817124059597e-34 1.93002591811219e-34 2.27817124059597e-34 1.93002591811219e-34 2.27131772593663e-34 1.92339526383522e-34 
121947.343669647 2.33101017978244e-34 1.98202775963185e-34 2.33101017978244e-34 1.98202775963185e-34 2.32407844532298e-34 1.97531476133023e-34 
127118.399686875 2.38485410372496e-34 2.0351364464252e-34 2.38485410372496e-34 2.0351364464252e-34 2.37784265308991e-34 2.028340152915e-34 
132508.729199766 2.43972228683695e-34 2.08936855395058e-34 2.43972228683695e-34 2.08936855395058e-34 2.43263025696634e-34 2.08248761040158e-34 
138127.630283171 2.49563048284801e-34 2.14473921152361e-34 2.49563048284801e-34 2.14473921152361e-34 2.48845618677547e-34 2.13777171305996e-34 
143984.795287569 2.55260002151432e-34 2.20126753538834e-34 2.55260002151432e-34 2.20126753538834e-34 2.54534121929165e-34 2.19421426051063e-34 
150090.32755794 2.61064194003512e-34 2.25897169415444e-34 2.61064194003512e-34 2.25897169415444e-34 2.60330257909115e-34 2.25183169493305e-34 
156454.758861575 2.66978293540525e-34 2.3178666949041e-34 2.66978293540525e-34 2.3178666949041e-34 2.66235581488702e-34 2.31063706048603e-34 
163089.067554897 2.73003902197432e-34 2.37797453860231e-34 2.73003902197432e-34 2.37797453860231e-34 2.72252671184441e-34 2.37065554304307e-34 
170004.697520634 2.79142947846539e-34 2.43931565030778e-34 2.79142947846539e-34 2.43931565030778e-34 2.78382900960232e-34 2.43190311226695e-34 
177213.577907996 2.85396727819502e-34 2.50189528482885e-34 2.85396727819502e-34 2.50189528482885e-34 2.84628568113535e-34 2.49439689091756e-34 
184728.143709922 2.91768311086979e-34 2.56574705363425e-34 2.91768311086979e-34 2.56574705363425e-34 2.90991510624715e-34 2.55815777541399e-34 
192561.357212876 2.98260328407877e-34 2.630888253708e-34 2.98260328407877e-34 2.630888253708e-34 2.97473406483148e-34 2.62320051017787e-34 
200726.730356211 3.04872793945618e-34 2.69732905305297e-34 3.04872793945618e-34 2.69732905305297e-34 3.04077241893857e-34 2.68955166323131e-34 
209238.34803965 3.11608884056897e-34 2.76510209689007e-34 3.11608884056897e-34 2.76510209689007e-34 3.10804360987926e-34 2.75722605951009e-34 
218110.892419102 3.18470948641648e-34 2.8342137511174e-34 3.18470948641648e-34 2.8342137511174e-34 3.17657406471685e-34 2.82624717271346e-34 
227359.66823272 3.25460654534127e-34 2.90469222053964e-34 3.25460654534127e-34 2.90469222053964e-34 3.24637768992231e-34 2.89662908771056e-34 
237000.629200878 3.32580818510999e-34 2.97656137042913e-34 3.32580818510999e-34 2.97656137042913e-34 3.31748550306733e-34 2.9684011202705e-34 
247050.405545626 3.39833293880879e-34 3.04983595912333e-34 3.39833293880879e-34 3.04983595912333e-34 3.38991308975365e-34 3.04157540780855e-34 
257526.332677061 3.47220548621274e-34 3.12453882010928e-34 3.47220548621274e-34 3.12453882010928e-34 3.46368552976927e-34 3.11617659380403e-34 
268446.481096134 3.54744357734457e-34 3.20069261263446e-34 3.54744357734457e-34 3.20069261263446e-34 3.53883156811095e-34 3.1922308338686e-34 
279829.687565447 3.62407918607052e-34 3.27831583253592e-34 3.62407918607052e-34 3.27831583253592e-34 3.61536555450162e-34 3.26975585526709e-34 
291695.587601812 3.70213086068818e-34 3.35744155882911e-34 3.70213086068818e-34 3.35744155882911e-34 3.69331879599521e-34 3.34877568341219e-34 
304064.649346636 3.78162368174611e-34 3.43809902360294e-34 3.78162368174611e-34 3.43809902360294e-34 3.7727092608826e-34 3.42930463924549e-34 
316958.208872537 3.86258178330282e-34 3.52024866810412e-34 3.86258178330282e-34 3.52024866810412e-34 3.85356513021978e-34 3.51137703450829e-34 
330398.506987108 3.94503088110603e-34 3.60398782727142e-34 3.94503088110603e-34 3.60398782727142e-34 3.93591010453416e-34 3.59500778981473e-34 
344408.727597301 4.02899591415414e-34 3.68932040987585e-34 4.02899591415414e-34 3.68932040987585e-34 4.0197716538511e-34 3.68022870969969e-34 
359013.037700622 4.11450285133435e-34 3.77624743288576e-34 4.11450285133435e-34 3.77624743288576e-34 4.10517697666109e-34 3.76705784116347e-34 
374236.629072109 4.20157838140124e-34 3.86481705422272e-34 4.20157838140124e-34 3.86481705422272e-34 4.19214395776421e-34 3.8555151905517e-34 
390105.761719006 4.29024892184458e-34 3.95504761062179e-34 4.29024892184458e-34 3.95504761062179e-34 4.28070587241483e-34 3.94563566052486e-34 
406647.809178088 4.38053720506245e-34 4.0469664795056e-34 4.38053720506245e-34 4.0469664795056e-34 4.37088350548842e-34 4.0374348925106e-34 
423891.305733776 4.47247482276625e-34 4.14057846489902e-34 4.47247482276625e-34 4.14057846489902e-34 4.46271535424468e-34 4.13094605888121e-34 
441865.995638488 4.56609138915141e-34 4.23593726643817e-34 4.56609138915141e-34 4.23593726643817e-34 4.5562181783375e-34 4.22618843290632e-34 
460602.884420129 4.66141124833587e-34 4.33305836374526e-34 4.66141124833587e-34 4.33305836374526e-34 4.65142460473597e-34 4.32319154100951e-34 
480134.292365229 4.7584574276158e-34 4.43196262775143e-34 4.7584574276158e-34 4.43196262775143e-34 4.74836753118671e-34 4.42198599573931e-34 
500493.910269974 4.8572714812334e-34 4.53268001466499e-34 4.8572714812334e-34 4.53268001466499e-34 4.84706514964104e-34 4.52260403634111e-34 
521716.857555307 4.95787813760588e-34 4.63524636908778e-34 4.95787813760588e-34 4.63524636908778e-34 4.94755645238123e-34 4.62503715168173e-34 
543839.742846347 5.06030185346116e-34 4.73968170607998e-34 5.06030185346116e-34 4.73968170607998e-34 5.04986171301841e-34 4.72934945353689e-34 
566900.727120604 5.16457664518868e-34 4.84600996143752e-34 5.16457664518868e-34 4.84600996143752e-34 5.15401500759997e-34 4.83555905475699e-34 
590939.589533951 5.27073135035245e-34 4.95426723022814e-34 5.27073135035245e-34 4.95426723022814e-34 5.26004931571983e-34 4.94369420324002e-34 
615997.796037864 5.37879430805948e-34 5.06448712185615e-34 5.37879430805948e-34 5.06448712185615e-34 5.36799520635832e-34 5.05378389068338e-34 
642118.570906317 5.48880136659313e-34 5.17667339256566e-34 5.48880136659313e-34 5.17667339256566e-34 5.47788409009374e-34 5.16586304625312e-34 
669346.9712957 5.60078261332019e-34 5.29088485316828e-34 5.60078261332019e-34 5.29088485316828e-34 5.5897403313049e-34 5.27994209728188e-34 
697729.96496638 5.71476683891999e-34 5.40714134221083e-34 5.71476683891999e-34 5.40714134221083e-34 5.70360328120962e-34 5.39607555859636e-34 
727316.511299964 5.83079746854645e-34 5.52547258966592e-34 5.83079746854645e-34 5.52547258966592e-34 5.81950452941091e-34 5.5142778427062e-34 
758157.645752021 5.94890059741445e-34 5.64591459315363e-34 5.94890059741445e-34 5.64591459315363e-34 5.93748147501696e-34 5.63459038641665e-34 
790306.567885936 6.06909553473033e-34 5.76848448014085e-34 6.06909553473033e-34 5.76848448014085e-34 6.05754834324392e-34 5.75703359578048e-34 
823818.733139753 6.19143659490002e-34 5.89322733070199e-34 6.19143659490002e-34 5.89322733070199e-34 6.17976316624923e-34 5.88165052645474e-34 
858751.9484843 6.31594556014797e-34 6.02017299727188e-34 6.31594556014797e-34 6.02017299727188e-34 6.3041427533835e-34 6.00846338395166e-34 
895166.472137603 6.44266644896868e-34 6.14935778919638e-34 6.44266644896868e-34 6.14935778919638e-34 6.43073136864749e-34 6.13751222094224e-34 
933125.117507587 6.57163019019616e-34 6.28080986834962e-34 6.57163019019616e-34 6.28080986834962e-34 6.55956623451321e-34 6.2688321509312e-34 
972693.361542369 6.70287035000547e-34 6.41456512591331e-34 6.70287035000547e-34 6.41456512591331e-34 6.69067177536096e-34 6.40244806238978e-34 
1013939.45767503 6.83642416162055e-34 6.55065612561364e-34 6.83642416162055e-34 6.55065612561364e-34 6.82409000748197e-34 6.5384029625964e-34 
1056934.55355772 6.97233543248995e-34 6.68912595613659e-34 6.97233543248995e-34 6.68912595613659e-34 6.95986294651251e-34 6.67673330183116e-34 
1101752.8137881 7.11062748685792e-34 6.8299924212779e-34 7.11062748685792e-34 6.8299924212779e-34 7.09803084766901e-34 6.81746144752124e-34 
1148471.54783999 7.25134866075731e-34 6.97331689544709e-34 7.25134866075731e-34 6.97331689544709e-34 7.2385935703477e-34 6.96063589866844e-34 
1197171.34341866 7.39451803927076e-34 7.11910023127938e-34 7.39451803927076e-34 7.11910023127938e-34 7.38163000585596e-34 7.10628653220975e-34 
1247936.20547099 7.5402000122321e-34 7.26740613701297e-34 7.5402000122321e-34 7.26740613701297e-34 7.52716857293292e-34 7.25445557417198e-34 
1300853.70109023 7.68842273437187e-34 7.41827242510443e-34 7.68842273437187e-34 7.41827242510443e-34 7.67522270127748e-34 7.40516949006306e-34 
1356015.11056528 7.8392165234913e-34 7.57173053508133e-34 7.8392165234913e-34 7.57173053508133e-34 7.82590018905011e-34 7.55848176059138e-34 
1413515.58483502 7.99263622455488e-34 7.72781797996642e-34 7.99263622455488e-34 7.72781797996642e-34 7.97917408569984e-34 7.71442249703173e-34 
1473454.30961945 8.14871592536306e-34 7.88656679833148e-34 8.14871592536306e-34 7.88656679833148e-34 8.13510007987213e-34 7.87302298291555e-34 
1535934.67651049 8.30748845355613e-34 8.04804214681793e-34 8.30748845355613e-34 8.04804214681793e-34 8.29373284808223e-34 8.0343412816279e-34 
1601064.46131789 8.46898892701085e-34 8.21224189278303e-34 8.46898892701085e-34 8.21224189278303e-34 8.45509981787376e-34 8.19840119498252e-34 
1668956.00997758 8.63329454970071e-34 8.37923238843732e-34 8.63329454970071e-34 8.37923238843732e-34 8.61923930336443e-34 8.36523972431037e-34 
1739726.43234334 8.80041429716729e-34 8.54905717551299e-34 8.80041429716729e-34 8.54905717551299e-34 8.78620778899659e-34 8.5349131332098e-34 
1813497.80419601 8.97043364456706e-34 8.7217755156966e-34 8.97043364456706e-34 8.7217755156966e-34 8.95605914194911e-34 8.70746991571395e-34 
1890397.37781871 9.14332439979228e-34 8.89738321204042e-34 9.14332439979228e-34 8.89738321204042e-34 9.12880137299006e-34 8.88291978398902e-34 
1970557.80150127 9.3191878743819e-34 9.07595984975626e-34 9.3191878743819e-34 9.07595984975626e-34 9.30450520382701e-34 9.06133561872409e-34 
2054117.34835251 9.49804238002037e-34 9.25753287351061e-34 9.49804238002037e-34 9.25753287351061e-34 9.48319811805785e-34 9.2427382270183e-34 
2141220.15481515 9.67994390721355e-34 9.44213798248389e-34 9.67994390721355e-34 9.44213798248389e-34 9.66494692296817e-34 9.42719489696996e-34 
2232016.46929463 9.86494312187226e-34 9.62984843748726e-34 9.86494312187226e-34 9.62984843748726e-34 9.84977627316589e-34 9.61473055719664e-34 
2326662.91133083 1.00530737893286e-33 9.82068201984679e-34 1.00530737893286e-33 9.82068201984679e-34 1.00377426629276e-33 9.80540651619772e-34 
2425322.74175969 1.02443870750783e-33 1.0014696856659e-33 1.02443870750783e-33 1.0014696856659e-33 1.02288927029974e-33 9.99925482058951e-34 
2528166.14433081 1.04389251101357e-33 1.02119296466861e-33 1.04389251101357e-33 1.02119296466861e-33 1.04232624432227e-33 1.01963243317521e-33 
2635370.51926667 1.06367452986516e-33 1.0412442578576e-33 1.06367452986516e-33 1.0412442578576e-33 1.06209141135089e-33 1.03966625478054e-33 
2747120.78927006 1.08379024382875e-33 1.06162845203216e-33 1.08379024382875e-33 1.06162845203216e-33 1.08218898415683e-33 1.06003203551088e-33 
2863609.71850733 1.10424148261647e-33 1.08234728301875e-33 1.10424148261647e-33 1.08234728301875e-33 1.10262384474293e-33 1.08073533619263e-33 
2985038.24511791 1.12503705265051e-33 1.10340916596678e-33 1.12503705265051e-33 1.10340916596678e-33 1.12340062637687e-33 1.10177781778578e-33 
3111615.8278235 1.14617819035913e-33 1.12481577908191e-33 1.14617819035913e-33 1.12481577908191e-33 1.14452410137742e-33 1.12316722276861e-33 
3243560.80723491 1.16767147501214e-33 1.14657483560884e-33 1.16767147501214e-33 1.14657483560884e-33 1.1660011211426e-33 1.14490903676114e-33 
3381100.78247974 1.1895225180854e-33 1.16868991315085e-33 1.1895225180854e-33 1.16868991315085e-33 1.18783540582033e-33 1.16700698750129e-33 
3524473.0038006 1.21173832242475e-33 1.19116762996155e-33 1.21173832242475e-33 1.19116762996155e-33 1.2100315247831e-33 1.18946535280027e-33 
3673924.78180104 1.23432087150968e-33 1.21401236198576e-33 1.23432087150968e-33 1.21401236198576e-33 1.23259580258567e-33 1.21229190456061e-33 
3829713.9140452 1.25727711827361e-33 1.23722870039419e-33 1.25727711827361e-33 1.23722870039419e-33 1.25553405666188e-33 1.23548977870585e-33 
3992109.12974693 1.28061082603538e-33 1.26082231798251e-33 1.28061082603538e-33 1.26082231798251e-33 1.27885025134753e-33 1.25906467028606e-33 
4161390.55331553 1.3043297632389e-33 1.28479777063177e-33 1.3043297632389e-33 1.28479777063177e-33 1.30254935108798e-33 1.28302186192344e-33 
4337850.18755776 1.32843856308757e-33 1.30916251771125e-33 1.32843856308757e-33 1.30916251771125e-33 1.32663969934158e-33 1.30736742836549e-33 
4521792.41736942 1.35294282121317e-33 1.3339212144602e-33 1.35294282121317e-33 1.3339212144602e-33 1.35112294176679e-33 1.33210517448954e-33 
4713534.53478557 1.37784789166794e-33 1.35907934638555e-33 1.37784789166794e-33 1.35907934638555e-33 1.37600989381471e-33 1.35724444657331e-33 
4913407.28629496 1.40315928172995e-33 1.38464186768778e-33 1.40315928172995e-33 1.38464186768778e-33 1.40130130382762e-33 1.38278684976644e-33 
5121755.44336277 1.42888301862028e-33 1.41061510179426e-33 1.42888301862028e-33 1.41061510179426e-33 1.42700504930521e-33 1.40874074563842e-33 
5338938.39714582 1.4550246444743e-33 1.43700453595936e-33 1.4550246444743e-33 1.43700453595936e-33 1.45312707798287e-33 1.43511033289367e-33 
5565330.77842604 1.48159174188051e-33 1.46381720510065e-33 1.48159174188051e-33 1.46381720510065e-33 1.47967243336191e-33 1.46190170319994e-33 
5801323.1038317 1.50858670177615e-33 1.49105706765291e-33 1.50858670177615e-33 1.49105706765291e-33 1.50664725344714e-33 1.48912099444488e-33 
6047322.4494609 1.53601810598544e-33 1.51873104749288e-33 1.53601810598544e-33 1.51873104749288e-33 1.53405975127282e-33 1.51677587332577e-33 
6303753.15306945 1.5638918530884e-33 1.54684533308732e-33 1.5638918530884e-33 1.54684533308732e-33 1.56191283557779e-33 1.54486950045035e-33 
6571057.54603436 1.59221638029273e-33 1.57540896333802e-33 1.59221638029273e-33 1.57540896333802e-33 1.59021407517644e-33 1.57340938103887e-33 
6849696.71635545 1.62099474579919e-33 1.60442334393636e-33 1.62099474579919e-33 1.60442334393636e-33 1.61897236122637e-33 1.60240387908199e-33 
7140151.30401131 1.65023134258749e-33 1.6338949590122e-33 1.65023134258749e-33 1.6338949590122e-33 1.64818827249442e-33 1.63185481488479e-33 
7442922.33004158 1.67993855832657e-33 1.66383404814754e-33 1.67993855832657e-33 1.66383404814754e-33 1.67787268594146e-33 1.6617718585644e-33 
7758532.06078555 1.71011980417647e-33 1.69424628837655e-33 1.71011980417647e-33 1.69424628837655e-33 1.70802971914033e-33 1.69216013766964e-33 
8087524.90876807 1.74078008458419e-33 1.72513580185137e-33 1.74078008458419e-33 1.72513580185137e-33 1.73866723024579e-33 1.72302578685935e-33 
8430468.37178648 1.77192600210948e-33 1.7565082936362e-33 1.77192600210948e-33 1.7565082936362e-33 1.76979232342105e-33 1.75437784875261e-33 
8787954.01181871 1.80356739084697e-33 1.78837410921465e-33 1.80356739084697e-33 1.78837410921465e-33 1.8014105865675e-33 1.7862219160095e-33 
9160598.47544098 1.83570922760842e-33 1.82073872519419e-33 1.83570922760842e-33 1.82073872519419e-33 1.83352960954855e-33 1.81856169059412e-33 
9549044.55751524 1.8683586752661e-33 1.8536081320187e-33 1.8683586752661e-33 1.8536081320187e-33 1.86615532944963e-33 1.85140729898382e-33 
9953962.30998126 1.9015210042194e-33 1.88698845130616e-33 1.9015210042194e-33 1.88698845130616e-33 1.89929465796583e-33 1.88476466341189e-33 
10376050.197666 1.93520721333552e-33 1.92089063992637e-33 1.93520721333552e-33 1.92089063992637e-33 1.9329595778975e-33 1.91864537946512e-33 
10816036.3031039 1.96942121060506e-33 1.95531850170314e-33 1.96942121060506e-33 1.95531850170314e-33 1.96714776560328e-33 1.95304730700615e-33 
11274679.5824461 2.0041701756872e-33 1.99028017352797e-33 2.0041701756872e-33 1.99028017352797e-33 2.00187274523116e-33 1.98798349520513e-33 
11752771.1746259 2.03946223523584e-33 2.02577957698657e-33 2.03946223523584e-33 2.02577957698657e-33 2.03713989028931e-33 2.02345969436711e-33 
12251135.7660375 2.0753066237839e-33 2.0618314218049e-33 2.0753066237839e-33 2.0618314218049e-33 2.07295846487366e-33 2.05948630115326e-33 
12770633.0130826 2.11172372726794e-33 2.09845369648927e-33 2.11172372726794e-33 2.09845369648927e-33 2.10933265054537e-33 2.0960648877502e-33 
13312159.025039 2.14867184732141e-33 2.13560451055756e-33 2.14867184732141e-33 2.13560451055756e-33 2.14627442180241e-33 2.13320876841314e-33 
13876647.9098089 2.18621477706161e-33 2.17334772107182e-33 2.18621477706161e-33 2.17334772107182e-33 2.18378808897277e-33 2.17092313296591e-33 
14465073.385212 2.22433410863432e-33 2.21166504027998e-33 2.22433410863432e-33 2.21166504027998e-33 2.22188145329847e-33 2.20921517658678e-33 
15078450.4586059 2.2630420556263e-33 2.25056894542522e-33 2.2630420556263e-33 2.25056894542522e-33 2.26056635594048e-33 2.24809650346661e-33 
15717837.1777268 2.30234628145903e-33 2.29006695438155e-33 2.30234628145903e-33 2.29006695438155e-33 2.29984253408421e-33 2.28756533844383e-33 
16384336.4557748 2.34225626728316e-33 2.33016835957722e-33 2.34225626728316e-33 2.33016835957722e-33 2.33972563023697e-33 2.32764002494396e-33 
17079097.973889 2.38277892789206e-33 2.37088023907458e-33 2.38277892789206e-33 2.37088023907458e-33 2.38021849013685e-33 2.36831949974554e-33 
17803320.1642956 2.42392291749149e-33 2.41221111090743e-33 2.42392291749149e-33 2.41221111090743e-33 2.42133560771057e-33 2.40962607441872e-33 
18558252.2775494 2.46569182017995e-33 2.45416526477057e-33 2.46569182017995e-33 2.45416526477057e-33 2.46307688913002e-33 2.45155201707376e-33 
19345196.5374344 2.50810329233035e-33 2.49675851677312e-33 2.50810329233035e-33 2.49675851677312e-33 2.50545871904635e-33 2.49411616555308e-33 
20165510.3872412 2.55115723922565e-33 2.53999331399209e-33 2.55115723922565e-33 2.53999331399209e-33 2.5484834138421e-33 2.537321312287e-33 
21020608.831295 2.59486559691404e-33 2.58387953982544e-33 2.59486559691404e-33 2.58387953982544e-33 2.59216536853174e-33 2.58118095061131e-33 
21911966.8757746 2.63923495643715e-33 2.62842468620218e-33 2.63923495643715e-33 2.62842468620218e-33 2.63650832954964e-33 2.62569941618624e-33 
22841122.0730311 2.68427978477176e-33 2.67364370905522e-33 2.68427978477176e-33 2.67364370905522e-33 2.68152042500652e-33 2.67088573919896e-33 
23809677.1737961 2.73000301092748e-33 2.71953783832744e-33 2.73000301092748e-33 2.71953783832744e-33 2.72721693486313e-33 2.71675144388877e-33 
24819302.8918547 2.77641683647459e-33 2.76612092447518e-33 2.77641683647459e-33 2.76612092447518e-33 2.7735988471306e-33 2.76330371053954e-33 
25871740.785951 2.82352802968837e-33 2.81339923431657e-33 2.82352802968837e-33 2.81339923431657e-33 2.82067955893469e-33 2.81055349717603e-33 
26968806.2638984 2.87134754424162e-33 2.86138348755572e-33 2.87134754424162e-33 2.86138348755572e-33 2.86846675911383e-33 2.8585056065667e-33 
28112391.7140757 2.9198846547274e-33 2.91008261360677e-33 2.9198846547274e-33 2.91008261360677e-33 2.91697345526913e-33 2.907171192306e-33 
29304469.7697121 2.96914894599222e-33 2.95950825289682e-33 2.96914894599222e-33 2.95950825289682e-33 2.96620239777939e-33 2.95656350111772e-33 
30547096.7115899 3.0191455325215e-33 3.00966219137897e-33 3.0191455325215e-33 3.00966219137897e-33 3.01616746630719e-33 3.00668837182866e-33 
31842416.0150363 3.06988868238154e-33 3.06056264871421e-33 3.06988868238154e-33 3.06056264871421e-33 3.06688237538291e-33 3.05755816808806e-33 
33192662.0473212 3.12139009950115e-33 3.11221820247848e-33 3.12139009950115e-33 3.11221820247848e-33 3.11835338988448e-33 3.10918349728112e-33 
34600163.92184 3.17366127951583e-33 3.16464069298594e-33 3.17366127951583e-33 3.16464069298594e-33 3.17057894333822e-33 3.16155828046038e-33 
36067349.5157286 3.2266910285774e-33 3.21782129149808e-33 3.2266910285774e-33 3.21782129149808e-33 3.2235828594727e-33 3.21471542135307e-33 
37596749.6578425 3.28052571593669e-33 3.27180377470562e-33 3.28052571593669e-33 3.27180377470562e-33 3.27737338707421e-33 3.26865351208475e-33 
39191002.4943213 3.33513481154662e-33 3.3265587910179e-33 3.33513481154662e-33 3.3265587910179e-33 3.33195765775718e-33 3.32338261249056e-33 
40852858.0392723 3.39055838394841e-33 3.38212620339127e-33 3.39055838394841e-33 3.38212620339127e-33 3.3873363674707e-33 3.37891479206714e-33 
42585182.9184203 3.44679142665998e-33 3.43850076719779e-33 3.44679142665998e-33 3.43850076719779e-33 3.4435472199715e-33 3.43525888938351e-33 
44390965.3139072 3.50385859438235e-33 3.49570786139024e-33 3.50385859438235e-33 3.49570786139024e-33 3.50057907386745e-33 3.49243057122986e-33 
46273320.1187718 3.56175880761231e-33 3.55374580723534e-33 3.56175880761231e-33 3.55374580723534e-33 3.55844798351625e-33 3.55043588670721e-33 
48235494.3099989 3.62051589192708e-33 3.61263853202708e-33 3.62051589192708e-33 3.61263853202708e-33 3.61715872378088e-33 3.60928357125359e-33 
50280872.5494083 3.68012073943017e-33 3.67237738620323e-33 3.68012073943017e-33 3.67237738620323e-33 3.6767293331723e-33 3.66898821740515e-33 
52412983.0220433 3.74059522727194e-33 3.73298568599636e-33 3.74059522727194e-33 3.73298568599636e-33 3.73716610871806e-33 3.72955793790102e-33 
54635503.5221307 3.80195634661426e-33 3.79447508399686e-33 3.80195634661426e-33 3.79447508399686e-33 3.79848844924944e-33 3.79100892621262e-33 
56952267.7971094 3.86420490800141e-33 3.85685139743771e-33 3.86420490800141e-33 3.85685139743771e-33 3.86069642753531e-33 3.85334367252709e-33 
59367272.1606715 3.92735275765944e-33 3.92012550331472e-33 3.92735275765944e-33 3.92012550331472e-33 3.9238082839177e-33 3.91658895851176e-33 
61884682.3862233 3.99142555985563e-33 3.98432238145266e-33 3.99142555985563e-33 3.98432238145266e-33 3.98783712123645e-33 3.9807362109836e-33 
64508840.8926554 4.05641452843966e-33 4.04943378199001e-33 4.05641452843966e-33 4.04943378199001e-33 4.05278443999502e-33 4.04580720807937e-33 
67244274.23482 4.12234732011069e-33 4.11548703242869e-33 4.12234732011069e-33 4.11548703242869e-33 4.1186799746647e-33 4.11182194894053e-33 
70095700.9116327 4.18922849271887e-33 4.18248715685139e-33 4.18922849271887e-33 4.18248715685139e-33 4.18552157617691e-33 4.1787814326747e-33 
73068039.5052705 4.25707210642158e-33 4.25044747340537e-33 4.25707210642158e-33 4.25044747340537e-33 4.25332318996815e-33 4.24670221140715e-33 
76166417.1655033 4.32588293012641e-33 4.31937349873235e-33 4.32588293012641e-33 4.31937349873235e-33 4.32209599272539e-33 4.31558923681798e-33 
79396178.453796 4.39569013794057e-33 4.3892940813652e-33 4.39569013794057e-33 4.3892940813652e-33 4.39185539703765e-33 4.38546279780151e-33 
82762894.5624355 4.46649364207044e-33 4.46020908986234e-33 4.46649364207044e-33 4.46020908986234e-33 4.46261349793761e-33 4.45633195697056e-33 
86272372.9245853 4.53829310810701e-33 4.5321185337396e-33 4.53829310810701e-33 4.5321185337396e-33 4.53438318003812e-33 4.52821169785088e-33 
89930667.2318457 4.61114258335987e-33 4.60507602878531e-33 4.61114258335987e-33 4.60507602878531e-33 4.60717787742513e-33 4.6011141291498e-33 
93744087.876598 4.68501564463882e-33 4.67905587100681e-33 4.68501564463882e-33 4.67905587100681e-33 4.68100639637688e-33 4.67504898183213e-33 
97719212.8371466 4.75993985222203e-33 4.75408469346792e-33 4.75993985222203e-33 4.75408469346792e-33 4.75588329301762e-33 4.75002967894674e-33 
101862899.024434 4.83593113931174e-33 4.83017702606799e-33 4.83593113931174e-33 4.83017702606799e-33 4.83182560944683e-33 4.82607647593421e-33 
106182294.109902 4.91299077932269e-33 4.90734029792946e-33 4.91299077932269e-33 4.90734029792946e-33 4.90883985343647e-33 4.90319111872272e-33 
110684848.854903 4.99114385801185e-33 4.98559318262006e-33 4.99114385801185e-33 4.98559318262006e-33 4.98694467069241e-33 4.98138294988379e-33 
115378329.962926 5.07040194283868e-33 5.06494954029739e-33 5.07040194283868e-33 5.06494954029739e-33 5.06615858067396e-33 5.06070929462055e-33 
120270833.47681 5.15077789781878e-33 5.1454299445488e-33 5.15077789781878e-33 5.1454299445488e-33 5.14648003488605e-33 5.14113675267957e-33 
125370798.744049 5.23229200892699e-33 5.22703136006416e-33 5.23229200892699e-33 5.22703136006416e-33 5.22793352734599e-33 5.22267814982367e-33 
130687022.974289 5.31493649255317e-33 5.30976946831203e-33 5.31493649255317e-33 5.30976946831203e-33 5.31054280812646e-33 5.30537762869087e-33 
136228676.414117 5.39874412498276e-33 5.39366916019633e-33 5.39874412498276e-33 5.39366916019633e-33 5.39430024330841e-33 5.3892299496106e-33 
142005318.165319 5.48372417506513e-33 5.47873968611228e-33 5.48372417506513e-33 5.47873968611228e-33 5.4792268641862e-33 5.47424604922935e-33 
148026912.673899 5.56990481888891e-33 5.56500958727982e-33 5.56990481888891e-33 5.56500958727982e-33 5.56535842103478e-33 5.56046694814879e-33 
154303846.918303 5.65728159952607e-33 5.65247213477933e-33 5.65728159952607e-33 5.65247213477933e-33 5.65268461429929e-33 5.64788093096738e-33 
160846948.326479 5.74585679841847e-33 5.74113505930118e-33 5.74585679841847e-33 5.74113505930118e-33 5.74123050494945e-33 5.73650627284041e-33 
167667503.452711 5.8357078133927e-33 5.83107058273107e-33 5.8357078133927e-33 5.83107058273107e-33 5.83099967790339e-33 5.82636829354209e-33 
174777277.446407 5.92679095230389e-33 5.92223757883849e-33 5.92679095230389e-33 5.92223757883849e-33 5.92202941366366e-33 5.91747977820093e-33 
182188534.346452 6.01912739967406e-33 6.01465538047662e-33 6.01912739967406e-33 6.01465538047662e-33 6.0143090848314e-33 6.00984146918041e-33 
189914058.236126 6.11274777140689e-33 6.10835615812616e-33 6.11274777140689e-33 6.10835615812616e-33 6.1078791062102e-33 6.10349038258605e-33 
197967175.295063 6.20767027494699e-33 6.20335788151762e-33 6.20767027494699e-33 6.20335788151762e-33 6.20273931867843e-33 6.19843132524116e-33 
206361776.786313 6.30389673581074e-33 6.29966359918999e-33 6.30389673581074e-33 6.29966359918999e-33 6.29891480240932e-33 6.29468529730511e-33 
215112343.01814 6.40145810330955e-33 6.39729968662037e-33 6.40145810330955e-33 6.39729968662037e-33 6.39641073848461e-33 6.39225725772925e-33 
224233968.321905 6.50036238435822e-33 6.49627904677448e-33 6.50036238435822e-33 6.49627904677448e-33 6.49524856350044e-33 6.4911704680981e-33 
233742387.089098 6.60062261703028e-33 6.59661298301245e-33 6.60062261703028e-33 6.59661298301245e-33 6.59545729974304e-33 6.59145330187842e-33 
243654000.912459 6.70226104754243e-33 6.69832381497988e-33 6.70226104754243e-33 6.69832381497988e-33 6.69703956958462e-33 6.693108145609e-33 
253985906.877981 6.80535029108222e-33 6.80148447146806e-33 6.80535029108222e-33 6.80148447146806e-33 6.80000876963284e-33 6.79614260338973e-33 
264755927.056612 6.9097438927349e-33 6.90594771496302e-33 6.9097438927349e-33 6.90594771496302e-33 6.90439080681614e-33 6.90060082460387e-33 
275982639.246519 7.01561836964956e-33 7.01189088876315e-33 7.01561836964956e-33 7.01189088876315e-33 7.01020289479171e-33 7.00648325927302e-33 
287685409.018955 7.12294283438561e-33 7.11928308234137e-33 7.12294283438561e-33 7.11928308234137e-33 7.11745990184252e-33 7.11380620432016e-33 
299884423.122994 7.23172850083592e-33 7.22813484473434e-33 7.23172850083592e-33 7.22813484473434e-33 7.22618446109715e-33 7.2225969554819e-33 
312600724.306757 7.34199838568921e-33 7.33846985096503e-33 7.34199838568921e-33 7.33846985096503e-33 7.33638244269703e-33 7.33286067627357e-33 
325856247.615204 7.4537649834953e-33 7.45030039554059e-33 7.4537649834953e-33 7.45030039554059e-33 7.4480828942231e-33 7.4446254364035e-33 
339673858.227097 7.56705895937165e-33 7.56365146277397e-33 7.56705895937165e-33 7.56365146277397e-33 7.56130860234162e-33 7.55791219164026e-33 
354077390.896398 7.68188385835627e-33 7.67854087750971e-33 7.68188385835627e-33 7.67854087750971e-33 7.67606217186669e-33 7.67272868958041e-33 
369091691.066143 7.79826406417695e-33 7.79498397134365e-33 7.79826406417695e-33 7.79498397134365e-33 7.79237217547543e-33 7.78909959405148e-33 
384742657.725709 7.91621625417304e-33 7.91299512601263e-33 7.91621625417304e-33 7.91299512601263e-33 7.91025803392979e-33 7.90704553908872e-33 
401057288.085402 8.03574332408458e-33 8.03258079291378e-33 8.03574332408458e-33 8.03258079291378e-33 8.02973831633343e-33 8.02658393884311e-33 
418063724.145422 8.15691374546726e-33 8.15380831167874e-33 8.15691374546726e-33 8.15380831167874e-33 8.15083089346448e-33 8.14773648668347e-33 
435791301.239542 8.27973404436387e-33 8.27668473865373e-33 8.27973404436387e-33 8.27668473865373e-33 8.27355918198746e-33 8.27051653639643e-33 
454270598.637237 8.4041861694246e-33 8.4011913759791e-33 8.4041861694246e-33 8.4011913759791e-33 8.39793491563454e-33 8.39495025077481e-33 
473533492.291536 8.53031789443709e-33 8.52737738098867e-33 8.53031789443709e-33 8.52737738098867e-33 8.52398310681327e-33 8.52105268959053e-33 
493613209.823608 8.65813359346618e-33 8.65524570010008e-33 8.65813359346618e-33 8.65524570010008e-33 8.65171882430945e-33 8.64884077737651e-33 
514544387.838901 8.78764842722344e-33 8.78481251496615e-33 8.78764842722344e-33 8.78481251496615e-33 8.78118160374389e-33 8.77835613642393e-33 
536363131.673724 8.91894089285185e-33 8.91615552244549e-33 8.91894089285185e-33 8.91615552244549e-33 8.91237434076586e-33 8.90959868313392e-33 
559107077.67532 9.05197220769321e-33 9.04923689042632e-33 9.05197220769321e-33 9.04923689042632e-33 9.04531813707639e-33 9.0425947731903e-33 
582815458.122866 9.18678338406477e-33 9.18409687066528e-33 9.18678338406477e-33 9.18409687066528e-33 9.18004838844534e-33 9.17737418629743e-33 
607529168.901379 9.32338138332544e-33 9.32074239507816e-33 9.32338138332544e-33 9.32074239507816e-33 9.31657061143829e-33 9.31394380835506e-33 
633290840.045274 9.46180796481649e-33 9.45921539595923e-33 9.46180796481649e-33 9.45921539595923e-33 9.45491167825805e-33 9.45233195271049e-33 
660144909.27324 9.60208002259444e-33 9.59953411327888e-33 9.60208002259444e-33 9.59953411327888e-33 9.59508754450606e-33 9.59257103392218e-33 
688137698.641307 9.74421811722747e-33 9.74171394305927e-33 9.74421811722747e-33 9.74171394305927e-33 9.73715561616342e-33 9.73466467701399e-33 
717317494.44629 9.88825285389288e-33 9.88579545803823e-33 9.88825285389288e-33 9.88579545803823e-33 9.88108712936974e-33 9.87864332435599e-33 
747734630.517475 1.00341868100568e-32 1.00317743223148e-32 1.00341868100568e-32 1.00317743223148e-32 1.00269422938761e-32 1.00245458547969e-32 
779441575.040199 1.01820120970642e-32 1.0179661422154e-32 1.01820120970642e-32 1.0179661422154e-32 1.01747284696171e-32 1.0172370899875e-32 
812493021.061096 1.0331925413409e-32 1.03295935657036e-32 1.0331925413409e-32 1.03295935657036e-32 1.03244726744416e-32 1.03221556630751e-32 
846945980.831136 1.04837274468452e-32 1.04814365140532e-32 1.04837274468452e-32 1.04814365140532e-32 1.04761939713067e-32 1.04739184955585e-32 
882859884.149178 1.06375442074224e-32 1.06352919652802e-32 1.06375442074224e-32 1.06352919652802e-32 1.06299304191383e-32 1.06276942043026e-32 
920296680.875689 1.07933807962494e-32 1.0791167129475e-32 1.07933807962494e-32 1.0791167129475e-32 1.07856921142901e-32 1.07834905463226e-32 
959320947.793456 1.09512616424616e-32 1.09490865448839e-32 1.09512616424616e-32 1.09490865448839e-32 1.09434957519387e-32 1.09413368790503e-32 
999999999.999616 1.11112939096498e-32 1.11091538637542e-32 1.11112939096498e-32 1.11091538637542e-32 1.11033879488759e-32 1.11012677776407e-32 
