0.999999999999999 2.60254333498166e-39 1.15218541463265e-39 2.60254333498166e-39 1.15218541463265e-39 2.60254333498166e-39 1.15218541463265e-39 
1.0423174293933 2.7040427656576e-39 1.20322612609206e-39 2.7040427656576e-39 1.20322612609206e-39 2.7040427656576e-39 1.20322612609206e-39 
1.08642562361706 2.80950387656578e-39 1.25621868353699e-39 2.80950387656578e-39 1.25621868353699e-39 2.80950387656578e-39 1.25621868353699e-39 
1.13240036323555 2.91910965042239e-39 1.31124550797625e-39 2.91910965042239e-39 1.31124550797625e-39 2.91910965042239e-39 1.31124550797625e-39 
1.18032063565172 3.03303589077372e-39 1.36840257910705e-39 3.03303589077372e-39 1.36840257910705e-39 3.03303589077372e-39 1.36840257910705e-39 
1.23026877081237 3.15148208885807e-39 1.42778712349318e-39 3.15148208885807e-39 1.42778712349318e-39 3.15148208885807e-39 1.42778712349318e-39 
1.28233058265601 3.27459629379228e-39 1.48948330195324e-39 3.27459629379228e-39 1.48948330195324e-39 3.27459629379228e-39 1.48948330195324e-39 
1.33659551654643 3.40263902189713e-39 1.55363451906085e-39 3.40263902189713e-39 1.55363451906085e-39 3.40263902189713e-39 1.55363451906085e-39 
1.39315680294528 3.53582087734539e-39 1.6203835846481e-39 3.53582087734539e-39 1.6203835846481e-39 3.53582087734539e-39 1.6203835846481e-39 
1.45211161758772 3.67440548628704e-39 1.68974827897754e-39 3.67440548628704e-39 1.68974827897754e-39 3.67440548628704e-39 1.68974827897754e-39 
1.51356124843618 3.81866014300731e-39 1.76200574851429e-39 3.81866014300731e-39 1.76200574851429e-39 3.81866014300731e-39 1.76200574851429e-39 
1.57761126969932 3.96882977830381e-39 1.83725122914738e-39 3.96882977830381e-39 1.83725122914738e-39 3.96882977830381e-39 1.83725122914738e-39 
1.6443717232149 4.12516923063378e-39 1.91562900057556e-39 4.12516923063378e-39 1.91562900057556e-39 4.12516923063378e-39 1.91562900057556e-39 
1.71395730750839 4.28790270184191e-39 1.99729841319752e-39 4.28790270184191e-39 1.99729841319752e-39 4.28790270184191e-39 1.99729841319752e-39 
1.78648757485201 4.45732138692741e-39 2.08240781613933e-39 4.45732138692741e-39 2.08240781613933e-39 4.45732138692741e-39 2.08240781613933e-39 
1.86208713666282 4.63369547133411e-39 2.17112751450598e-39 4.63369547133411e-39 2.17112751450598e-39 4.63369547133411e-39 2.17112751450598e-39 
1.94088587759273 4.81731858098886e-39 2.26361663639841e-39 4.81731858098886e-39 2.26361663639841e-39 4.81731858098886e-39 2.26361663639841e-39 
2.02301917867822 5.00845823107622e-39 2.36001815011339e-39 5.00845823107622e-39 2.36001815011339e-39 5.00845823107622e-39 2.36001815011339e-39 
2.10862814993323 5.20749203517178e-39 2.46055476032095e-39 5.20749203517178e-39 2.46055476032095e-39 5.20749203517178e-39 2.46055476032095e-39 
2.19785987278476 5.41470807835298e-39 2.56538232697575e-39 5.41470807835298e-39 2.56538232697575e-39 5.41470807835298e-39 2.56538232697575e-39 
2.2908676527677 5.63045496781217e-39 2.67468857374447e-39 5.63045496781217e-39 2.67468857374447e-39 5.63045496781217e-39 2.67468857374447e-39 
2.3878112829131 5.85508314633136e-39 2.78867413513851e-39 5.85508314633136e-39 2.78867413513851e-39 5.85508314633136e-39 2.78867413513851e-39 
2.4888573182823 6.08895653389644e-39 2.90753575812404e-39 6.08895653389644e-39 2.90753575812404e-39 6.08895653389644e-39 2.90753575812404e-39 
2.59417936211872 6.3324444847454e-39 3.0314576723875e-39 6.3324444847454e-39 3.0314576723875e-39 6.3324444847454e-39 3.0314576723875e-39 
2.70395836410874 6.58594677748105e-39 3.16070095928845e-39 6.58594677748105e-39 3.16070095928845e-39 6.58594677748105e-39 3.16070095928845e-39 
2.81838293126434 6.84980415494702e-39 3.29538462707865e-39 6.84980415494702e-39 3.29538462707865e-39 6.84980415494702e-39 3.29538462707865e-39 
2.93764965196141 7.12450642672733e-39 3.43581442654968e-39 7.12450642672733e-39 3.43581442654968e-39 7.12450642672733e-39 3.43581442654968e-39 
3.06196343369054 7.41050079899071e-39 3.58225580705044e-39 7.41050079899071e-39 3.58225580705044e-39 7.41050079899071e-39 3.58225580705044e-39 
3.19153785510062 7.70818776323994e-39 3.73488832766212e-39 7.70818776323994e-39 3.73488832766212e-39 7.70818776323994e-39 3.73488832766212e-39 
3.32659553293989 8.01808123905463e-39 3.89403613631785e-39 8.01808123905463e-39 3.89403613631785e-39 8.01808123905463e-39 3.89403613631785e-39 
3.46736850452515 8.34069230616067e-39 4.05995233336201e-39 8.34069230616067e-39 4.05995233336201e-39 8.34069230616067e-39 4.05995233336201e-39 
3.61409862639595 8.67649270111984e-39 4.23291341136665e-39 8.67649270111984e-39 4.23291341136665e-39 8.67649270111984e-39 4.23291341136665e-39 
3.76703798983889 9.02601359916176e-39 4.41324865590126e-39 9.02601359916176e-39 4.41324865590126e-39 9.02601359916176e-39 4.41324865590126e-39 
3.92644935399579 9.38980000223866e-39 4.60115635854114e-39 9.38980000223866e-39 4.60115635854114e-39 9.38980000223866e-39 4.60115635854114e-39 
4.09260659729988 9.76848545754151e-39 4.79702302631393e-39 9.76848545754151e-39 4.79702302631393e-39 9.76848545754151e-39 4.79702302631393e-39 
4.26579518801569 1.01625580397362e-38 5.00116616900291e-39 1.01625580397362e-38 5.00116616900291e-39 1.01625580397362e-38 5.00116616900291e-39 
4.44631267469083 1.05726929986256e-38 5.21388807413366e-39 1.05726929986256e-38 5.21388807413366e-39 1.05726929986256e-38 5.21388807413366e-39 
4.6344691973626 1.09995649782431e-38 5.43558400267057e-39 1.09995649782431e-38 5.43558400267057e-39 1.09995649782431e-38 5.43558400267057e-39 
4.83058802039743 1.14437897701458e-38 5.66661098385829e-39 1.14437897701458e-38 5.66661098385829e-39 1.14437897701458e-38 5.66661098385829e-39 
5.03500608787873 1.19061082992125e-38 5.90737605775631e-39 1.19061082992125e-38 5.90737605775631e-39 1.19061082992125e-38 5.90737605775631e-39 
5.24807460249739 1.23872868823269e-38 6.15825759380949e-39 1.23872868823269e-38 6.15825759380949e-39 1.23872868823269e-38 6.15825759380949e-39 
5.47015962893936 1.28880131743826e-38 6.41971673074181e-39 1.28880131743826e-38 6.41971673074181e-39 1.28880131743826e-38 6.41971673074181e-39 
5.70164272280709 1.34091214806161e-38 6.69214706951652e-39 1.34091214806161e-38 6.69214706951652e-39 1.34091214806161e-38 6.69214706951652e-39 
5.94292158615532 1.39514394044165e-38 6.97602475235682e-39 1.39514394044165e-38 6.97602475235682e-39 1.39514394044165e-38 6.97602475235682e-39 
6.19441075076738 1.45157919401907e-38 7.27181721082733e-39 1.45157919401907e-38 7.27181721082733e-39 1.45157919401907e-38 7.27181721082733e-39 
6.45654229034609 1.51030943359929e-38 7.5800315252121e-39 1.51030943359929e-38 7.5800315252121e-39 1.51030943359929e-38 7.5800315252121e-39 
6.72976656284268 1.57143089464796e-38 7.90116971675578e-39 1.57143089464796e-38 7.90116971675578e-39 1.57143089464796e-38 7.90116971675578e-39 
7.01455298419918 1.63503013177316e-38 8.23579502393962e-39 1.63503013177316e-38 8.23579502393962e-39 1.63503013177316e-38 8.23579502393962e-39 
7.31139083483361 1.70121710639204e-38 8.58438111216108e-39 1.70121710639204e-38 8.58438111216108e-39 1.70121710639204e-38 8.58438111216108e-39 
7.62079010025352 1.77009719261607e-38 8.94762090326757e-39 1.77009719261607e-38 8.94762090326757e-39 1.77009719261607e-38 8.94762090326757e-39 
7.94328234724218 1.84177363249355e-38 9.32608872902755e-39 1.84177363249355e-38 9.32608872902755e-39 1.84177363249355e-38 9.32608872902755e-39 
8.27942163712266 1.91636842281776e-38 9.72041820571874e-39 1.91636842281776e-38 9.72041820571874e-39 1.91636842281776e-38 9.72041820571874e-39 
8.62978547766898 1.99400206299556e-38 1.01313219187171e-38 1.99400206299556e-38 1.01313219187171e-38 1.99400206299556e-38 1.01313219187171e-38 
8.99497581529958 2.07479703416865e-38 1.05595272153077e-38 2.07479703416865e-38 1.05595272153077e-38 2.07479703416865e-38 1.05595272153077e-38 
9.37562006925799 2.15887914099698e-38 1.10056639277731e-38 2.15887914099698e-38 1.10056639277731e-38 2.15887914099698e-38 1.10056639277731e-38 
9.77237220955724 2.24638879002797e-38 1.14705835908497e-38 2.24638879002797e-38 1.14705835908497e-38 2.24638879002797e-38 1.14705835908497e-38 
10.1859138805403 2.33746723858243e-38 1.19550265755944e-38 2.33746723858243e-38 1.19550265755944e-38 2.33746723858243e-38 1.19550265755944e-38 
10.6169555719863 2.43224770223808e-38 1.24598401743095e-38 2.43224770223808e-38 1.24598401743095e-38 2.43224770223808e-38 1.24598401743095e-38 
11.0662378397756 2.53090345036359e-38 1.2985881762034e-38 2.53090345036359e-38 1.2985881762034e-38 2.53090345036359e-38 1.2985881762034e-38 
11.5345325782098 2.63360105837076e-38 1.35340254549186e-38 2.63360105837076e-38 1.35340254549186e-38 2.63360105837076e-38 1.35340254549186e-38 
12.022644346173 2.74042761818776e-38 1.41052685341605e-38 2.74042761818776e-38 1.41052685341605e-38 2.74042761818776e-38 1.41052685341605e-38 
12.5314117494129 2.85165099902775e-38 1.47004916924762e-38 2.85165099902775e-38 1.47004916924762e-38 2.85165099902775e-38 1.47004916924762e-38 
13.0617088813171 2.96740821744642e-38 1.53207861953366e-38 2.96740821744642e-38 1.53207861953366e-38 2.96740821744642e-38 1.53207861953366e-38 
13.6144468246581 3.08788791633285e-38 1.59671793031681e-38 3.08788791633285e-38 1.59671793031681e-38 3.08788791633285e-38 1.59671793031681e-38 
14.1905752168895 3.21329740151202e-38 1.66408230614305e-38 3.21329740151202e-38 1.66408230614305e-38 3.21329740151202e-38 1.66408230614305e-38 
14.7910838816805 3.3438213658913e-38 1.73428471902435e-38 3.3438213658913e-38 1.73428471902435e-38 3.3438213658913e-38 1.73428471902435e-38 
15.417004529494 3.479689574503e-38 1.80743881578709e-38 3.479689574503e-38 1.80743881578709e-38 3.479689574503e-38 1.80743881578709e-38 
16.069412530127 3.62108834775396e-38 1.8836910008854e-38 3.62108834775396e-38 1.8836910008854e-38 3.62108834775396e-38 1.8836910008854e-38 
16.7494287602625 3.76829331155261e-38 1.96313335024819e-38 3.76829331155261e-38 1.96313335024819e-38 3.76829331155261e-38 1.96313335024819e-38 
17.4582215292031 3.92151681449288e-38 2.04594458805392e-38 3.92151681449288e-38 2.04594458805392e-38 3.92151681449288e-38 2.04594458805392e-38 
18.1970085860978 4.08100943783083e-38 2.13224000309893e-38 4.08100943783083e-38 2.13224000309893e-38 4.08100943783083e-38 2.13224000309893e-38 
18.9670592121093 4.2470227521388e-38 2.2221787212316e-38 4.2470227521388e-38 2.2221787212316e-38 4.2470227521388e-38 2.2221787212316e-38 
19.7696964011163 4.41983713039346e-38 2.31591605165969e-38 4.41983713039346e-38 2.31591605165969e-38 4.41983713039346e-38 2.31591605165969e-38 
20.6062991326976 4.59973897703614e-38 2.41361340139864e-38 4.59973897703614e-38 2.41361340139864e-38 4.59973897703614e-38 2.41361340139864e-38 
21.4783047413028 4.78700904617518e-38 2.515435019464e-38 4.78700904617518e-38 2.515435019464e-38 4.78700904617518e-38 2.515435019464e-38 
22.3872113856807 4.98197102216039e-38 2.62156468202094e-38 4.98197102216039e-38 2.62156468202094e-38 4.98197102216039e-38 2.62156468202094e-38 
23.3345806228072 5.18491864673989e-38 2.73217725811585e-38 5.18491864673989e-38 2.73217725811585e-38 5.18491864673989e-38 2.73217725811585e-38 
24.3220400907351 5.39620011336996e-38 2.84746850541518e-38 5.39620011336996e-38 2.84746850541518e-38 5.39620011336996e-38 2.84746850541518e-38 
25.3512863049759 5.61615599828054e-38 2.96764292147763e-38 5.61615599828054e-38 2.96764292147763e-38 5.61615599828054e-38 2.96764292147763e-38 
26.4240875732161 5.84514198077207e-38 3.09289877595994e-38 5.84514198077207e-38 3.09289877595994e-38 5.84514198077207e-38 3.09289877595994e-38 
27.5422870333781 6.08353264746432e-38 3.22346253638569e-38 6.08353264746432e-38 3.22346253638569e-38 6.08353264746432e-38 3.22346253638569e-38 
28.7078058202432 6.33172881493982e-38 3.35955526205196e-38 6.33172881493982e-38 3.35955526205196e-38 6.33172881493982e-38 3.35955526205196e-38 
29.922646366078 6.59012327215371e-38 3.5014106349609e-38 6.59012327215371e-38 3.5014106349609e-38 6.59012327215371e-38 3.5014106349609e-38 
31.1888958409352 6.85914889498937e-38 3.64928065325754e-38 6.85914889498937e-38 3.64928065325754e-38 6.85914889498937e-38 3.64928065325754e-38 
32.5087297385391 7.13923649981376e-38 3.80339899268884e-38 7.13923649981376e-38 3.80339899268884e-38 7.13923649981376e-38 3.80339899268884e-38 
33.8844156139156 7.43082355005119e-38 3.96409806428145e-38 7.43082355005119e-38 3.96409806428145e-38 7.43082355005119e-38 3.96409806428145e-38 
35.3183169791908 7.7344540488573e-38 4.13158781687349e-38 7.7344540488573e-38 4.13158781687349e-38 7.7344540488573e-38 4.13158781687349e-38 
36.812897364248 8.05055905791784e-38 4.30619137999902e-38 8.05055905791784e-38 4.30619137999902e-38 8.05055905791784e-38 4.30619137999902e-38 
38.3707245492225 8.37968212303136e-38 4.48819499056251e-38 8.37968212303136e-38 4.48819499056251e-38 8.37968212303136e-38 4.48819499056251e-38 
39.994474976104 8.72236797556397e-38 4.67793421020195e-38 8.72236797556397e-38 4.67793421020195e-38 8.72236797556397e-38 4.67793421020195e-38 
41.6869383470275 9.07915881081631e-38 4.87573166924726e-38 9.07915881081631e-38 4.87573166924726e-38 9.07915881081631e-38 4.87573166924726e-38 
43.4510224171508 9.45064986749082e-38 5.08192748719709e-38 9.45064986749082e-38 5.08192748719709e-38 9.45064986749082e-38 5.08192748719709e-38 
45.2897579903554 9.83745025327201e-38 5.29688432510866e-38 9.83745025327201e-38 5.29688432510866e-38 9.83745025327201e-38 5.29688432510866e-38 
47.206304126352 1.02401866242771e-37 5.52097632221388e-38 1.02401866242771e-37 5.52097632221388e-38 1.02401866242771e-37 5.52097632221388e-38 
49.2039535681377 1.0659544332886e-37 5.75459136046128e-38 1.0659544332886e-37 5.75459136046128e-38 1.0659544332886e-37 5.75459136046128e-38 
51.2861383991287 1.10961534503842e-37 5.99814997556394e-38 1.10961534503842e-37 5.99814997556394e-38 1.10961534503842e-37 5.99814997556394e-38 
53.4564359396889 1.15507883531168e-37 6.25203135945299e-38 1.15507883531168e-37 6.25203135945299e-38 1.15507883531168e-37 6.25203135945299e-38 
55.7185748931843 1.20241597797798e-37 6.5167302875572e-38 1.20241597797798e-37 6.5167302875572e-38 1.20241597797798e-37 6.5167302875572e-38 
58.0764417521221 1.25170284753928e-37 6.79268706231283e-38 1.25170284753928e-37 6.79268706231283e-38 1.25170284753928e-37 6.79268706231283e-38 
60.5340874753818 1.3030258985328e-37 7.08036721623476e-38 1.3030258985328e-37 7.08036721623476e-38 1.3030258985328e-37 7.08036721623476e-38 
63.0957344480092 1.3564662225404e-37 7.38030987720632e-38 1.3564662225404e-37 7.38030987720632e-38 1.3564662225404e-37 7.38030987720632e-38 
65.7657837355314 1.41210655033644e-37 7.69298195309061e-38 1.41210655033644e-37 7.69298195309061e-38 1.41210655033644e-37 7.69298195309061e-38 
68.548822645255 1.4700445370047e-37 8.01897903322798e-38 1.4700445370047e-37 8.01897903322798e-38 1.4700445370047e-37 8.01897903322798e-38 
71.4496326075395 1.5303728204124e-37 8.35884677638089e-38 1.5303728204124e-37 8.35884677638089e-38 1.5303728204124e-37 8.35884677638089e-38 
74.4731973905865 1.59318930545265e-37 8.71317648623909e-38 1.59318930545265e-37 8.71317648623909e-38 1.59318930545265e-37 8.71317648623909e-38 
77.6247116628561 1.65859438310134e-37 9.08259295257927e-38 1.65859438310134e-37 9.08259295257927e-38 1.65859438310134e-37 9.08259295257927e-38 
80.9095899178245 1.72669941389586e-37 9.46773472037327e-38 1.72669941389586e-37 9.46773472037327e-38 1.72669941389586e-37 9.46773472037327e-38 
84.3334757764131 1.79761352205518e-37 9.86928167414492e-38 1.79761352205518e-37 9.86928167414492e-38 1.79761352205518e-37 9.86928167414492e-38 
87.9022516830732 1.8714541952504e-37 1.02878834521564e-37 1.8714541952504e-37 1.02878834521564e-37 1.8714541952504e-37 1.02878834521564e-37 
91.622049012184 1.94833493320511e-37 1.07243252529588e-37 1.94833493320511e-37 1.07243252529588e-37 1.94833493320511e-37 1.07243252529588e-37 
95.4992586021268 2.02838796282944e-37 1.11793293229809e-37 2.02838796282944e-37 1.11793293229809e-37 2.02838796282944e-37 1.11793293229809e-37 
99.540541735135 2.1117470859552e-37 1.16537590981182e-37 2.1117470859552e-37 1.16537590981182e-37 2.1117470859552e-37 1.16537590981182e-37 
103.752841581783 2.19854064721686e-37 1.21483512980978e-37 2.19854064721686e-37 1.21483512980978e-37 2.19854064721686e-37 1.21483512980978e-37 
108.143395129774 2.28891112164752e-37 1.26639828577579e-37 2.28891112164752e-37 1.26639828577579e-37 2.28891112164752e-37 1.26639828577579e-37 
112.71974561753 2.38300780413551e-37 1.32015851365187e-37 2.38300780413551e-37 1.32015851365187e-37 2.38300780413551e-37 1.32015851365187e-37 
117.489755493931 2.48098810579444e-37 1.37620443945681e-37 2.48098810579444e-37 1.37620443945681e-37 2.48098810579444e-37 1.37620443945681e-37 
122.461619926482 2.58299143707502e-37 1.4346373855738e-37 2.58299143707502e-37 1.4346373855738e-37 2.58299143707502e-37 1.4346373855738e-37 
127.64388088111 2.68921019994527e-37 1.49555747631407e-37 2.68921019994527e-37 1.49555747631407e-37 2.68921019994527e-37 1.49555747631407e-37 
133.045441797784 2.79979599154865e-37 1.55906707132467e-37 2.79979599154865e-37 1.55906707132467e-37 2.79979599154865e-37 1.55906707132467e-37 
138.675582887162 2.91493767424286e-37 1.62528165710479e-37 2.91493767424286e-37 1.62528165710479e-37 2.91493767424286e-37 1.62528165710479e-37 
144.543977074565 3.03482656426847e-37 1.69431119623609e-37 3.03482656426847e-37 1.69431119623609e-37 3.03482656426847e-37 1.69431119623609e-37 
150.660706618645 3.159644859351e-37 1.76627188203181e-37 3.159644859351e-37 1.76627188203181e-37 3.159644859351e-37 1.76627188203181e-37 
157.036280433325 3.28959932364412e-37 1.84130405140666e-37 3.28959932364412e-37 1.84130405140666e-37 3.28959932364412e-37 1.84130405140666e-37 
163.681652142749 3.42490356089776e-37 1.91951972391637e-37 3.42490356089776e-37 1.91951972391637e-37 3.42490356089776e-37 1.91951972391637e-37 
170.608238900279 3.56576439978013e-37 2.00106232668421e-37 3.56576439978013e-37 2.00106232668421e-37 3.56576439978013e-37 2.00106232668421e-37 
177.827941003857 3.71242253013593e-37 2.08606439386924e-37 3.71242253013593e-37 2.08606439386924e-37 3.71242253013593e-37 2.08606439386924e-37 
185.353162341444 3.86510223332685e-37 2.17468558831548e-37 3.86510223332685e-37 2.17468558831548e-37 3.86510223332685e-37 2.17468558831548e-37 
193.196831701653 4.02403628485219e-37 2.26706958727863e-37 4.02403628485219e-37 2.26706958727863e-37 4.02403628485219e-37 2.26706958727863e-37 
201.372424986198 4.18951076963399e-37 2.36337631753962e-37 4.18951076963399e-37 2.36337631753962e-37 4.18951076963399e-37 2.36337631753962e-37 
209.893988362309 4.36177209084861e-37 2.46377066152907e-37 4.36177209084861e-37 2.46377066152907e-37 4.36177209084861e-37 2.46377066152907e-37 
218.77616239491 4.54110655680065e-37 2.56843766207308e-37 4.54110655680065e-37 2.56843766207308e-37 4.54110655680065e-37 2.56843766207308e-37 
228.034207199994 4.72777887531334e-37 2.67752516384602e-37 4.72777887531334e-37 2.67752516384602e-37 4.72777887531334e-37 2.67752516384602e-37 
237.684028662437 4.92209433000482e-37 2.79125004244656e-37 4.92209433000482e-37 2.79125004244656e-37 4.92209433000482e-37 2.79125004244656e-37 
247.742205763276 5.12438064438991e-37 2.90979666486289e-37 5.12438064438991e-37 2.90979666486289e-37 5.12438064438991e-37 2.90979666486289e-37 
258.226019063404 5.33493590378114e-37 3.03337161323729e-37 5.33493590378114e-37 3.03337161323729e-37 5.33493590378114e-37 3.03337161323729e-37 
269.153480392633 5.55410104137553e-37 3.16217734356774e-37 5.55410104137553e-37 3.16217734356774e-37 5.55410104137553e-37 3.16217734356774e-37 
280.54336379511 5.7822203765245e-37 3.29644058951244e-37 5.7822203765245e-37 3.29644058951244e-37 5.7822203765245e-37 3.29644058951244e-37 
292.415237784269 6.01965596146733e-37 3.43638791479569e-37 6.01965596146733e-37 3.43638791479569e-37 6.01965596146733e-37 3.43638791479569e-37 
304.789498962731 6.26678205517711e-37 3.58225260584684e-37 6.26678205517711e-37 3.58225260584684e-37 6.26678205517711e-37 3.58225260584684e-37 
317.687407064906 6.52397556657795e-37 3.73429523211554e-37 6.52397556657795e-37 3.73429523211554e-37 6.52397556657795e-37 3.73429523211554e-37 
331.131121482517 6.79164750592478e-37 3.89276091311685e-37 6.79164750592478e-37 3.89276091311685e-37 6.79164750592478e-37 3.89276091311685e-37 
345.143739335778 7.07021683078144e-37 4.05792103421375e-37 7.07021683078144e-37 4.05792103421375e-37 7.07021683078144e-37 4.05792103421375e-37 
359.749335155661 7.36011408406544e-37 4.23005578474905e-37 7.36011408406544e-37 4.23005578474905e-37 7.36011408406544e-37 4.23005578474905e-37 
374.973002245398 7.66179214194967e-37 4.40945883296047e-37 7.66179214194967e-37 4.40945883296047e-37 7.66179214194967e-37 4.40945883296047e-37 
390.840895792312 7.97569610442354e-37 4.59642510803493e-37 7.97569610442354e-37 4.59642510803493e-37 7.97569610442354e-37 4.59642510803493e-37 
407.380277804018 8.30233097236726e-37 4.79126690996114e-37 8.30233097236726e-37 4.79126690996114e-37 8.30233097236726e-37 4.79126690996114e-37 
424.619563946214 8.64219841858572e-37 4.99432137250716e-37 8.64219841858572e-37 4.99432137250716e-37 8.64219841858572e-37 4.99432137250716e-37 
442.588372362523 8.99582011190147e-37 5.20592523514236e-37 8.99582011190147e-37 5.20592523514236e-37 8.99582011190147e-37 5.20592523514236e-37 
461.31757456027 9.36371819442274e-37 5.42642499776366e-37 9.36371819442274e-37 5.42642499776366e-37 9.36371819442274e-37 5.42642499776366e-37 
480.839348449614 9.74645478629185e-37 5.6561924532651e-37 9.74645478629185e-37 5.6561924532651e-37 9.74645478629185e-37 5.6561924532651e-37 
501.187233627152 1.01445812739185e-36 5.89560931665676e-37 1.01445812739185e-36 5.89560931665676e-37 1.01445812739185e-36 5.89560931665676e-37 
522.396188998994 1.05587995004916e-36 6.14507044994399e-37 1.05587995004916e-36 6.14507044994399e-37 1.05587995004916e-36 6.14507044994399e-37 
544.502652842289 1.09896103808248e-36 6.40499230259866e-37 1.09896103808248e-36 6.40499230259866e-37 1.09896103808248e-36 6.40499230259866e-37 
567.544605408408 1.14377123868604e-36 6.67579965377511e-37 1.14377123868604e-36 6.67579965377511e-37 1.14377123868604e-36 6.67579965377511e-37 
591.561634175328 1.19037636548214e-36 6.95793857374863e-37 1.19037636548214e-36 6.95793857374863e-37 1.19037636548214e-36 6.95793857374863e-37 
616.595001861329 1.23884512454517e-36 7.25187053224266e-37 1.23884512454517e-36 7.25187053224266e-37 1.23884512454517e-36 7.25187053224266e-37 
642.687717316859 1.28925038154851e-36 7.55808264353935e-37 1.28925038154851e-36 7.55808264353935e-37 1.28925038154851e-36 7.55808264353935e-37 
669.884609416358 1.34166836385393e-36 7.87706778943691e-37 1.34166836385393e-36 7.87706778943691e-37 1.34166836385393e-36 7.87706778943691e-37 
698.232404076995 1.39616599833074e-36 8.20934965322784e-37 1.39616599833074e-36 8.20934965322784e-37 1.39616599833074e-36 8.20934965322784e-37 
727.779804536639 1.45282943652198e-36 8.55545526553653e-37 1.45282943652198e-36 8.55545526553653e-37 1.45282943652198e-36 8.55545526553653e-37 
758.57757502899 1.51173879509438e-36 8.91594915346904e-37 1.51173879509438e-36 8.91594915346904e-37 1.51173879509438e-36 8.91594915346904e-37 
790.678627999622 1.57298024791061e-36 9.29141827039365e-37 1.57298024791061e-36 9.29141827039365e-37 1.57298024791061e-36 9.29141827039365e-37 
824.138115012789 1.63663807775225e-36 9.68250128193301e-37 1.63663807775225e-36 9.68250128193301e-37 1.63663807775225e-36 9.68250128193301e-37 
859.013521505172 1.70280954851344e-36 1.00896929476199e-36 1.70280954851344e-36 1.00896929476199e-36 1.70280954851344e-36 1.00896929476199e-36 
895.364765549359 1.7715657706796e-36 1.05137694830534e-36 1.7715657706796e-36 1.05137694830534e-36 1.7715657706796e-36 1.05137694830534e-36 
933.254300796745 1.84302788486743e-36 1.0955360192493e-36 1.84302788486743e-36 1.0955360192493e-36 1.84302788486743e-36 1.0955360192493e-36 
972.747223776707 1.91728589534799e-36 1.14151720151094e-36 1.91728589534799e-36 1.14151720151094e-36 1.91728589534799e-36 1.14151720151094e-36 
1013.91138573641 1.9944363726293e-36 1.18939031576816e-36 1.9944363726293e-36 1.18939031576816e-36 1.9944363726293e-36 1.18939031576816e-36 
1056.81750921337 2.07458970547797e-36 1.23923100945615e-36 2.07458970547797e-36 1.23923100945615e-36 2.07458970547797e-36 1.23923100945615e-36 
1101.53930954112 2.15785650943731e-36 1.29111837488956e-36 2.15785650943731e-36 1.29111837488956e-36 2.15785650943731e-36 1.29111837488956e-36 
1148.15362149657 2.24434716676704e-36 1.3451329363443e-36 2.24434716676704e-36 1.3451329363443e-36 2.24434716676704e-36 1.3451329363443e-36 
1196.74053130692 2.33417646138664e-36 1.40135518066257e-36 2.33417646138664e-36 1.40135518066257e-36 2.33417646138664e-36 1.40135518066257e-36 
1247.3835142426 2.42746072685416e-36 1.45987737852704e-36 2.42746072685416e-36 1.45987737852704e-36 2.42746072685416e-36 1.45987737852704e-36 
1300.16957803293 2.52431733136352e-36 1.52078048163007e-36 2.52431733136352e-36 1.52078048163007e-36 2.52431733136352e-36 1.52078048163007e-36 
1355.18941235066 2.62488653485521e-36 1.58416592386035e-36 2.62488653485521e-36 1.58416592386035e-36 2.62488653485521e-36 1.58416592386035e-36 
1412.53754462236 2.72928220938927e-36 1.65011595389829e-36 2.72928220938927e-36 1.65011595389829e-36 2.72928220938927e-36 1.65011595389829e-36 
1472.3125024323 2.83764740244709e-36 1.71874253630809e-36 2.83764740244709e-36 1.71874253630809e-36 2.83764740244709e-36 1.71874253630809e-36 
1534.61698279886 2.95011318192805e-36 1.79014361797598e-36 2.95011318192805e-36 1.79014361797598e-36 2.95011318192805e-36 1.79014361797598e-36 
1599.55802861421 3.0668189890886e-36 1.86442319273959e-36 3.0668189890886e-36 1.86442319273959e-36 3.0668189890886e-36 1.86442319273959e-36 
1667.24721255059 3.18791015082589e-36 1.94169016517186e-36 3.18791015082589e-36 1.94169016517186e-36 3.18791015082589e-36 1.94169016517186e-36 
1737.80082874888 3.31353511918617e-36 2.02206334762189e-36 3.31353511918617e-36 2.02206334762189e-36 3.31353511918617e-36 2.02206334762189e-36 
1811.34009261908 3.44384444851202e-36 2.10565473929982e-36 3.44384444851202e-36 2.10565473929982e-36 3.44384444851202e-36 2.10565473929982e-36 
1887.99134909574 3.57897858582908e-36 2.19258646877993e-36 3.57897858582908e-36 2.19258646877993e-36 3.57897858582908e-36 2.19258646877993e-36 
1967.88628970627 3.71915113423406e-36 2.28298282130899e-36 3.71915113423406e-36 2.28298282130899e-36 3.71915113423406e-36 2.28298282130899e-36 
2051.16217882496 3.86444535689258e-36 2.37697074432915e-36 3.86444535689258e-36 2.37697074432915e-36 3.86444535689258e-36 2.37697074432915e-36 
2137.9620895016 4.01507865894877e-36 2.47468389429816e-36 4.01507865894877e-36 2.47468389429816e-36 4.01507865894877e-36 2.47468389429816e-36 
2228.43514926964 4.17120482576993e-36 2.57626829562972e-36 4.17120482576993e-36 2.57626829562972e-36 4.17120482576993e-36 2.57626829562972e-36 
2322.73679635641 4.33302277801149e-36 2.68183893387063e-36 4.33302277801149e-36 2.68183893387063e-36 4.33302277801149e-36 2.68183893387063e-36 
2421.02904673545 4.50066642935727e-36 2.79156545390886e-36 4.50066642935727e-36 2.79156545390886e-36 4.50066642935727e-36 2.79156545390886e-36 
2523.48077247981 4.6743364269997e-36 2.9055945304683e-36 4.6743364269997e-36 2.9055945304683e-36 4.6743364269997e-36 2.9055945304683e-36 
2630.26799189458 4.85421985052061e-36 3.02407447746964e-36 4.85421985052061e-36 3.02407447746964e-36 4.85421985052061e-36 3.02407447746964e-36 
2741.57417192705 5.04051289571815e-36 3.14716686963139e-36 5.04051289571815e-36 3.14716686963139e-36 5.04051289571815e-36 3.14716686963139e-36 
2857.59054337407 5.23341200903893e-36 3.27503606173739e-36 5.23341200903893e-36 3.27503606173739e-36 5.23341200903893e-36 3.27503606173739e-36 
2978.51642942827 5.43312018783285e-36 3.40784801169494e-36 5.43312018783285e-36 3.40784801169494e-36 5.43312018783285e-36 3.40784801169494e-36 
3104.5595881274 5.63980860697304e-36 3.54577953415056e-36 5.63980860697304e-36 3.54577953415056e-36 5.63980860697304e-36 3.54577953415056e-36 
3235.93656929528 5.85368578256806e-36 3.68900536820249e-36 5.85368578256806e-36 3.68900536820249e-36 5.85368578256806e-36 3.68900536820249e-36 
3372.87308658764 6.07498057379162e-36 3.83771240636404e-36 6.07498057379162e-36 3.83771240636404e-36 6.07498057379162e-36 3.83771240636404e-36 
3515.60440528188 6.30388939899836e-36 3.99208413853677e-36 6.30388939899836e-36 3.99208413853677e-36 6.30388939899836e-36 3.99208413853677e-36 
3664.37574647718 6.5406287221309e-36 4.15231786144056e-36 6.5406287221309e-36 4.15231786144056e-36 6.5406287221309e-36 4.15231786144056e-36 
3819.44270839925 6.78541325584223e-36 4.31861033442314e-36 6.78541325584223e-36 4.31861033442314e-36 6.78541325584223e-36 4.31861033442314e-36 
3981.0717055337 7.03846871812722e-36 4.49117014630992e-36 7.03846871812722e-36 4.49117014630992e-36 7.03846871812722e-36 4.49117014630992e-36 
4149.5404263423 7.30001159059373e-36 4.67019852095511e-36 7.30001159059373e-36 4.67019852095511e-36 7.30001159059373e-36 4.67019852095511e-36 
4325.1383103487 7.5702775681939e-36 4.85591194189407e-36 7.5702775681939e-36 4.85591194189407e-36 7.5702775681939e-36 4.85591194189407e-36 
4508.16704541314 7.84949061905014e-36 5.04856037278885e-36 7.84949061905014e-36 5.04856037278885e-36 7.84949061905014e-36 5.04856037278885e-36 
4698.94108605063 8.13788722154394e-36 5.24828211436722e-36 8.13788722154394e-36 5.24828211436722e-36 8.13788722154394e-36 5.24828211436722e-36 
4897.78819368286 8.43571097567064e-36 5.45539416812304e-36 8.43571097567064e-36 5.45539416812304e-36 8.43571097567064e-36 5.45539416812304e-36 
5105.04999975239 8.74318920587214e-36 5.67010565977004e-36 8.74318920587214e-36 5.67010565977004e-36 8.74318920587214e-36 5.67010565977004e-36 
5321.08259266619 9.06056345487113e-36 5.89265412029902e-36 9.06056345487113e-36 5.89265412029902e-36 9.06056345487113e-36 5.89265412029902e-36 
5546.25712957727 9.38808785417674e-36 6.12329673175092e-36 9.38808785417674e-36 6.12329673175092e-36 9.38808785417674e-36 6.12329673175092e-36 
5780.96047405526 9.72599826355702e-36 6.36227451049677e-36 9.72599826355702e-36 6.36227451049677e-36 9.72599826355702e-36 6.36227451049677e-36 
6025.59586074156 1.00745304850604e-35 6.60984726314644e-36 1.00745304850604e-35 6.60984726314644e-36 1.00745304850604e-35 6.60984726314644e-36 
6280.58358813107 1.04339621914748e-35 6.86628656367801e-36 1.04339621914748e-35 6.86628656367801e-36 1.04339621914748e-35 6.86628656367801e-36 
6546.36174067054 1.08045488743308e-35 7.13185517362303e-36 1.08045488743308e-35 7.13185517362303e-36 1.08045488743308e-35 7.13185517362303e-36 
6823.38694141438 1.11865278721988e-35 7.40681382643366e-36 1.11865278721988e-35 7.40681382643366e-36 1.11865278721988e-35 7.40681382643366e-36 
7112.13513653087 1.15801638837483e-35 7.69147273152056e-36 1.15801638837483e-35 7.69147273152056e-36 1.15801638837483e-35 7.69147273152056e-36 
7413.10241300664 1.19856955560579e-35 7.98610280490101e-36 1.19856955560579e-35 7.98610280490101e-36 1.19856955560579e-35 7.98610280490101e-36 
7726.80585095436 1.24034211402816e-35 8.29101438613957e-36 1.24034211402816e-35 8.29101438613957e-36 1.24034211402816e-35 8.29101438613957e-36 
8053.78441198788 1.28335651348817e-35 8.606458507574e-36 1.28335651348817e-35 8.606458507574e-36 1.28335651348817e-35 8.606458507574e-36 
8394.59986519106 1.32764446046998e-35 8.93278777327109e-36 1.32764446046998e-35 8.93278777327109e-36 1.32764446046998e-35 8.93278777327109e-36 
8749.83775227131 1.37322939637489e-35 9.27028550643013e-36 1.37322939637489e-35 9.27028550643013e-36 1.37322939637489e-35 9.27028550643013e-36 
9120.1083935559 1.42013425526998e-35 9.61927163017071e-36 1.42013425526998e-35 9.61927163017071e-36 1.42013425526998e-35 9.61927163017071e-36 
9506.04793655947 1.46839258605202e-35 9.98007115757348e-36 1.46839258605202e-35 9.98007115757348e-36 1.46839258605202e-35 9.98007115757348e-36 
9908.31944892417 1.5180277965049e-35 1.03529927550209e-35 1.5180277965049e-35 1.03529927550209e-35 1.5180277965049e-35 1.03529927550209e-35 
10327.6140576103 1.56906890404299e-35 1.07383744798009e-35 1.56906890404299e-35 1.07383744798009e-35 1.56906890404299e-35 1.07383744798009e-35 
10764.6521362945 1.62154429426208e-35 1.11365765175853e-35 1.62154429426208e-35 1.11365765175853e-35 1.62154429426208e-35 1.11365765175853e-35 
11220.1845430156 1.67547986926201e-35 1.15479273445613e-35 1.67547986926201e-35 1.15479273445613e-35 1.67547986926201e-35 1.15479273445613e-35 
11694.9939101945 1.73090391993569e-35 1.19727286379773e-35 1.73090391993569e-35 1.19727286379773e-35 1.73090391993569e-35 1.19727286379773e-35 
12189.8959892443 1.78784167462587e-35 1.24114277530455e-35 1.78784167462587e-35 1.24114277530455e-35 1.78784167462587e-35 1.24114277530455e-35 
12705.7410520808 1.84632359462074e-35 1.2864247445686e-35 1.84632359462074e-35 1.2864247445686e-35 1.84632359462074e-35 1.2864247445686e-35 
13243.4153519418 1.90637953282769e-35 1.33316628895795e-35 1.90637953282769e-35 1.33316628895795e-35 1.90637953282769e-35 1.33316628895795e-35 
13803.8426460238 1.96803433094475e-35 1.38140098030057e-35 1.96803433094475e-35 1.38140098030057e-35 1.96803433094475e-35 1.38140098030057e-35 
14387.9857825532 2.03132089850928e-35 1.43116537678335e-35 2.03132089850928e-35 1.43116537678335e-35 2.03132089850928e-35 1.43116537678335e-35 
14996.8483550182 2.0962674387234e-35 1.48249780254938e-35 2.0962674387234e-35 1.48249780254938e-35 2.0962674387234e-35 1.48249780254938e-35 
15631.4764264037 2.16289923240565e-35 1.535436160051e-35 2.16289923240565e-35 1.535436160051e-35 2.16289923240565e-35 1.535436160051e-35 
16292.9603263912 2.23124908336762e-35 1.59002261764942e-35 2.23124908336762e-35 1.59002261764942e-35 2.23124908336762e-35 1.59002261764942e-35 
16982.4365246111 2.30134438116371e-35 1.64628402031112e-35 2.30134438116371e-35 1.64628402031112e-35 2.30134438116371e-35 1.64628402031112e-35 
17701.0895831676 2.37320960836783e-35 1.70427698318546e-35 2.37320960836783e-35 1.70427698318546e-35 2.37320960836783e-35 1.70427698318546e-35 
18450.1541917878 2.44688770393008e-35 1.7640305193225e-35 2.44688770393008e-35 1.7640305193225e-35 2.44688770393008e-35 1.7640305193225e-35 
19230.9172890943 2.52239831267021e-35 1.82559011565954e-35 2.52239831267021e-35 1.82559011565954e-35 2.52239831267021e-35 1.82559011565954e-35 
20044.720273644 2.59977536274367e-35 1.88899495333754e-35 2.59977536274367e-35 1.88899495333754e-35 2.59977536274367e-35 1.88899495333754e-35 
20892.9613085324 2.67904601840776e-35 1.95428710348453e-35 2.67904601840776e-35 1.95428710348453e-35 2.67904601840776e-35 1.95428710348453e-35 
21777.0977235232 2.76025212587794e-35 2.02151424069081e-35 2.76025212587794e-35 2.02151424069081e-35 2.76025212587794e-35 2.02151424069081e-35 
22698.6485188295 2.84341128774045e-35 2.0907069815312e-35 2.84341128774045e-35 2.0907069815312e-35 2.84341128774045e-35 2.0907069815312e-35 
23659.1969748484 2.92856809011417e-35 2.16192017279305e-35 2.92856809011417e-35 2.16192017279305e-35 2.92856809011417e-35 2.16192017279305e-35 
24660.3933723338 3.01574507146062e-35 2.23518878928847e-35 3.01574507146062e-35 2.23518878928847e-35 3.01574507146062e-35 2.23518878928847e-35 
25703.9578276786 3.10497747241321e-35 2.3105569024558e-35 3.10497747241321e-35 2.3105569024558e-35 3.10497747241321e-35 2.3105569024558e-35 
26791.6832481798 3.19629002170651e-35 2.38807575848352e-35 3.19629002170651e-35 2.38807575848352e-35 3.19629002170651e-35 2.38807575848352e-35 
27925.4384123624 3.28973309955576e-35 2.46778842281974e-35 3.28973309955576e-35 2.46778842281974e-35 3.28973309955576e-35 2.46778842281974e-35 
29107.1711806546 3.3853298027109e-35 2.54973929751445e-35 3.3853298027109e-35 2.54973929751445e-35 3.3853298027109e-35 2.54973929751445e-35 
30338.9118419307 3.48310586059558e-35 2.63397196110726e-35 3.48310586059558e-35 2.63397196110726e-35 3.48310586059558e-35 2.63397196110726e-35 
31622.7766016712 3.5831229274402e-35 2.72053453498588e-35 3.5831229274402e-35 2.72053453498588e-35 3.5831229274402e-35 2.72053453498588e-35 
32960.9712177326 3.68539207126756e-35 2.80946702231633e-35 3.68539207126756e-35 2.80946702231633e-35 3.68539207126756e-35 2.80946702231633e-35 
34355.7947899737 3.78995828959857e-35 2.90083589016701e-35 3.78995828959857e-35 2.90083589016701e-35 3.78995828959857e-35 2.90083589016701e-35 
35809.6437102492 3.89686515533593e-35 2.99467247745073e-35 3.89686515533593e-35 2.99467247745073e-35 3.89686515533593e-35 2.99467247745073e-35 
37325.015779557 4.00613715673506e-35 3.09102387382922e-35 4.00613715673506e-35 3.09102387382922e-35 4.00613715673506e-35 3.09102387382922e-35 
38904.5144994123 4.11780615494497e-35 3.18994763680313e-35 4.11780615494497e-35 3.18994763680313e-35 4.11780615494497e-35 3.18994763680313e-35 
40550.8535448218 4.23192726369609e-35 3.29148384141618e-35 4.23192726369609e-35 3.29148384141618e-35 4.23192726369609e-35 3.29148384141618e-35 
42266.861426543 4.34852901708208e-35 3.39569199015243e-35 4.34852901708208e-35 3.39569199015243e-35 4.34852901708208e-35 3.39569199015243e-35 
44055.4863506372 4.46765728188406e-35 3.50261065896799e-35 4.46765728188406e-35 3.50261065896799e-35 4.46765728188406e-35 3.50261065896799e-35 
45919.8012836679 4.58934763434841e-35 3.61229947208308e-35 4.58934763434841e-35 3.61229947208308e-35 4.58934763434841e-35 3.61229947208308e-35 
47863.009232244 4.71364448706184e-35 3.72480391267648e-35 4.71364448706184e-35 3.72480391267648e-35 4.71364448706184e-35 3.72480391267648e-35 
49888.4487459805 4.84058523378724e-35 3.84019048398263e-35 4.84058523378724e-35 3.84019048398263e-35 4.84058523378724e-35 3.84019048398263e-35 
51999.5996533299 4.97022287883154e-35 3.95848631450661e-35 4.97022287883154e-35 3.95848631450661e-35 4.97022287883154e-35 3.95848631450661e-35 
54200.0890401397 5.10260456364013e-35 4.07977408712151e-35 5.10260456364013e-35 4.07977408712151e-35 5.10260456364013e-35 4.07977408712151e-35 
56493.6974812065 5.2377312803981e-35 4.20406366129028e-35 5.2377312803981e-35 4.20406366129028e-35 5.2377312803981e-35 4.20406366129028e-35 
58884.365535534 5.37569785734836e-35 4.33143928414859e-35 5.37569785734836e-35 4.33143928414859e-35 5.37569785734836e-35 4.33143928414859e-35 
61376.2005164534 5.51654595771234e-35 4.46196759114708e-35 5.51654595771234e-35 4.46196759114708e-35 5.51654595771234e-35 4.46196759114708e-35 
63973.4835482376 5.66030002901489e-35 4.59568090260554e-35 5.66030002901489e-35 4.59568090260554e-35 5.66030002901489e-35 4.59568090260554e-35 
66680.6769213337 5.80702323772228e-35 4.73266153925713e-35 5.80702323772228e-35 4.73266153925713e-35 5.80702323772228e-35 4.73266153925713e-35 
69502.4317588499 5.95675950553575e-35 4.87289209664811e-35 5.95675950553575e-35 4.87289209664811e-35 5.95675950553575e-35 4.87289209664811e-35 
72443.5960074678 6.10955918466612e-35 5.01651386312097e-35 6.10955918466612e-35 5.01651386312097e-35 6.10955918466612e-35 5.01651386312097e-35 
75509.2227665108 6.26546939057664e-35 5.16354546599884e-35 6.26546939057664e-35 5.16354546599884e-35 6.26546939057664e-35 5.16354546599884e-35 
78704.5789694758 6.42455240671222e-35 5.31405264140578e-35 6.42455240671222e-35 5.31405264140578e-35 6.42455240671222e-35 5.31405264140578e-35 
82035.1544329461 6.58685529381009e-35 5.46808860412059e-35 6.58685529381009e-35 5.46808860412059e-35 6.58685529381009e-35 5.46808860412059e-35 
85506.671288431 6.75243170439636e-35 5.62570888567771e-35 6.75243170439636e-35 5.62570888567771e-35 6.75243170439636e-35 5.62570888567771e-35 
89125.0938133355 6.92133695527696e-35 5.78701205128506e-35 6.92133695527696e-35 5.78701205128506e-35 6.92133695527696e-35 5.78701205128506e-35 
92896.6386779528 7.09363156513166e-35 5.95198889668906e-35 7.09363156513166e-35 5.95198889668906e-35 7.09363156513166e-35 5.95198889668906e-35 
96827.7856260822 7.26936983746004e-35 6.12077901149466e-35 7.26936983746004e-35 6.12077901149466e-35 7.26936983746004e-35 6.12077901149466e-35 
100925.288607624 7.44860713597236e-35 6.29338353247097e-35 7.44860713597236e-35 6.29338353247097e-35 7.44860713597236e-35 6.29338353247097e-35 
105196.187382276 7.63140865444485e-35 6.46988974752629e-35 7.63140865444485e-35 6.46988974752629e-35 7.63140865444485e-35 6.46988974752629e-35 
109647.81961427 7.81783413964219e-35 6.65036212242668e-35 7.81783413964219e-35 6.65036212242668e-35 7.81783413964219e-35 6.65036212242668e-35 
114287.833478926 8.00795549641594e-35 6.83485605240699e-35 8.00795549641594e-35 6.83485605240699e-35 8.00795549641594e-35 6.83485605240699e-35 
119124.200802684 8.20180523769426e-35 7.02343282682835e-35 8.20180523769426e-35 7.02343282682835e-35 8.20180523769426e-35 7.02343282682835e-35 
124165.230759185 8.3994803443825e-35 7.2161784660246e-35 8.3994803443825e-35 7.2161784660246e-35 8.3994803443825e-35 7.2161784660246e-35 
129419.58414494 8.60103655603763e-35 7.41314770786718e-35 8.60103655603763e-35 7.41314770786718e-35 8.60103655603763e-35 7.41314770786718e-35 
134896.288259104 8.80654067473908e-35 7.61440878671041e-35 8.80654067473908e-35 7.61440878671041e-35 8.80654067473908e-35 7.61440878671041e-35 
140604.752412927 9.01605316189973e-35 7.82003594164297e-35 9.01605316189973e-35 7.82003594164297e-35 9.01605316189973e-35 7.82003594164297e-35 
146554.784095524 9.22966027576765e-35 8.03009860944517e-35 9.22966027576765e-35 8.03009860944517e-35 9.22966027576765e-35 8.03009860944517e-35 
152756.605823737 9.44741076655861e-35 8.2446406878286e-35 9.44741076655861e-35 8.2446406878286e-35 9.44741076655861e-35 8.2446406878286e-35 
159220.872705044 9.66940325768026e-35 8.46376512196799e-35 9.66940325768026e-35 8.46376512196799e-35 9.66940325768026e-35 8.46376512196799e-35 
165958.690743679 9.89569201494413e-35 8.6875585737389e-35 9.89569201494413e-35 8.6875585737389e-35 9.89569201494413e-35 8.6875585737389e-35 
172981.63592143 1.01263695004736e-34 8.91607364443885e-35 1.01263695004736e-34 8.91607364443885e-35 1.01263695004736e-34 8.91607364443885e-35 
180301.774085873 1.03614993188875e-34 9.14935482083328e-35 1.03614993188875e-34 9.14935482083328e-35 1.03614993188875e-34 9.14935482083328e-35 
187931.681680239 1.060115290532e-34 9.38751909157683e-35 1.060115290532e-34 9.38751909157683e-35 1.060115290532e-34 9.38751909157683e-35 
195884.467350507 1.08454088967311e-34 9.63061655717776e-35 1.08454088967311e-34 9.63061655717776e-35 1.08454088967311e-34 9.63061655717776e-35 
204173.794466857 1.1094366506655e-34 9.87875103847522e-35 1.1094366506655e-34 9.87875103847522e-35 1.1094366506655e-34 9.87875103847522e-35 
212813.904598171 1.134810199628e-34 1.01320020975929e-34 1.134810199628e-34 1.01320020975929e-34 1.134810199628e-34 1.01320020975929e-34 
221819.641979917 1.16066955404022e-34 1.03904221030958e-34 1.16066955404022e-34 1.03904221030958e-34 1.16066955404022e-34 1.03904221030958e-34 
231206.47901745 1.18702082317379e-34 1.06540886877772e-34 1.18702082317379e-34 1.06540886877772e-34 1.18702082317379e-34 1.06540886877772e-34 
240990.542868545 1.213877111273e-34 1.09231222258424e-34 1.213877111273e-34 1.09231222258424e-34 1.213877111273e-34 1.09231222258424e-34 
251188.643150838 1.24124333009631e-34 1.11975824577978e-34 1.24124333009631e-34 1.11975824577978e-34 1.24124333009631e-34 1.11975824577978e-34 
261818.300821773 1.26913138212229e-34 1.14775853242626e-34 1.26913138212229e-34 1.14775853242626e-34 1.26913138212229e-34 1.14775853242626e-34 
272897.778280673 1.2975485449627e-34 1.17631479669686e-34 1.2975485449627e-34 1.17631479669686e-34 1.2975485449627e-34 1.17631479669686e-34 
284446.110744654 1.32650809414431e-34 1.20544482050777e-34 1.32650809414431e-34 1.20544482050777e-34 1.32650809414431e-34 1.20544482050777e-34 
296483.138952291 1.35601053047105e-34 1.23514858001225e-34 1.35601053047105e-34 1.23514858001225e-34 1.35601053047105e-34 1.23514858001225e-34 
309029.543251209 1.38607046673303e-34 1.26543871353769e-34 1.38607046673303e-34 1.26543871353769e-34 1.38607046673303e-34 1.26543871353769e-34 
322106.879128186 1.41669899398508e-34 1.29632610046588e-34 1.41669899398508e-34 1.29632610046588e-34 1.41669899398508e-34 1.29632610046588e-34 
335737.61424279 1.44790295796471e-34 1.32781765273864e-34 1.44790295796471e-34 1.32781765273864e-34 1.44790295796471e-34 1.32781765273864e-34 
349945.167028186 1.47969602785122e-34 1.35992522816576e-34 1.47969602785122e-34 1.35992522816576e-34 1.47969602785122e-34 1.35992522816576e-34 
364753.946925428 1.51208607005484e-34 1.39265674144381e-34 1.51208607005484e-34 1.39265674144381e-34 1.51208607005484e-34 1.39265674144381e-34 
380189.396320373 1.54508240009802e-34 1.42602171129463e-34 1.54508240009802e-34 1.42602171129463e-34 1.54508240009802e-34 1.42602171129463e-34 
396278.034255243 1.57869653118165e-34 1.4600311588131e-34 1.57869653118165e-34 1.4600311588131e-34 1.57869653118165e-34 1.4600311588131e-34 
413047.501989956 1.61293929458148e-34 1.494694514101e-34 1.61293929458148e-34 1.494694514101e-34 1.61293929458148e-34 1.494694514101e-34 
430526.610491496 1.64782230678325e-34 1.53001959891559e-34 1.64782230678325e-34 1.53001959891559e-34 1.64782230678325e-34 1.53001959891559e-34 
448745.389932908 1.68335611221791e-34 1.56602176043523e-34 1.68335611221791e-34 1.56602176043523e-34 1.68335611221791e-34 1.56602176043523e-34 
467735.141286963 1.71954585593286e-34 1.60270311035148e-34 1.71954585593286e-34 1.60270311035148e-34 1.71954585593286e-34 1.60270311035148e-34 
487528.490103141 1.75641382481488e-34 1.64008560586166e-34 1.75641382481488e-34 1.64008560586166e-34 1.75641382481488e-34 1.64008560586166e-34 
508159.442560304 1.79396427348298e-34 1.67817285984499e-34 1.79396427348298e-34 1.67817285984499e-34 1.79396427348298e-34 1.67817285984499e-34 
529663.44389139 1.83220781031432e-34 1.71697485886448e-34 1.83220781031432e-34 1.71697485886448e-34 1.83220781031432e-34 1.71697485886448e-34 
552077.439280477 1.87116106668712e-34 1.75650714821852e-34 1.87116106668712e-34 1.75650714821852e-34 1.87116106668712e-34 1.75650714821852e-34 
575439.937336864 1.91082933361483e-34 1.79677663985799e-34 1.91082933361483e-34 1.79677663985799e-34 1.91082933361483e-34 1.79677663985799e-34 
599791.076255203 1.95123141842888e-34 1.83779744785037e-34 1.95123141842888e-34 1.83779744785037e-34 1.95123141842888e-34 1.83779744785037e-34 
625172.692775365 1.99237472708168e-34 1.87957856925101e-34 1.99237472708168e-34 1.87957856925101e-34 1.99237472708168e-34 1.87957856925101e-34 
651628.394060507 2.0342832847106e-34 1.92213795024234e-34 2.0342832847106e-34 1.92213795024234e-34 2.0342832847106e-34 1.92213795024234e-34 
679203.632616834 2.07694394736093e-34 1.96547830910091e-34 2.07694394736093e-34 1.96547830910091e-34 2.07694394736093e-34 1.96547830910091e-34 
707945.784383771 2.12039346768236e-34 2.00961960737754e-34 2.12039346768236e-34 2.00961960737754e-34 2.12039346768236e-34 2.00961960737754e-34 
737904.230128718 2.16463611763329e-34 2.05457087527846e-34 2.16463611763329e-34 2.05457087527846e-34 2.16463611763329e-34 2.05457087527846e-34 
769130.440286209 2.2096866938425e-34 2.10034649895225e-34 2.2096866938425e-34 2.10034649895225e-34 2.2096866938425e-34 2.10034649895225e-34 
801678.06338726 2.25555802147964e-34 2.1469533261099e-34 2.25555802147964e-34 2.1469533261099e-34 2.25555802147964e-34 2.1469533261099e-34 
835603.01823081 2.30226390913606e-34 2.19441617900127e-34 2.30226390913606e-34 2.19441617900127e-34 2.30226390913606e-34 2.19441617900127e-34 
870963.589955623 2.3498124874675e-34 2.24272850509104e-34 2.3498124874675e-34 2.24272850509104e-34 2.3498124874675e-34 2.24272850509104e-34 
907820.530177707 2.39822498821496e-34 2.29192233814069e-34 2.39822498821496e-34 2.29192233814069e-34 2.39822498821496e-34 2.29192233814069e-34 
946237.161365293 2.4475123073438e-34 2.34200312726902e-34 2.4475123073438e-34 2.34200312726902e-34 2.4475123073438e-34 2.34200312726902e-34 
986279.485630687 2.49769049673687e-34 2.3929870708438e-34 2.49769049673687e-34 2.3929870708438e-34 2.49769049673687e-34 2.3929870708438e-34 
1028016.29812593 2.54876560712594e-34 2.44487880323609e-34 2.54876560712594e-34 2.44487880323609e-34 2.54876560712594e-34 2.44487880323609e-34 
1071519.30523703 2.60077446259116e-34 2.49771535576278e-34 2.60077446259116e-34 2.49771535576278e-34 2.60077446259116e-34 2.49771535576278e-34 
1116863.24777996 2.65370296098097e-34 2.55148240008754e-34 2.65370296098097e-34 2.55148240008754e-34 2.65370296098097e-34 2.55148240008754e-34 
1164126.02940987 2.70758712020788e-34 2.60621368255493e-34 2.70758712020788e-34 2.60621368255493e-34 2.70758712020788e-34 2.60621368255493e-34 
1213388.85046432 2.76242705177031e-34 2.66190958973355e-34 2.76242705177031e-34 2.66190958973355e-34 2.76242705177031e-34 2.66190958973355e-34 
1264736.34747047 2.81825071620407e-34 2.71859954634427e-34 2.81825071620407e-34 2.71859954634427e-34 2.81825071620407e-34 2.71859954634427e-34 
1318256.73855569 2.87509737671967e-34 2.77628897976086e-34 2.87509737671967e-34 2.77628897976086e-34 2.87509737671967e-34 2.77628897976086e-34 
1374041.97501177 2.93289686250538e-34 2.83499972531295e-34 2.93289686250538e-34 2.83499972531295e-34 2.93289686250538e-34 2.83499972531295e-34 
1432187.89927276 2.99174901079341e-34 2.89473967248281e-34 2.99174901079341e-34 2.89473967248281e-34 2.99174901079341e-34 2.89473967248281e-34 
1492794.40957818 3.05164414262147e-34 2.95552927336698e-34 3.05164414262147e-34 2.95552927336698e-34 3.05164414262147e-34 2.95552927336698e-34 
1555965.63160422 3.11259907573612e-34 3.01738364348675e-34 3.11259907573612e-34 3.01738364348675e-34 3.11259907573612e-34 3.01738364348675e-34 
1621810.09735804 3.17462806524496e-34 3.08031429800121e-34 3.17462806524496e-34 3.08031429800121e-34 3.17462806524496e-34 3.08031429800121e-34 
1690440.93164233 3.23774997682046e-34 3.14434965950569e-34 3.23774997682046e-34 3.14434965950569e-34 3.23774997682046e-34 3.14434965950569e-34 
1761976.04641066 3.3019818962197e-34 3.20949503797433e-34 3.3019818962197e-34 3.20949503797433e-34 3.3019818962197e-34 3.20949503797433e-34 
1836538.34334733 3.36733978614317e-34 3.2757735284828e-34 3.36733978614317e-34 3.2757735284828e-34 3.36733978614317e-34 3.2757735284828e-34 
1914255.92502002 3.43383750718705e-34 3.34319315209159e-34 3.43383750718705e-34 3.34319315209159e-34 3.43383750718705e-34 3.34319315209159e-34 
1995262.31496777 3.50150483094231e-34 3.41178066371796e-34 3.50150483094231e-34 3.41178066371796e-34 3.50150483094231e-34 3.41178066371796e-34 
2079696.68710253 3.57034487573668e-34 3.48154810541882e-34 3.57034487573668e-34 3.48154810541882e-34 3.57034487573668e-34 3.48154810541882e-34 
2167704.10481848 3.64037990554075e-34 3.55251802370415e-34 3.64037990554075e-34 3.55251802370415e-34 3.64037990554075e-34 3.55251802370415e-34 
2259435.77021971 3.71163390808031e-34 3.62470291990972e-34 3.71163390808031e-34 3.62470291990972e-34 3.71163390808031e-34 3.62470291990972e-34 
2355049.28389468 3.78411816544435e-34 3.69811966043047e-34 3.78411816544435e-34 3.69811966043047e-34 3.78411816544435e-34 3.69811966043047e-34 
2454708.91568364 3.85786566484812e-34 3.77280032199175e-34 3.85786566484812e-34 3.77280032199175e-34 3.85786566484812e-34 3.77280032199175e-34 
2558585.88690419 3.93288041064248e-34 3.84875000031139e-34 3.93288041064248e-34 3.84875000031139e-34 3.93288041064248e-34 3.84875000031139e-34 
2666858.66451996 4.00918908307327e-34 3.92599087294107e-34 4.00918908307327e-34 3.92599087294107e-34 4.00918908307327e-34 3.92599087294107e-34 
2779713.2677577 4.08680566466539e-34 4.00454336315603e-34 4.08680566466539e-34 4.00454336315603e-34 4.08680566466539e-34 4.00454336315603e-34 
2897343.58769967 4.16575452108357e-34 4.08442458607099e-34 4.16575452108357e-34 4.08442458607099e-34 4.16575452108357e-34 4.08442458607099e-34 
3019951.72040028 4.24605000773353e-34 4.16565235782612e-34 4.24605000773353e-34 4.16565235782612e-34 4.24605000773353e-34 4.16565235782612e-34 
3147748.31409951 4.32772057574637e-34 4.24825336703856e-34 4.32772057574637e-34 4.24825336703856e-34 4.32772057574637e-34 4.24825336703856e-34 
3280952.9311293 4.41078255261109e-34 4.33224490347432e-34 4.41078255261109e-34 4.33224490347432e-34 4.41078255261109e-34 4.33224490347432e-34 
3419794.42513511 4.49525454082584e-34 4.4176440428031e-34 4.49525454082584e-34 4.4176440428031e-34 4.49525454082584e-34 4.4176440428031e-34 
3564511.33426038 4.58116196821891e-34 4.5044764663082e-34 4.58116196821891e-34 4.5044764663082e-34 4.58116196821891e-34 4.5044764663082e-34 
3715352.29096957 4.66852449458609e-34 4.59275971824755e-34 4.66852449458609e-34 4.59275971824755e-34 4.66852449458609e-34 4.59275971824755e-34 
3872576.44921391 4.75736544243705e-34 4.6825217094264e-34 4.75736544243705e-34 4.6825217094264e-34 4.75736544243705e-34 4.6825217094264e-34 
4036453.92967369 4.84769967209084e-34 4.77377196600573e-34 4.84769967209084e-34 4.77377196600573e-34 4.84769967209084e-34 4.77377196600573e-34 
4207266.28384197 4.93955459813172e-34 4.86654882698542e-34 4.93955459813172e-34 4.86654882698542e-34 4.93955459813172e-34 4.86654882698542e-34 
4385306.97774728 5.03295311300213e-34 4.960848190387e-34 5.03295311300213e-34 4.960848190387e-34 5.03295311300213e-34 4.960848190387e-34 
4570881.89614606 5.12791614955402e-34 5.05671761074236e-34 5.12791614955402e-34 5.05671761074236e-34 5.12791614955402e-34 5.05671761074236e-34 
4764309.86805134 5.22446676965711e-34 5.15416892167555e-34 5.22446676965711e-34 5.15416892167555e-34 5.22446676965711e-34 5.15416892167555e-34 
4965923.21450042 5.32263175020018e-34 5.25323095770965e-34 5.32263175020018e-34 5.25323095770965e-34 5.32263175020018e-34 5.25323095770965e-34 
5176068.3195026 5.42243326886514e-34 5.35392503566717e-34 5.42243326886514e-34 5.35392503566717e-34 5.42243326886514e-34 5.35392503566717e-34 
5395106.22514806 5.52389119295015e-34 5.45627041888521e-34 5.52389119295015e-34 5.45627041888521e-34 5.52389119295015e-34 5.45627041888521e-34 
5623413.25190013 5.62701380751049e-34 5.56027979857101e-34 5.62701380751049e-34 5.56027979857101e-34 5.62701380751049e-34 5.56027979857101e-34 
5861381.64513678 5.73186506462219e-34 5.66600293596865e-34 5.73186506462219e-34 5.66600293596865e-34 5.73186506462219e-34 5.66600293596865e-34 
6109420.24905205 5.83843546697828e-34 5.77344699784493e-34 5.83843546697828e-34 5.77344699784493e-34 5.83843546697828e-34 5.77344699784493e-34 
6367955.20907532 5.9467707238728e-34 5.88264887976191e-34 5.9467707238728e-34 5.88264887976191e-34 5.9467707238728e-34 5.88264887976191e-34 
6637430.70401508 6.05697133950176e-34 5.99371120999643e-34 6.05697133950176e-34 5.99371120999643e-34 6.05697133950176e-34 5.99371120999643e-34 
6918309.70918518 6.16879182489316e-34 6.10638552627235e-34 6.16879182489316e-34 6.10638552627235e-34 6.16879182489316e-34 6.10638552627235e-34 
7211074.79182462 6.28254005289475e-34 6.22098294285161e-34 6.28254005289475e-34 6.22098294285161e-34 6.28254005289475e-34 6.22098294285161e-34 
7516228.94017748 6.39815838323158e-34 6.33744378328987e-34 6.39815838323158e-34 6.33744378328987e-34 6.39815838323158e-34 6.33744378328987e-34 
7834296.42765734 6.51565555515485e-34 6.45577125985068e-34 6.51565555515485e-34 6.45577125985068e-34 6.51565555515485e-34 6.45577125985068e-34 
8165823.71358093 6.63504986547691e-34 6.57600183301936e-34 6.63504986547691e-34 6.57600183301936e-34 6.63504986547691e-34 6.57600183301936e-34 
8511380.38201854 6.7563968349741e-34 6.69817271257329e-34 6.7563968349741e-34 6.69817271257329e-34 6.7563968349741e-34 6.69817271257329e-34 
8871560.12037415 6.87970597864348e-34 6.82229727981317e-34 6.87970597864348e-34 6.82229727981317e-34 6.87970597864348e-34 6.82229727981317e-34 
9246981.73937652 7.00500957241998e-34 6.94841202229581e-34 7.00500957241998e-34 6.94841202229581e-34 7.00500957241998e-34 6.94841202229581e-34 
9638290.23623375 7.13233235180003e-34 7.07653796678361e-34 7.13233235180003e-34 7.07653796678361e-34 7.13233235180003e-34 7.07653796678361e-34 
10046157.9027777 7.26170606015308e-34 7.20670712491862e-34 7.26170606015308e-34 7.20670712491862e-34 7.26170606015308e-34 7.20670712491862e-34 
10471285.4805025 7.39316570045053e-34 7.33895695751476e-34 7.39316570045053e-34 7.33895695751476e-34 7.39316570045053e-34 7.33895695751476e-34 
10914403.3644808 7.52672474094295e-34 7.47329425039427e-34 7.52672474094295e-34 7.47329425039427e-34 7.52672474094295e-34 7.47329425039427e-34 
11376272.8582272 7.66241810140687e-34 7.60976615217406e-34 7.66241810140687e-34 7.60976615217406e-34 7.66241810140687e-34 7.60976615217406e-34 
11857687.4816642 7.80028008955022e-34 7.74839613589229e-34 7.80028008955022e-34 7.74839613589229e-34 7.80028008955022e-34 7.74839613589229e-34 
12359474.3344373 7.94034437504241e-34 7.88922057583487e-34 7.94034437504241e-34 7.88922057583487e-34 7.94034437504241e-34 7.88922057583487e-34 
12882495.5169232 8.08263261533096e-34 8.03226173600981e-34 8.08263261533096e-34 8.03226173600981e-34 8.08263261533096e-34 8.03226173600981e-34 
13427649.6113702 8.22718008167106e-34 8.17755489732197e-34 8.22718008167106e-34 8.17755489732197e-34 8.22718008167106e-34 8.17755489732197e-34 
13995873.2257173 8.37401163893808e-34 8.32512444506025e-34 8.37401163893808e-34 8.32512444506025e-34 8.37401163893808e-34 8.32512444506025e-34 
14588142.6027442 8.52317362162638e-34 8.47501676964891e-34 8.52317362162638e-34 8.47501676964891e-34 8.52317362162638e-34 8.47501676964891e-34 
15205475.2973153 8.67467537316241e-34 8.62724156299978e-34 8.67467537316241e-34 8.62724156299978e-34 8.67467537316241e-34 8.62724156299978e-34 
15848931.924601 8.82857388030728e-34 8.78185483507548e-34 8.82857388030728e-34 8.78185483507548e-34 8.82857388030728e-34 8.78185483507548e-34 
16519617.9822796 8.9848819963242e-34 8.93887063149342e-34 8.9848819963242e-34 8.93887063149342e-34 8.9848819963242e-34 8.93887063149342e-34 
17218685.749849 9.14364954077224e-34 9.09833782757047e-34 9.14364954077224e-34 9.09833782757047e-34 9.14364954077224e-34 9.09833782757047e-34 
17947336.2683137 9.30489341024648e-34 9.26027564329354e-34 9.30489341024648e-34 9.26027564329354e-34 9.30489341024648e-34 9.26027564329354e-34 
18706821.403646 9.46866107037167e-34 9.42472672151672e-34 9.46866107037167e-34 9.42472672151672e-34 9.46866107037167e-34 9.42472672151672e-34 
19498445.9975679 9.63496233649899e-34 9.59170602362819e-34 9.63496233649899e-34 9.59170602362819e-34 9.63496233649899e-34 9.59170602362819e-34 
20323570.1093491 9.80386704810026e-34 9.76127799122158e-34 9.80386704810026e-34 9.76127799122158e-34 9.80386704810026e-34 9.76127799122158e-34 
21183611.3524713 9.97539275886595e-34 9.93346627065845e-34 9.97539275886595e-34 9.93346627065845e-34 9.97539275886595e-34 9.93346627065845e-34 
22080047.3301746 1.01495744227539e-33 1.01083013750204e-33 1.01495744227539e-33 1.01083013750204e-33 1.01495744227539e-33 1.01083013750204e-33 
23014418.1740701 1.03264456760956e-33 1.02858203258844e-33 1.03264456760956e-33 1.02858203258844e-33 1.03264456760956e-33 1.02858203258844e-33 
23988329.1901792 1.05060494857383e-33 1.04660614690425e-33 1.05060494857383e-33 1.04660614690425e-33 1.05060494857383e-33 1.04660614690425e-33 
25003453.6169479 1.06884075792203e-33 1.06490521077229e-33 1.06884075792203e-33 1.06490521077229e-33 1.06884075792203e-33 1.06490521077229e-33 
26061535.4999719 1.08735967413026e-33 1.08348617148938e-33 1.08735967413026e-33 1.08348617148938e-33 1.08735967413026e-33 1.08348617148938e-33 
27164392.688373 1.10615929593421e-33 1.10234740610742e-33 1.10615929593421e-33 1.10234740610742e-33 1.10615929593421e-33 1.10234740610742e-33 
28313919.9579751 1.1252476723043e-33 1.12149654608362e-33 1.1252476723043e-33 1.12149654608362e-33 1.1252476723043e-33 1.12149654608362e-33 
29512092.2666443 1.14462858563156e-33 1.14093726631084e-33 1.14462858563156e-33 1.14093726631084e-33 1.14462858563156e-33 1.14093726631084e-33 
30760968.1473867 1.1643058430709e-33 1.16067420186404e-33 1.1643058430709e-33 1.16067420186404e-33 1.1643058430709e-33 1.16067420186404e-33 
32062693.2450334 1.18427941989555e-33 1.18070622543753e-33 1.18427941989555e-33 1.18070622543753e-33 1.18427941989555e-33 1.18070622543753e-33 
33419504.0025892 1.20455880127784e-33 1.2010433137161e-33 1.20455880127784e-33 1.2010433137161e-33 1.20455880127784e-33 1.2010433137161e-33 
34833731.5035779 1.22514677311875e-33 1.22168835519626e-33 1.22514677311875e-33 1.22168835519626e-33 1.22514677311875e-33 1.22168835519626e-33 
36307805.4769858 1.24604385905584e-33 1.24264140112225e-33 1.24604385905584e-33 1.24264140112225e-33 1.24604385905584e-33 1.24264140112225e-33 
37844258.4716839 1.26725678895099e-33 1.26391029661584e-33 1.26725678895099e-33 1.26391029661584e-33 1.26725678895099e-33 1.26391029661584e-33 
39445730.2075013 1.28879070154643e-33 1.28549890742683e-33 1.28879070154643e-33 1.28549890742683e-33 1.28879070154643e-33 1.28549890742683e-33 
41114972.1104245 1.31064873232782e-33 1.30741519596209e-33 1.31064873232782e-33 1.30741519596209e-33 1.31064873232782e-33 1.30741519596209e-33 
42854852.039715 1.33283376353405e-33 1.32964923364931e-33 1.33283376353405e-33 1.32964923364931e-33 1.33283376353405e-33 1.32964923364931e-33 
44668359.2150661 1.35535132311733e-33 1.35221949705346e-33 1.35535132311733e-33 1.35221949705346e-33 1.35535132311733e-33 1.35221949705346e-33 
46558609.3522643 1.37820675410378e-33 1.37512684558806e-33 1.37820675410378e-33 1.37512684558806e-33 1.37820675410378e-33 1.37512684558806e-33 
48528850.0161791 1.401406134769e-33 1.39837739299884e-33 1.401406134769e-33 1.39837739299884e-33 1.401406134769e-33 1.39837739299884e-33 
50582466.2002769 1.42494631695913e-33 1.42196775907483e-33 1.42494631695913e-33 1.42196775907483e-33 1.42494631695913e-33 1.42196775907483e-33 
52722986.1422462 1.44884023236644e-33 1.44591174624513e-33 1.44884023236644e-33 1.44591174624513e-33 1.44884023236644e-33 1.44591174624513e-33 
54954087.3857248 1.47308444192261e-33 1.47020499094794e-33 1.47308444192261e-33 1.47020499094794e-33 1.47308444192261e-33 1.47020499094794e-33 
57279603.0985436 1.49769743323856e-33 1.49486554138054e-33 1.49769743323856e-33 1.49486554138054e-33 1.49769743323856e-33 1.49486554138054e-33 
59703528.6583426 1.52266809564559e-33 1.51988471286643e-33 1.52266809564559e-33 1.51988471286643e-33 1.52266809564559e-33 1.51988471286643e-33 
62230028.516873 1.54801048619993e-33 1.54527405290899e-33 1.54801048619993e-33 1.54527405290899e-33 1.54801048619993e-33 1.54527405290899e-33 
64863443.354779 1.57372328660389e-33 1.57103323242936e-33 1.57372328660389e-33 1.57103323242936e-33 1.57372328660389e-33 1.57103323242936e-33 
67608297.5391513 1.59981608235333e-33 1.59717168821621e-33 1.59981608235333e-33 1.59717168821621e-33 1.59981608235333e-33 1.59717168821621e-33 
70469306.8966658 1.62629370928992e-33 1.62369429190065e-33 1.62629370928992e-33 1.62369429190065e-33 1.62629370928992e-33 1.62369429190065e-33 
73451386.8156604 1.6531573600182e-33 1.65060256997734e-33 1.6531573600182e-33 1.65060256997734e-33 1.6531573600182e-33 1.65060256997734e-33 
76559660.6910722 1.68041640370671e-33 1.67790479918802e-33 1.68041640370671e-33 1.67790479918802e-33 1.68041640370671e-33 1.67790479918802e-33 
79799468.7267419 1.70807408408269e-33 1.70560501991466e-33 1.70807408408269e-33 1.70560501991466e-33 1.70807408408269e-33 1.70560501991466e-33 
83176377.1102088 1.73613453251569e-33 1.73370854387408e-33 1.73613453251569e-33 1.73370854387408e-33 1.73613453251569e-33 1.73370854387408e-33 
86696187.5757608 1.76460281532009e-33 1.76221857771962e-33 1.76460281532009e-33 1.76221857771962e-33 1.76460281532009e-33 1.76221857771962e-33 
90364947.3721665 1.79348669486098e-33 1.79114359227313e-33 1.79348669486098e-33 1.79114359227313e-33 1.79348669486098e-33 1.79114359227313e-33 
94188959.6522177 1.82279005168215e-33 1.82048755787584e-33 1.82279005168215e-33 1.82048755787584e-33 1.82279005168215e-33 1.82048755787584e-33 
98174794.301929 1.85251700871108e-33 1.85025426933421e-33 1.85251700871108e-33 1.85025426933421e-33 1.85251700871108e-33 1.85025426933421e-33 
102329299.228003 1.88267523074957e-33 1.88045174960917e-33 1.88267523074957e-33 1.88045174960917e-33 1.88267523074957e-33 1.88045174960917e-33 
106659612.12295 1.91326703665408e-33 1.91108225645288e-33 1.91326703665408e-33 1.91108225645288e-33 1.91326703665408e-33 1.91108225645288e-33 
111173172.72808 1.94430203284845e-33 1.94215527161809e-33 1.94430203284845e-33 1.94215527161809e-33 1.94430203284845e-33 1.94215527161809e-33 
115877735.61543 1.97578393693216e-33 1.97367479826343e-33 1.97578393693216e-33 1.97367479826343e-33 1.97578393693216e-33 1.97367479826343e-33 
120781383.510592 2.00771635834648e-33 2.00564401634372e-33 2.00771635834648e-33 2.00564401634372e-33 2.00771635834648e-33 2.00564401634372e-33 
125892541.179326 2.04010932181957e-33 2.03807340169122e-33 2.04010932181957e-33 2.03807340169122e-33 2.04010932181957e-33 2.03807340169122e-33 
131219989.901826 2.07296371507766e-33 2.07096341808003e-33 2.07296371507766e-33 2.07096341808003e-33 2.07296371507766e-33 2.07096341808003e-33 
136772882.559486 2.10629043196715e-33 2.10432527240369e-33 2.10629043196715e-33 2.10432527240369e-33 2.10629043196715e-33 2.10432527240369e-33 
142560759.360116 2.14009176176945e-33 2.1381612372365e-33 2.14009176176945e-33 2.1381612372365e-33 2.14009176176945e-33 2.1381612372365e-33 
148593564.228593 2.17437588472582e-33 2.17247922048636e-33 2.17437588472582e-33 2.17247922048636e-33 2.17437588472582e-33 2.17247922048636e-33 
154881661.891136 2.20914623676848e-33 2.20728326827103e-33 2.20914623676848e-33 2.20728326827103e-33 2.20914623676848e-33 2.20728326827103e-33 
161435855.682531 2.24441095953731e-33 2.24258098073128e-33 2.24441095953731e-33 2.24258098073128e-33 2.24441095953731e-33 2.24258098073128e-33 
168267406.106924 2.28017774842942e-33 2.27838020358275e-33 2.28017774842942e-33 2.27838020358275e-33 2.28017774842942e-33 2.27838020358275e-33 
175388050.184048 2.31645040268124e-33 2.31468482474649e-33 2.31645040268124e-33 2.31468482474649e-33 2.31645040268124e-33 2.31468482474649e-33 
182810021.614141 2.35323576918643e-33 2.35150149012973e-33 2.35323576918643e-33 2.35150149012973e-33 2.35323576918643e-33 2.35150149012973e-33 
190546071.796185 2.39053957071938e-33 2.38883612900027e-33 2.39053957071938e-33 2.38883612900027e-33 2.39053957071938e-33 2.38883612900027e-33 
198609491.735591 2.42837144172896e-33 2.42669859580916e-33 2.42837144172896e-33 2.42669859580916e-33 2.42837144172896e-33 2.42669859580916e-33 
207014134.878952 2.46673421417835e-33 2.46509104591625e-33 2.46673421417835e-33 2.46509104591625e-33 2.46673421417835e-33 2.46509104591625e-33 
215774440.915107 2.50563816775103e-33 2.50402388221732e-33 2.50563816775103e-33 2.50402388221732e-33 2.50563816775103e-33 2.50402388221732e-33 
224905460.583412 2.54508715242468e-33 2.54350214119736e-33 2.54508715242468e-33 2.54350214119736e-33 2.54508715242468e-33 2.54350214119736e-33 
234422881.531819 2.58508525738445e-33 2.58352882224851e-33 2.58508525738445e-33 2.58352882224851e-33 2.58508525738445e-33 2.58352882224851e-33 
244343055.269216 2.62564805188642e-33 2.62411940140129e-33 2.62564805188642e-33 2.62411940140129e-33 2.62564805188642e-33 2.62411940140129e-33 
254683025.258315 2.66677618609783e-33 2.6652749785925e-33 2.66677618609783e-33 2.6652749785925e-33 2.66677618609783e-33 2.6652749785925e-33 
265460556.197356 2.70849433489572e-33 2.70701986831302e-33 2.70849433489572e-33 2.70701986831302e-33 2.70849433489572e-33 2.70701986831302e-33 
276694164.540944 2.75076213946596e-33 2.74931430823322e-33 2.75076213946596e-33 2.74931430823322e-33 2.75076213946596e-33 2.74931430823322e-33 
288403150.312445 2.79363076757402e-33 2.7922092264846e-33 2.79363076757402e-33 2.7922092264846e-33 2.79363076757402e-33 2.7922092264846e-33 
300607630.262598 2.83709551756895e-33 2.83569930610421e-33 2.83709551756895e-33 2.83569930610421e-33 2.83709551756895e-33 2.83569930610421e-33 
313328572.431323 2.88116428703443e-33 2.87979312877228e-33 2.88116428703443e-33 2.87979312877228e-33 2.88116428703443e-33 2.87979312877228e-33 
326587832.17209 2.92584288559794e-33 2.92449666696129e-33 2.92584288559794e-33 2.92449666696129e-33 2.92584288559794e-33 2.92449666696129e-33 
340408189.700744 2.9711400854805e-33 2.96981799151275e-33 2.9711400854805e-33 2.96981799151275e-33 2.9711400854805e-33 2.96981799151275e-33 
354813389.233307 3.01706412537858e-33 3.01576619064813e-33 3.01706412537858e-33 3.01576619064813e-33 3.01706412537858e-33 3.01576619064813e-33 
369828179.779986 3.06361709664604e-33 3.0623423114905e-33 3.06361709664604e-33 3.0623423114905e-33 3.06361709664604e-33 3.0623423114905e-33 
385478357.665479 3.11081472074247e-33 3.10956282843436e-33 3.11081472074247e-33 3.10956282843436e-33 3.11081472074247e-33 3.10956282843436e-33 
401790810.848634 3.15866194431801e-33 3.15743259236479e-33 3.15866194431801e-33 3.15743259236479e-33 3.15866194431801e-33 3.15743259236479e-33 
418793565.117599 3.20716330701051e-33 3.20595622004691e-33 3.20716330701051e-33 3.20595622004691e-33 3.20716330701051e-33 3.20595622004691e-33 
436515832.239832 3.25633668295296e-33 3.25515128438726e-33 3.25633668295296e-33 3.25515128438726e-33 3.25633668295296e-33 3.25515128438726e-33 
454988060.1497 3.30617283983518e-33 3.30500886030242e-33 3.30617283983518e-33 3.30500886030242e-33 3.30617283983518e-33 3.30500886030242e-33 
474241985.25988 3.356694924557e-33 3.35555200269174e-33 3.356694924557e-33 3.35555200269174e-33 3.356694924557e-33 3.35555200269174e-33 
494310686.986455 3.40790913439337e-33 3.40678673403027e-33 3.40790913439337e-33 3.40678673403027e-33 3.40790913439337e-33 3.40678673403027e-33 
515228644.581359 3.45982085217221e-33 3.45871868905707e-33 3.45982085217221e-33 3.45871868905707e-33 3.45982085217221e-33 3.45871868905707e-33 
537031796.369838 3.51244229618978e-33 3.51135964876059e-33 3.51244229618978e-33 3.51135964876059e-33 3.51244229618978e-33 3.51135964876059e-33 
559757601.494677 3.56577785402675e-33 3.56471495216992e-33 3.56577785402675e-33 3.56471495216992e-33 3.56577785402675e-33 3.56471495216992e-33 
583445104.273292 3.61983605783246e-33 3.61879212987504e-33 3.61983605783246e-33 3.61879212987504e-33 3.61983605783246e-33 3.61879212987504e-33 
608135001.278245 3.67463010669569e-33 3.67360490241733e-33 3.67463010669569e-33 3.67360490241733e-33 3.67463010669569e-33 3.67360490241733e-33 
633869711.256433 3.73016506168051e-33 3.72915813686357e-33 3.73016506168051e-33 3.72915813686357e-33 3.73016506168051e-33 3.72915813686357e-33 
660693448.00708 3.78645159730074e-33 3.78546268183593e-33 3.78645159730074e-33 3.78546268183593e-33 3.78645159730074e-33 3.78546268183593e-33 
688652296.343737 3.84350258049227e-33 3.84253125092984e-33 3.84350258049227e-33 3.84253125092984e-33 3.84350258049227e-33 3.84253125092984e-33 
717794291.270799 3.90132263753685e-33 3.90036869813116e-33 3.90132263753685e-33 3.90036869813116e-33 3.90132263753685e-33 3.90036869813116e-33 
748169500.510567 3.95992021348355e-33 3.95898331768077e-33 3.95992021348355e-33 3.95898331768077e-33 3.95992021348355e-33 3.95898331768077e-33 
779830110.522645 4.01931434129962e-33 4.01839079271443e-33 4.01931434129962e-33 4.01839079271443e-33 4.01931434129962e-33 4.01839079271443e-33 
812830516.163458 4.07949667968483e-33 4.07859250566072e-33 4.07949667968483e-33 4.07859250566072e-33 4.07949667968483e-33 4.07859250566072e-33 
847227414.139927 4.1404944091866e-33 4.13960617592867e-33 4.1404944091866e-33 4.13960617592867e-33 4.1404944091866e-33 4.13960617592867e-33 
883079900.417864 4.20231594883641e-33 4.20144324473842e-33 4.20231594883641e-33 4.20144324473842e-33 4.20231594883641e-33 4.20144324473842e-33 
920449571.752441 4.26495289041625e-33 4.26409536093372e-33 4.26495289041625e-33 4.26409536093372e-33 4.26495289041625e-33 4.26409536093372e-33 
959400631.51517 4.32844065476441e-33 4.32759799955929e-33 4.32844065476441e-33 4.32759799955929e-33 4.32844065476441e-33 4.32759799955929e-33 
999999999.999203 4.39276953804832e-33 4.3919416213636e-33 4.39276953804832e-33 4.3919416213636e-33 4.39276953804832e-33 4.3919416213636e-33 
