10 7.42121e-38 3.24443e-38 7.42121e-38 3.24443e-38 2.64205e-38 1.68738e-38 
10.1324 7.51543e-38 3.28791e-38 7.51543e-38 3.28791e-38 2.71097e-38 1.72541e-38 
10.2666 7.61085e-38 3.33196e-38 7.61085e-38 3.33196e-38 2.78098e-38 1.76385e-38 
10.4025 7.70746e-38 3.37659e-38 7.70746e-38 3.37659e-38 2.85206e-38 1.80273e-38 
10.5403 7.80535e-38 3.42182e-38 7.80535e-38 3.42182e-38 2.92425e-38 1.84203e-38 
10.6799 7.90443e-38 3.46765e-38 7.90443e-38 3.46765e-38 2.99757e-38 1.88179e-38 
10.8213 8.00484e-38 3.51409e-38 8.00484e-38 3.51409e-38 3.07204e-38 1.922e-38 
10.9646 8.10649e-38 3.56116e-38 8.10649e-38 3.56116e-38 3.14765e-38 1.96268e-38 
11.1098 8.20943e-38 3.60883e-38 8.20943e-38 3.60883e-38 3.22449e-38 2.00385e-38 
11.2569 8.31368e-38 3.65715e-38 8.31368e-38 3.65715e-38 3.30253e-38 2.0455e-38 
11.4059 8.41928e-38 3.70609e-38 8.41928e-38 3.70609e-38 3.3818e-38 2.08767e-38 
11.557 8.52622e-38 3.7557e-38 8.52622e-38 3.7557e-38 3.46232e-38 2.13034e-38 
11.71 8.63452e-38 3.80595e-38 8.63452e-38 3.80595e-38 3.54413e-38 2.17356e-38 
11.8651 8.74415e-38 3.85689e-38 8.74415e-38 3.85689e-38 3.62722e-38 2.21734e-38 
12.0222 8.85526e-38 3.9085e-38 8.85526e-38 3.9085e-38 3.71164e-38 2.26162e-38 
12.1814 8.96778e-38 3.9608e-38 8.96778e-38 3.9608e-38 3.79738e-38 2.30648e-38 
12.3427 9.08174e-38 4.01379e-38 9.08174e-38 4.01379e-38 3.88449e-38 2.35192e-38 
12.5061 9.19713e-38 4.06747e-38 9.19713e-38 4.06747e-38 3.97296e-38 2.39793e-38 
12.6717 9.31397e-38 4.12188e-38 9.31397e-38 4.12188e-38 4.06283e-38 2.44453e-38 
12.8395 9.43234e-38 4.17701e-38 9.43234e-38 4.17701e-38 4.15413e-38 2.49173e-38 
13.0095 9.5522e-38 4.23286e-38 9.5522e-38 4.23286e-38 4.24684e-38 2.53955e-38 
13.1818 9.67359e-38 4.28943e-38 9.67359e-38 4.28943e-38 4.34109e-38 2.58798e-38 
13.3563 9.79648e-38 4.34682e-38 9.79648e-38 4.34682e-38 4.43674e-38 2.63708e-38 
13.5332 9.92106e-38 4.40494e-38 9.92106e-38 4.40494e-38 4.53395e-38 2.68681e-38 
13.7124 1.00472e-37 4.46382e-38 1.00472e-37 4.46382e-38 4.63265e-38 2.73723e-38 
13.894 1.01749e-37 4.5235e-38 1.01749e-37 4.5235e-38 4.73296e-38 2.78831e-38 
14.0779 1.03043e-37 4.58397e-38 1.03043e-37 4.58397e-38 4.83484e-38 2.84008e-38 
14.2644 1.04353e-37 4.64523e-38 1.04353e-37 4.64523e-38 4.9383e-38 2.89255e-38 
14.4532 1.05679e-37 4.70731e-38 1.05679e-37 4.70731e-38 5.04338e-38 2.94571e-38 
14.6446 1.07023e-37 4.77021e-38 1.07023e-37 4.77021e-38 5.1501e-38 2.9996e-38 
14.8385 1.08384e-37 4.83394e-38 1.08384e-37 4.83394e-38 5.25849e-38 3.0542e-38 
15.035 1.09762e-37 4.89853e-38 1.09762e-37 4.89853e-38 5.36856e-38 3.10956e-38 
15.2341 1.11158e-37 4.96399e-38 1.11158e-37 4.96399e-38 5.48033e-38 3.16566e-38 
15.4358 1.12572e-37 5.0303e-38 1.12572e-37 5.0303e-38 5.59382e-38 3.22251e-38 
15.6402 1.14004e-37 5.09751e-38 1.14004e-37 5.09751e-38 5.70913e-38 3.28017e-38 
15.8473 1.15454e-37 5.16559e-38 1.15454e-37 5.16559e-38 5.82619e-38 3.33859e-38 
16.0572 1.16923e-37 5.23458e-38 1.16923e-37 5.23458e-38 5.94507e-38 3.39782e-38 
16.2698 1.1841e-37 5.3045e-38 1.1841e-37 5.3045e-38 6.06578e-38 3.45788e-38 
16.4853 1.19917e-37 5.37533e-38 1.19917e-37 5.37533e-38 6.18835e-38 3.51876e-38 
16.7035 1.21442e-37 5.44712e-38 1.21442e-37 5.44712e-38 6.31281e-38 3.58049e-38 
16.9247 1.22988e-37 5.51985e-38 1.22988e-37 5.51985e-38 6.43919e-38 3.64307e-38 
17.1488 1.24553e-37 5.59357e-38 1.24553e-37 5.59357e-38 6.5675e-38 3.70651e-38 
17.3759 1.26138e-37 5.66825e-38 1.26138e-37 5.66825e-38 6.69778e-38 3.77084e-38 
17.606 1.27744e-37 5.74392e-38 1.27744e-37 5.74392e-38 6.83004e-38 3.83607e-38 
17.8391 1.29369e-37 5.8206e-38 1.29369e-37 5.8206e-38 6.96433e-38 3.90221e-38 
18.0754 1.31015e-37 5.8983e-38 1.31015e-37 5.8983e-38 7.10065e-38 3.96924e-38 
18.3147 1.32683e-37 5.97704e-38 1.32683e-37 5.97704e-38 7.23904e-38 4.0372e-38 
18.5572 1.34372e-37 6.05683e-38 1.34372e-37 6.05683e-38 7.37951e-38 4.10612e-38 
18.803 1.36083e-37 6.13766e-38 1.36083e-37 6.13766e-38 7.52211e-38 4.17599e-38 
19.0519 1.37815e-37 6.21958e-38 1.37815e-37 6.21958e-38 7.66686e-38 4.24683e-38 
19.3042 1.3957e-37 6.30258e-38 1.3957e-37 6.30258e-38 7.81378e-38 4.31863e-38 
19.5598 1.41347e-37 6.3867e-38 1.41347e-37 6.3867e-38 7.96292e-38 4.39148e-38 
19.8188 1.43147e-37 6.47194e-38 1.43147e-37 6.47194e-38 8.11427e-38 4.46532e-38 
20.0813 1.4497e-37 6.55829e-38 1.4497e-37 6.55829e-38 8.26793e-38 4.54021e-38 
20.3472 1.46817e-37 6.6458e-38 1.46817e-37 6.6458e-38 8.4239e-38 4.61615e-38 
20.6166 1.48686e-37 6.73448e-38 1.48686e-37 6.73448e-38 8.5822e-38 4.69313e-38 
20.8896 1.5058e-37 6.82434e-38 1.5058e-37 6.82434e-38 8.74285e-38 4.77122e-38 
21.1662 1.52498e-37 6.91539e-38 1.52498e-37 6.91539e-38 8.90588e-38 4.85039e-38 
21.4465 1.54441e-37 7.00766e-38 1.54441e-37 7.00766e-38 9.07135e-38 4.93069e-38 
21.7305 1.56409e-37 7.10114e-38 1.56409e-37 7.10114e-38 9.23927e-38 5.01211e-38 
22.0182 1.58402e-37 7.19588e-38 1.58402e-37 7.19588e-38 9.40969e-38 5.09466e-38 
22.3098 1.6042e-37 7.29188e-38 1.6042e-37 7.29188e-38 9.58262e-38 5.17839e-38 
22.6052 1.62464e-37 7.38916e-38 1.62464e-37 7.38916e-38 9.75814e-38 5.2633e-38 
22.9046 1.64535e-37 7.48773e-38 1.64535e-37 7.48773e-38 9.93621e-38 5.3494e-38 
23.2078 1.66632e-37 7.5876e-38 1.66632e-37 7.5876e-38 1.01169e-37 5.43668e-38 
23.5152 1.68756e-37 7.68882e-38 1.68756e-37 7.68882e-38 1.03002e-37 5.52522e-38 
23.8265 1.70907e-37 7.79139e-38 1.70907e-37 7.79139e-38 1.04863e-37 5.615e-38 
24.142 1.73085e-37 7.8953e-38 1.73085e-37 7.8953e-38 1.0675e-37 5.70604e-38 
24.4617 1.75292e-37 8.00063e-38 1.75292e-37 8.00063e-38 1.08666e-37 5.79835e-38 
24.7856 1.77527e-37 8.10734e-38 1.77527e-37 8.10734e-38 1.10609e-37 5.89196e-38 
25.1138 1.7979e-37 8.21546e-38 1.7979e-37 8.21546e-38 1.1258e-37 5.9869e-38 
25.4464 1.82083e-37 8.32504e-38 1.82083e-37 8.32504e-38 1.1458e-37 6.08317e-38 
25.7833 1.84405e-37 8.43608e-38 1.84405e-37 8.43608e-38 1.1661e-37 6.18081e-38 
26.1248 1.86757e-37 8.5486e-38 1.86757e-37 8.5486e-38 1.18668e-37 6.27979e-38 
26.4707 1.89139e-37 8.66261e-38 1.89139e-37 8.66261e-38 1.20757e-37 6.38022e-38 
26.8212 1.91552e-37 8.77814e-38 1.91552e-37 8.77814e-38 1.22876e-37 6.48201e-38 
27.1764 1.93995e-37 8.89521e-38 1.93995e-37 8.89521e-38 1.25025e-37 6.58531e-38 
27.5362 1.9647e-37 9.01385e-38 1.9647e-37 9.01385e-38 1.27206e-37 6.69002e-38 
27.9009 1.98977e-37 9.13407e-38 1.98977e-37 9.13407e-38 1.29418e-37 6.7962e-38 
28.2703 2.01516e-37 9.25589e-38 2.01516e-37 9.25589e-38 1.31662e-37 6.90397e-38 
28.6447 2.04087e-37 9.37933e-38 2.04087e-37 9.37933e-38 1.33938e-37 7.01318e-38 
29.024 2.06692e-37 9.50443e-38 2.06692e-37 9.50443e-38 1.36247e-37 7.12396e-38 
29.4083 2.09329e-37 9.63118e-38 2.09329e-37 9.63118e-38 1.38589e-37 7.2363e-38 
29.7977 2.12001e-37 9.75963e-38 2.12001e-37 9.75963e-38 1.40965e-37 7.35022e-38 
30.1923 2.14707e-37 9.88979e-38 2.14707e-37 9.88979e-38 1.43374e-37 7.46577e-38 
30.5921 2.17448e-37 1.00217e-37 2.17448e-37 1.00217e-37 1.45818e-37 7.58293e-38 
30.9972 2.20224e-37 1.01553e-37 2.20224e-37 1.01553e-37 1.48297e-37 7.70174e-38 
31.4076 2.23036e-37 1.02908e-37 2.23036e-37 1.02908e-37 1.50811e-37 7.82225e-38 
31.8235 2.25885e-37 1.0428e-37 2.25885e-37 1.0428e-37 1.5336e-37 7.94445e-38 
32.2449 2.28768e-37 1.05671e-37 2.28768e-37 1.05671e-37 1.55947e-37 8.06838e-38 
32.6719 2.31691e-37 1.07081e-37 2.31691e-37 1.07081e-37 1.5857e-37 8.19405e-38 
33.1045 2.34648e-37 1.08509e-37 2.34648e-37 1.08509e-37 1.6123e-37 8.32151e-38 
33.5429 2.37644e-37 1.09956e-37 2.37644e-37 1.09956e-37 1.63927e-37 8.45076e-38 
33.987 2.4068e-37 1.11422e-37 2.4068e-37 1.11422e-37 1.66663e-37 8.58183e-38 
34.4371 2.43755e-37 1.12908e-37 2.43755e-37 1.12908e-37 1.69437e-37 8.71476e-38 
34.8931 2.46868e-37 1.14413e-37 2.46868e-37 1.14413e-37 1.72251e-37 8.84954e-38 
35.3551 2.50023e-37 1.1594e-37 2.50023e-37 1.1594e-37 1.75105e-37 8.98625e-38 
35.8233 2.53217e-37 1.17486e-37 2.53217e-37 1.17486e-37 1.77998e-37 9.12493e-38 
36.2976 2.56453e-37 1.19054e-37 2.56453e-37 1.19054e-37 1.80932e-37 9.26557e-38 
36.7783 2.5973e-37 1.20642e-37 2.5973e-37 1.20642e-37 1.83908e-37 9.40815e-38 
37.2653 2.63049e-37 1.22251e-37 2.63049e-37 1.22251e-37 1.86925e-37 9.55275e-38 
37.7587 2.66411e-37 1.23882e-37 2.66411e-37 1.23882e-37 1.89985e-37 9.69942e-38 
38.2587 2.69816e-37 1.25534e-37 2.69816e-37 1.25534e-37 1.93088e-37 9.84817e-38 
38.7653 2.73266e-37 1.27208e-37 2.73266e-37 1.27208e-37 1.96233e-37 9.999e-38 
39.2787 2.76759e-37 1.28905e-37 2.76759e-37 1.28905e-37 1.99424e-37 1.0152e-37 
39.7988 2.80296e-37 1.30625e-37 2.80296e-37 1.30625e-37 2.02659e-37 1.03071e-37 
40.3258 2.8388e-37 1.32367e-37 2.8388e-37 1.32367e-37 2.05938e-37 1.04644e-37 
40.8598 2.8751e-37 1.34133e-37 2.8751e-37 1.34133e-37 2.09264e-37 1.06241e-37 
41.4008 2.91187e-37 1.35922e-37 2.91187e-37 1.35922e-37 2.12636e-37 1.07859e-37 
41.949 2.9491e-37 1.37736e-37 2.9491e-37 1.37736e-37 2.16054e-37 1.095e-37 
42.5045 2.98682e-37 1.39574e-37 2.98682e-37 1.39574e-37 2.19521e-37 1.11164e-37 
43.0673 3.02501e-37 1.41436e-37 3.02501e-37 1.41436e-37 2.23035e-37 1.12851e-37 
43.6376 3.06371e-37 1.43323e-37 3.06371e-37 1.43323e-37 2.26597e-37 1.14564e-37 
44.2154 3.1029e-37 1.45235e-37 3.1029e-37 1.45235e-37 2.30211e-37 1.16298e-37 
44.8009 3.1426e-37 1.47172e-37 3.1426e-37 1.47172e-37 2.33874e-37 1.18059e-37 
45.3942 3.1828e-37 1.49136e-37 3.1828e-37 1.49136e-37 2.37586e-37 1.19843e-37 
45.9953 3.22352e-37 1.51126e-37 3.22352e-37 1.51126e-37 2.41351e-37 1.21655e-37 
46.6043 3.26476e-37 1.53142e-37 3.26476e-37 1.53142e-37 2.45168e-37 1.23489e-37 
47.2214 3.30654e-37 1.55186e-37 3.30654e-37 1.55186e-37 2.49037e-37 1.2535e-37 
47.8467 3.34885e-37 1.57257e-37 3.34885e-37 1.57257e-37 2.5296e-37 1.27239e-37 
48.4803 3.39171e-37 1.59355e-37 3.39171e-37 1.59355e-37 2.56937e-37 1.29154e-37 
49.1223 3.43512e-37 1.61482e-37 3.43512e-37 1.61482e-37 2.60968e-37 1.31095e-37 
49.7727 3.47909e-37 1.63637e-37 3.47909e-37 1.63637e-37 2.65056e-37 1.33064e-37 
50.4318 3.52362e-37 1.65821e-37 3.52362e-37 1.65821e-37 2.69199e-37 1.35061e-37 
51.0996 3.56872e-37 1.68034e-37 3.56872e-37 1.68034e-37 2.734e-37 1.37087e-37 
51.7762 3.61441e-37 1.70276e-37 3.61441e-37 1.70276e-37 2.77658e-37 1.3914e-37 
52.4618 3.66068e-37 1.72548e-37 3.66068e-37 1.72548e-37 2.81975e-37 1.41223e-37 
53.1565 3.70755e-37 1.74851e-37 3.70755e-37 1.74851e-37 2.86351e-37 1.43335e-37 
53.8604 3.75503e-37 1.77185e-37 3.75503e-37 1.77185e-37 2.90785e-37 1.45477e-37 
54.5736 3.80311e-37 1.7955e-37 3.80311e-37 1.7955e-37 2.95284e-37 1.47649e-37 
55.2963 3.85181e-37 1.81947e-37 3.85181e-37 1.81947e-37 2.99841e-37 1.49852e-37 
56.0285 3.90114e-37 1.84376e-37 3.90114e-37 1.84376e-37 3.04461e-37 1.52085e-37 
56.7704 3.95111e-37 1.86837e-37 3.95111e-37 1.86837e-37 3.09146e-37 1.5435e-37 
57.5221 4.00171e-37 1.8933e-37 4.00171e-37 1.8933e-37 3.13893e-37 1.56648e-37 
58.2838 4.05297e-37 1.91858e-37 4.05297e-37 1.91858e-37 3.18705e-37 1.58977e-37 
59.0556 4.10488e-37 1.9442e-37 4.10488e-37 1.9442e-37 3.23582e-37 1.61339e-37 
59.8376 4.15747e-37 1.97015e-37 4.15747e-37 1.97015e-37 3.28526e-37 1.63735e-37 
60.6299 4.21073e-37 1.99646e-37 4.21073e-37 1.99646e-37 3.33537e-37 1.66163e-37 
61.4328 4.26469e-37 2.02311e-37 4.26469e-37 2.02311e-37 3.38616e-37 1.68627e-37 
62.2462 4.31932e-37 2.05012e-37 4.31932e-37 2.05012e-37 3.43765e-37 1.71124e-37 
63.0705 4.37467e-37 2.0775e-37 4.37467e-37 2.0775e-37 3.48982e-37 1.73656e-37 
63.9056 4.43072e-37 2.10524e-37 4.43072e-37 2.10524e-37 3.5427e-37 1.76223e-37 
64.7519 4.4875e-37 2.13335e-37 4.4875e-37 2.13335e-37 3.59634e-37 1.78829e-37 
65.6093 4.545e-37 2.16183e-37 4.545e-37 2.16183e-37 3.65064e-37 1.81468e-37 
66.4781 4.60325e-37 2.1907e-37 4.60325e-37 2.1907e-37 3.70571e-37 1.84145e-37 
67.3583 4.66225e-37 2.21996e-37 4.66225e-37 2.21996e-37 3.76151e-37 1.86859e-37 
68.2503 4.72201e-37 2.24961e-37 4.72201e-37 2.24961e-37 3.81807e-37 1.89613e-37 
69.154 4.78254e-37 2.27965e-37 4.78254e-37 2.27965e-37 3.87539e-37 1.92404e-37 
70.0697 4.84384e-37 2.3101e-37 4.84384e-37 2.3101e-37 3.93348e-37 1.95233e-37 
70.9976 4.90594e-37 2.34095e-37 4.90594e-37 2.34095e-37 3.99237e-37 1.98104e-37 
71.9377 4.96883e-37 2.37222e-37 4.96883e-37 2.37222e-37 4.05205e-37 2.01014e-37 
72.8903 5.03252e-37 2.4039e-37 5.03252e-37 2.4039e-37 4.11251e-37 2.03964e-37 
73.8555 5.09705e-37 2.43601e-37 5.09705e-37 2.43601e-37 4.17382e-37 2.06957e-37 
74.8335 5.1624e-37 2.46855e-37 5.1624e-37 2.46855e-37 4.23593e-37 2.0999e-37 
75.8244 5.22859e-37 2.50153e-37 5.22859e-37 2.50153e-37 4.29889e-37 2.13067e-37 
76.8284 5.29563e-37 2.53494e-37 5.29563e-37 2.53494e-37 4.3627e-37 2.16187e-37 
77.8457 5.36354e-37 2.56881e-37 5.36354e-37 2.56881e-37 4.42735e-37 2.19349e-37 
78.8766 5.43232e-37 2.60312e-37 5.43232e-37 2.60312e-37 4.49288e-37 2.22557e-37 
79.921 5.50198e-37 2.6379e-37 5.50198e-37 2.6379e-37 4.55929e-37 2.25808e-37 
80.9793 5.57255e-37 2.67314e-37 5.57255e-37 2.67314e-37 4.62659e-37 2.29106e-37 
82.0516 5.64402e-37 2.70886e-37 5.64402e-37 2.70886e-37 4.69478e-37 2.32449e-37 
83.1381 5.7164e-37 2.74505e-37 5.7164e-37 2.74505e-37 4.76389e-37 2.35839e-37 
84.239 5.78972e-37 2.78173e-37 5.78972e-37 2.78173e-37 4.83393e-37 2.39277e-37 
85.3545 5.86398e-37 2.8189e-37 5.86398e-37 2.8189e-37 4.90491e-37 2.42761e-37 
86.4847 5.9392e-37 2.85656e-37 5.9392e-37 2.85656e-37 4.97682e-37 2.46294e-37 
87.6299 6.01539e-37 2.89473e-37 6.01539e-37 2.89473e-37 5.04972e-37 2.49875e-37 
88.7903 6.09255e-37 2.93342e-37 6.09255e-37 2.93342e-37 5.12356e-37 2.53509e-37 
89.966 6.17071e-37 2.97262e-37 6.17071e-37 2.97262e-37 5.19839e-37 2.57192e-37 
91.1573 6.24987e-37 3.01235e-37 6.24987e-37 3.01235e-37 5.27423e-37 2.60925e-37 
92.3644 6.33005e-37 3.0526e-37 6.33005e-37 3.0526e-37 5.35109e-37 2.64711e-37 
93.5874 6.41125e-37 3.0934e-37 6.41125e-37 3.0934e-37 5.42895e-37 2.68549e-37 
94.8267 6.49351e-37 3.13474e-37 6.49351e-37 3.13474e-37 5.50786e-37 2.72441e-37 
96.0823 6.57682e-37 3.17664e-37 6.57682e-37 3.17664e-37 5.58782e-37 2.76385e-37 
97.3546 6.66122e-37 3.2191e-37 6.66122e-37 3.2191e-37 5.66885e-37 2.80387e-37 
98.6438 6.74669e-37 3.26213e-37 6.74669e-37 3.26213e-37 5.75095e-37 2.84441e-37 
99.95 6.83326e-37 3.30573e-37 6.83326e-37 3.30573e-37 5.83414e-37 2.88555e-37 
101.273 6.92093e-37 3.34992e-37 6.92093e-37 3.34992e-37 5.91843e-37 2.92724e-37 
102.615 7.00977e-37 3.39471e-37 7.00977e-37 3.39471e-37 6.00384e-37 2.96952e-37 
103.973 7.0997e-37 3.44008e-37 7.0997e-37 3.44008e-37 6.09038e-37 3.01236e-37 
105.35 7.1908e-37 3.48606e-37 7.1908e-37 3.48606e-37 6.17809e-37 3.0558e-37 
106.745 7.28308e-37 3.53267e-37 7.28308e-37 3.53267e-37 6.26694e-37 3.09985e-37 
108.159 7.37654e-37 3.57989e-37 7.37654e-37 3.57989e-37 6.35697e-37 3.14451e-37 
109.591 7.4712e-37 3.62775e-37 7.4712e-37 3.62775e-37 6.44819e-37 3.18979e-37 
111.042 7.56708e-37 3.67625e-37 7.56708e-37 3.67625e-37 6.54063e-37 3.2357e-37 
112.512 7.6642e-37 3.7254e-37 7.6642e-37 3.7254e-37 6.6343e-37 3.28224e-37 
114.002 7.76256e-37 3.77521e-37 7.76256e-37 3.77521e-37 6.72919e-37 3.32942e-37 
115.512 7.86218e-37 3.82568e-37 7.86218e-37 3.82568e-37 6.82535e-37 3.37723e-37 
117.041 7.96308e-37 3.87683e-37 7.96308e-37 3.87683e-37 6.92276e-37 3.42574e-37 
118.591 8.06529e-37 3.92867e-37 8.06529e-37 3.92867e-37 7.02147e-37 3.47491e-37 
120.162 8.16879e-37 3.9812e-37 8.16879e-37 3.9812e-37 7.1215e-37 3.52476e-37 
121.753 8.27363e-37 4.03443e-37 8.27363e-37 4.03443e-37 7.22282e-37 3.57529e-37 
123.365 8.37981e-37 4.08838e-37 8.37981e-37 4.08838e-37 7.32549e-37 3.62654e-37 
124.998 8.48736e-37 4.14305e-37 8.48736e-37 4.14305e-37 7.42951e-37 3.67846e-37 
126.654 8.59629e-37 4.19845e-37 8.59629e-37 4.19845e-37 7.53492e-37 3.73112e-37 
128.331 8.70662e-37 4.25459e-37 8.70662e-37 4.25459e-37 7.64169e-37 3.7845e-37 
130.03 8.81837e-37 4.31148e-37 8.81837e-37 4.31148e-37 7.74988e-37 3.83862e-37 
131.752 8.93154e-37 4.36914e-37 8.93154e-37 4.36914e-37 7.85949e-37 3.89348e-37 
133.496 9.04617e-37 4.42756e-37 9.04617e-37 4.42756e-37 7.97055e-37 3.9491e-37 
135.264 9.16227e-37 4.48677e-37 9.16227e-37 4.48677e-37 8.08306e-37 4.00547e-37 
137.055 9.27987e-37 4.54677e-37 9.27987e-37 4.54677e-37 8.19705e-37 4.06263e-37 
138.87 9.39897e-37 4.60758e-37 9.39897e-37 4.60758e-37 8.31254e-37 4.12058e-37 
140.709 9.51959e-37 4.6692e-37 9.51959e-37 4.6692e-37 8.42954e-37 4.17932e-37 
142.572 9.64177e-37 4.73165e-37 9.64177e-37 4.73165e-37 8.5481e-37 4.23887e-37 
144.46 9.76551e-37 4.79492e-37 9.76551e-37 4.79492e-37 8.66816e-37 4.29923e-37 
146.373 9.89084e-37 4.85905e-37 9.89084e-37 4.85905e-37 8.78985e-37 4.36044e-37 
148.311 1.00178e-36 4.92403e-37 1.00178e-36 4.92403e-37 8.91311e-37 4.42247e-37 
150.275 1.01463e-36 4.9899e-37 1.01463e-36 4.9899e-37 9.03799e-37 4.48536e-37 
152.265 1.02765e-36 5.05661e-37 1.02765e-36 5.05661e-37 9.1645e-37 4.5491e-37 
154.281 1.04084e-36 5.12424e-37 1.04084e-36 5.12424e-37 9.29267e-37 4.61374e-37 
156.324 1.0542e-36 5.19279e-37 1.0542e-36 5.19279e-37 9.42253e-37 4.67925e-37 
158.394 1.06773e-36 5.26224e-37 1.06773e-36 5.26224e-37 9.55408e-37 4.74567e-37 
160.492 1.08143e-36 5.33262e-37 1.08143e-36 5.33262e-37 9.68733e-37 4.81301e-37 
162.617 1.0953e-36 5.40393e-37 1.0953e-36 5.40393e-37 9.82235e-37 4.88124e-37 
164.77 1.10936e-36 5.47621e-37 1.10936e-36 5.47621e-37 9.95913e-37 4.95042e-37 
166.952 1.12359e-36 5.54945e-37 1.12359e-36 5.54945e-37 1.00977e-36 5.02056e-37 
169.163 1.13801e-36 5.62367e-37 1.13801e-36 5.62367e-37 1.0238e-36 5.09166e-37 
171.403 1.15261e-36 5.69889e-37 1.15261e-36 5.69889e-37 1.03803e-36 5.16372e-37 
173.672 1.1674e-36 5.77511e-37 1.1674e-36 5.77511e-37 1.05243e-36 5.23677e-37 
175.972 1.18237e-36 5.85235e-37 1.18237e-36 5.85235e-37 1.06703e-36 5.31084e-37 
178.302 1.19754e-36 5.93063e-37 1.19754e-36 5.93063e-37 1.08181e-36 5.3859e-37 
180.663 1.21291e-36 6.00994e-37 1.21291e-36 6.00994e-37 1.09679e-36 5.462e-37 
183.055 1.22846e-36 6.09032e-37 1.22846e-36 6.09032e-37 1.11196e-36 5.53914e-37 
185.479 1.24422e-36 6.17177e-37 1.24422e-36 6.17177e-37 1.12733e-36 5.61733e-37 
187.936 1.26018e-36 6.25431e-37 1.26018e-36 6.25431e-37 1.1429e-36 5.6966e-37 
190.424 1.27635e-36 6.33796e-37 1.27635e-36 6.33796e-37 1.15867e-36 5.77696e-37 
192.946 1.29272e-36 6.42273e-37 1.29272e-36 6.42273e-37 1.17465e-36 5.85841e-37 
195.501 1.3093e-36 6.50862e-37 1.3093e-36 6.50862e-37 1.19083e-36 5.94098e-37 
198.089 1.32609e-36 6.59566e-37 1.32609e-36 6.59566e-37 1.20723e-36 6.02465e-37 
200.712 1.34309e-36 6.68387e-37 1.34309e-36 6.68387e-37 1.22383e-36 6.10949e-37 
203.37 1.36031e-36 6.77326e-37 1.36031e-36 6.77326e-37 1.24066e-36 6.19548e-37 
206.063 1.37776e-36 6.86384e-37 1.37776e-36 6.86384e-37 1.2577e-36 6.28265e-37 
208.792 1.39542e-36 6.95562e-37 1.39542e-36 6.95562e-37 1.27497e-36 6.37101e-37 
211.556 1.41331e-36 7.04863e-37 1.41331e-36 7.04863e-37 1.29245e-36 6.46056e-37 
214.358 1.43143e-36 7.1429e-37 1.43143e-36 7.1429e-37 1.31017e-36 6.55136e-37 
217.196 1.44978e-36 7.23841e-37 1.44978e-36 7.23841e-37 1.32811e-36 6.64339e-37 
220.072 1.46836e-36 7.3352e-37 1.46836e-36 7.3352e-37 1.34629e-36 6.73664e-37 
222.986 1.48718e-36 7.43329e-37 1.48718e-36 7.43329e-37 1.3647e-36 6.83118e-37 
225.939 1.50624e-36 7.53268e-37 1.50624e-36 7.53268e-37 1.38335e-36 6.92702e-37 
228.931 1.52555e-36 7.63339e-37 1.52555e-36 7.63339e-37 1.40224e-36 7.02417e-37 
231.962 1.5451e-36 7.73547e-37 1.5451e-36 7.73547e-37 1.42138e-36 7.12262e-37 
235.034 1.56489e-36 7.83889e-37 1.56489e-36 7.83889e-37 1.44076e-36 7.22243e-37 
238.146 1.58494e-36 7.9437e-37 1.58494e-36 7.9437e-37 1.46039e-36 7.32359e-37 
241.3 1.60525e-36 8.04988e-37 1.60525e-36 8.04988e-37 1.48028e-36 7.42613e-37 
244.495 1.62582e-36 8.15753e-37 1.62582e-36 8.15753e-37 1.50042e-36 7.53006e-37 
247.732 1.64664e-36 8.26658e-37 1.64664e-36 8.26658e-37 1.52083e-36 7.63541e-37 
251.013 1.66773e-36 8.37708e-37 1.66773e-36 8.37708e-37 1.5415e-36 7.74219e-37 
254.337 1.68909e-36 8.48907e-37 1.68909e-36 8.48907e-37 1.56243e-36 7.85041e-37 
257.704 1.71072e-36 8.60255e-37 1.71072e-36 8.60255e-37 1.58363e-36 7.96012e-37 
261.117 1.73263e-36 8.71754e-37 1.73263e-36 8.71754e-37 1.60511e-36 8.0713e-37 
264.575 1.75481e-36 8.83406e-37 1.75481e-36 8.83406e-37 1.62686e-36 8.18401e-37 
268.078 1.77728e-36 8.95214e-37 1.77728e-36 8.95214e-37 1.64889e-36 8.29825e-37 
271.628 1.80003e-36 9.07179e-37 1.80003e-36 9.07179e-37 1.67121e-36 8.41403e-37 
275.225 1.82307e-36 9.19303e-37 1.82307e-36 9.19303e-37 1.69382e-36 8.53138e-37 
278.869 1.8464e-36 9.31589e-37 1.8464e-36 9.31589e-37 1.71671e-36 8.65033e-37 
282.562 1.87003e-36 9.44039e-37 1.87003e-36 9.44039e-37 1.7399e-36 8.77089e-37 
286.303 1.89396e-36 9.56654e-37 1.89396e-36 9.56654e-37 1.76339e-36 8.89309e-37 
290.094 1.91819e-36 9.69438e-37 1.91819e-36 9.69438e-37 1.78719e-36 9.01694e-37 
293.936 1.94273e-36 9.82392e-37 1.94273e-36 9.82392e-37 1.81128e-36 9.14247e-37 
297.828 1.96758e-36 9.95518e-37 1.96758e-36 9.95518e-37 1.83569e-36 9.26971e-37 
301.772 1.99274e-36 1.00882e-36 1.99274e-36 1.00882e-36 1.8604e-36 9.39867e-37 
305.768 2.01822e-36 1.0223e-36 2.01822e-36 1.0223e-36 1.88542e-36 9.52935e-37 
309.817 2.04403e-36 1.03595e-36 2.04403e-36 1.03595e-36 1.9108e-36 9.66185e-37 
313.919 2.07016e-36 1.04979e-36 2.07016e-36 1.04979e-36 1.93647e-36 9.79611e-37 
318.076 2.09662e-36 1.06382e-36 2.09662e-36 1.06382e-36 1.96248e-36 9.93216e-37 
322.288 2.12342e-36 1.07802e-36 2.12342e-36 1.07802e-36 1.98883e-36 1.00701e-36 
326.555 2.15056e-36 1.09242e-36 2.15056e-36 1.09242e-36 2.0155e-36 1.02099e-36 
330.879 2.17804e-36 1.10701e-36 2.17804e-36 1.10701e-36 2.0425e-36 1.03516e-36 
335.261 2.20586e-36 1.1218e-36 2.20586e-36 1.1218e-36 2.06986e-36 1.04952e-36 
339.7 2.23404e-36 1.13678e-36 2.23404e-36 1.13678e-36 2.09757e-36 1.06407e-36 
344.198 2.26258e-36 1.15196e-36 2.26258e-36 1.15196e-36 2.12564e-36 1.07882e-36 
348.756 2.29147e-36 1.16734e-36 2.29147e-36 1.16734e-36 2.15407e-36 1.09377e-36 
353.374 2.32073e-36 1.18292e-36 2.32073e-36 1.18292e-36 2.18285e-36 1.10892e-36 
358.054 2.35035e-36 1.19871e-36 2.35035e-36 1.19871e-36 2.21201e-36 1.12428e-36 
362.795 2.38036e-36 1.21472e-36 2.38036e-36 1.21472e-36 2.24153e-36 1.13984e-36 
367.599 2.41074e-36 1.23093e-36 2.41074e-36 1.23093e-36 2.27144e-36 1.15561e-36 
372.466 2.4415e-36 1.24736e-36 2.4415e-36 1.24736e-36 2.30172e-36 1.1716e-36 
377.399 2.47264e-36 1.26401e-36 2.47264e-36 1.26401e-36 2.33238e-36 1.18779e-36 
382.396 2.50418e-36 1.28088e-36 2.50418e-36 1.28088e-36 2.36344e-36 1.20421e-36 
387.459 2.53612e-36 1.29797e-36 2.53612e-36 1.29797e-36 2.39489e-36 1.22085e-36 
392.59 2.56846e-36 1.31528e-36 2.56846e-36 1.31528e-36 2.42674e-36 1.23771e-36 
397.789 2.6012e-36 1.33283e-36 2.6012e-36 1.33283e-36 2.459e-36 1.2548e-36 
403.056 2.63436e-36 1.35061e-36 2.63436e-36 1.35061e-36 2.49166e-36 1.27213e-36 
408.393 2.66793e-36 1.36863e-36 2.66793e-36 1.36863e-36 2.52474e-36 1.28968e-36 
413.801 2.70192e-36 1.38688e-36 2.70192e-36 1.38688e-36 2.55824e-36 1.30747e-36 
419.28 2.73634e-36 1.40538e-36 2.73634e-36 1.40538e-36 2.59216e-36 1.32549e-36 
424.832 2.77119e-36 1.42412e-36 2.77119e-36 1.42412e-36 2.62651e-36 1.34376e-36 
430.458 2.80648e-36 1.44311e-36 2.80648e-36 1.44311e-36 2.6613e-36 1.36228e-36 
436.158 2.84221e-36 1.46235e-36 2.84221e-36 1.46235e-36 2.69652e-36 1.38104e-36 
441.933 2.87839e-36 1.48185e-36 2.87839e-36 1.48185e-36 2.73219e-36 1.40006e-36 
447.785 2.91502e-36 1.5016e-36 2.91502e-36 1.5016e-36 2.76832e-36 1.41933e-36 
453.715 2.95211e-36 1.52161e-36 2.95211e-36 1.52161e-36 2.80489e-36 1.43886e-36 
459.723 2.98966e-36 1.54189e-36 2.98966e-36 1.54189e-36 2.84193e-36 1.45865e-36 
465.81 3.02768e-36 1.56244e-36 3.02768e-36 1.56244e-36 2.87944e-36 1.47871e-36 
471.978 3.06618e-36 1.58325e-36 3.06618e-36 1.58325e-36 2.91742e-36 1.49903e-36 
478.228 3.10515e-36 1.60435e-36 3.10515e-36 1.60435e-36 2.95587e-36 1.51963e-36 
484.561 3.14462e-36 1.62572e-36 3.14462e-36 1.62572e-36 2.99481e-36 1.5405e-36 
490.977 3.18458e-36 1.64738e-36 3.18458e-36 1.64738e-36 3.03424e-36 1.56166e-36 
497.478 3.22502e-36 1.66932e-36 3.22502e-36 1.66932e-36 3.07417e-36 1.58309e-36 
504.066 3.26599e-36 1.69155e-36 3.26599e-36 1.69155e-36 3.1146e-36 1.60481e-36 
510.74 3.30745e-36 1.71407e-36 3.30745e-36 1.71407e-36 3.15553e-36 1.62683e-36 
517.503 3.34945e-36 1.73689e-36 3.34945e-36 1.73689e-36 3.19698e-36 1.64913e-36 
524.356 3.39193e-36 1.76001e-36 3.39193e-36 1.76001e-36 3.23895e-36 1.67174e-36 
531.299 3.43497e-36 1.78343e-36 3.43497e-36 1.78343e-36 3.28144e-36 1.69464e-36 
538.335 3.47853e-36 1.80717e-36 3.47853e-36 1.80717e-36 3.32447e-36 1.71786e-36 
545.463 3.52263e-36 1.83121e-36 3.52263e-36 1.83121e-36 3.36804e-36 1.74138e-36 
552.686 3.56729e-36 1.85558e-36 3.56729e-36 1.85558e-36 3.41214e-36 1.76521e-36 
560.005 3.6125e-36 1.88026e-36 3.6125e-36 1.88026e-36 3.4568e-36 1.78937e-36 
567.42 3.65826e-36 1.90527e-36 3.65826e-36 1.90527e-36 3.50202e-36 1.81384e-36 
574.934 3.7046e-36 1.93061e-36 3.7046e-36 1.93061e-36 3.54781e-36 1.83864e-36 
582.547 3.75151e-36 1.95627e-36 3.75151e-36 1.95627e-36 3.59416e-36 1.86377e-36 
590.26 3.79899e-36 1.98228e-36 3.79899e-36 1.98228e-36 3.64109e-36 1.88924e-36 
598.077 3.84706e-36 2.00863e-36 3.84706e-36 2.00863e-36 3.6886e-36 1.91504e-36 
605.996 3.89573e-36 2.03532e-36 3.89573e-36 2.03532e-36 3.73672e-36 1.94119e-36 
614.02 3.945e-36 2.06237e-36 3.945e-36 2.06237e-36 3.78542e-36 1.96768e-36 
622.151 3.99487e-36 2.08977e-36 3.99487e-36 2.08977e-36 3.83473e-36 1.99453e-36 
630.389 4.04537e-36 2.11753e-36 4.04537e-36 2.11753e-36 3.88465e-36 2.02173e-36 
638.737 4.09647e-36 2.14565e-36 4.09647e-36 2.14565e-36 3.93519e-36 2.0493e-36 
647.195 4.14821e-36 2.17415e-36 4.14821e-36 2.17415e-36 3.98634e-36 2.07722e-36 
655.765 4.20059e-36 2.20301e-36 4.20059e-36 2.20301e-36 4.03814e-36 2.10552e-36 
664.448 4.25361e-36 2.23226e-36 4.25361e-36 2.23226e-36 4.09059e-36 2.1342e-36 
673.247 4.30728e-36 2.26188e-36 4.30728e-36 2.26188e-36 4.14368e-36 2.16325e-36 
682.161 4.36161e-36 2.2919e-36 4.36161e-36 2.2919e-36 4.19742e-36 2.19269e-36 
691.194 4.41661e-36 2.32231e-36 4.41661e-36 2.32231e-36 4.25183e-36 2.22252e-36 
700.347 4.47227e-36 2.35311e-36 4.47227e-36 2.35311e-36 4.30691e-36 2.25274e-36 
709.621 4.52862e-36 2.38432e-36 4.52862e-36 2.38432e-36 4.36267e-36 2.28336e-36 
719.017 4.58566e-36 2.41594e-36 4.58566e-36 2.41594e-36 4.41911e-36 2.31439e-36 
728.538 4.6434e-36 2.44797e-36 4.6434e-36 2.44797e-36 4.47625e-36 2.34583e-36 
738.185 4.70184e-36 2.48041e-36 4.70184e-36 2.48041e-36 4.5341e-36 2.37768e-36 
747.96 4.76099e-36 2.51328e-36 4.76099e-36 2.51328e-36 4.59265e-36 2.40995e-36 
757.864 4.82087e-36 2.54658e-36 4.82087e-36 2.54658e-36 4.65192e-36 2.44265e-36 
767.9 4.88147e-36 2.58032e-36 4.88147e-36 2.58032e-36 4.71192e-36 2.47578e-36 
778.068 4.94282e-36 2.61449e-36 4.94282e-36 2.61449e-36 4.77266e-36 2.50935e-36 
788.371 5.00492e-36 2.64911e-36 5.00492e-36 2.64911e-36 4.83413e-36 2.54336e-36 
798.81 5.06776e-36 2.68418e-36 5.06776e-36 2.68418e-36 4.89636e-36 2.57781e-36 
809.388 5.13137e-36 2.7197e-36 5.13137e-36 2.7197e-36 4.95935e-36 2.61273e-36 
820.106 5.19576e-36 2.75569e-36 5.19576e-36 2.75569e-36 5.02312e-36 2.64809e-36 
830.965 5.26091e-36 2.79215e-36 5.26091e-36 2.79215e-36 5.08765e-36 2.68393e-36 
841.969 5.32685e-36 2.82907e-36 5.32685e-36 2.82907e-36 5.15297e-36 2.72023e-36 
853.118 5.3936e-36 2.86649e-36 5.3936e-36 2.86649e-36 5.2191e-36 2.75701e-36 
864.414 5.46115e-36 2.90438e-36 5.46115e-36 2.90438e-36 5.28601e-36 2.79427e-36 
875.861 5.52952e-36 2.94278e-36 5.52952e-36 2.94278e-36 5.35376e-36 2.83202e-36 
887.459 5.59871e-36 2.98166e-36 5.59871e-36 2.98166e-36 5.42231e-36 2.87027e-36 
899.21 5.66874e-36 3.02105e-36 5.66874e-36 3.02105e-36 5.49169e-36 2.90902e-36 
911.117 5.73962e-36 3.06095e-36 5.73962e-36 3.06095e-36 5.56193e-36 2.94827e-36 
923.182 5.81133e-36 3.10137e-36 5.81133e-36 3.10137e-36 5.633e-36 2.98803e-36 
935.406 5.88392e-36 3.1423e-36 5.88392e-36 3.1423e-36 5.70495e-36 3.02832e-36 
947.793 5.95738e-36 3.18377e-36 5.95738e-36 3.18377e-36 5.77775e-36 3.06913e-36 
960.343 6.03171e-36 3.22578e-36 6.03171e-36 3.22578e-36 5.85143e-36 3.11048e-36 
973.06 6.10695e-36 3.26833e-36 6.10695e-36 3.26833e-36 5.92602e-36 3.15237e-36 
985.944 6.18308e-36 3.31143e-36 6.18308e-36 3.31143e-36 6.0015e-36 3.1948e-36 
999 6.26012e-36 3.35508e-36 6.26012e-36 3.35508e-36 6.07789e-36 3.23779e-36 
