10 7.42121e-38 3.24443e-38 7.42121e-38 3.24443e-38 2.64205e-38 1.68738e-38 
10.0858 7.48228e-38 3.27261e-38 7.48228e-38 3.27261e-38 2.68671e-38 1.71204e-38 
10.1724 7.54383e-38 3.30102e-38 7.54383e-38 3.30102e-38 2.7318e-38 1.73687e-38 
10.2597 7.60591e-38 3.32969e-38 7.60591e-38 3.32969e-38 2.77738e-38 1.76187e-38 
10.3477 7.6685e-38 3.35859e-38 7.6685e-38 3.35859e-38 2.82337e-38 1.78706e-38 
10.4365 7.7316e-38 3.38774e-38 7.7316e-38 3.38774e-38 2.86985e-38 1.81243e-38 
10.5261 7.79522e-38 3.41715e-38 7.79522e-38 3.41715e-38 2.91679e-38 1.83797e-38 
10.6164 7.85938e-38 3.44682e-38 7.85938e-38 3.44682e-38 2.9642e-38 1.86372e-38 
10.7075 7.92404e-38 3.47673e-38 7.92404e-38 3.47673e-38 3.01212e-38 1.88966e-38 
10.7994 7.98927e-38 3.50691e-38 7.98927e-38 3.50691e-38 3.0605e-38 1.91578e-38 
10.8921 8.05502e-38 3.53734e-38 8.05502e-38 3.53734e-38 3.10938e-38 1.94209e-38 
10.9855 8.12134e-38 3.56803e-38 8.12134e-38 3.56803e-38 3.15875e-38 1.96863e-38 
11.0798 8.18819e-38 3.59899e-38 8.18819e-38 3.59899e-38 3.20863e-38 1.99535e-38 
11.1749 8.25556e-38 3.63022e-38 8.25556e-38 3.63022e-38 3.25903e-38 2.02229e-38 
11.2708 8.32353e-38 3.66171e-38 8.32353e-38 3.66171e-38 3.30992e-38 2.04944e-38 
11.3675 8.39204e-38 3.69348e-38 8.39204e-38 3.69348e-38 3.36134e-38 2.0768e-38 
11.4651 8.46114e-38 3.72551e-38 8.46114e-38 3.72551e-38 3.4133e-38 2.10437e-38 
11.5634 8.53081e-38 3.75782e-38 8.53081e-38 3.75782e-38 3.46579e-38 2.13218e-38 
11.6627 8.60103e-38 3.79041e-38 8.60103e-38 3.79041e-38 3.51881e-38 2.16021e-38 
11.7628 8.67186e-38 3.82328e-38 8.67186e-38 3.82328e-38 3.57238e-38 2.18846e-38 
11.8637 8.7432e-38 3.85644e-38 8.7432e-38 3.85644e-38 3.62649e-38 2.21695e-38 
11.9655 8.81526e-38 3.88989e-38 8.81526e-38 3.88989e-38 3.68117e-38 2.24565e-38 
12.0682 8.8878e-38 3.92362e-38 8.8878e-38 3.92362e-38 3.73641e-38 2.2746e-38 
12.1718 8.96101e-38 3.95764e-38 8.96101e-38 3.95764e-38 3.7922e-38 2.30378e-38 
12.2762 9.03485e-38 3.99195e-38 9.03485e-38 3.99195e-38 3.84857e-38 2.33321e-38 
12.3816 9.10921e-38 4.02655e-38 9.10921e-38 4.02655e-38 3.90552e-38 2.36287e-38 
12.4878 9.1842e-38 4.06146e-38 9.1842e-38 4.06146e-38 3.96304e-38 2.39278e-38 
12.595 9.25985e-38 4.09667e-38 9.25985e-38 4.09667e-38 4.02116e-38 2.42294e-38 
12.7031 9.3361e-38 4.13218e-38 9.3361e-38 4.13218e-38 4.07988e-38 2.45335e-38 
12.8121 9.41299e-38 4.16799e-38 9.41299e-38 4.16799e-38 4.1392e-38 2.48403e-38 
12.922 9.49055e-38 4.20414e-38 9.49055e-38 4.20414e-38 4.19911e-38 2.51494e-38 
13.0329 9.56868e-38 4.24054e-38 9.56868e-38 4.24054e-38 4.25964e-38 2.54613e-38 
13.1447 9.64753e-38 4.27731e-38 9.64753e-38 4.27731e-38 4.32078e-38 2.57758e-38 
13.2576 9.727e-38 4.31433e-38 9.727e-38 4.31433e-38 4.38257e-38 2.6093e-38 
13.3713 9.80704e-38 4.35175e-38 9.80704e-38 4.35175e-38 4.44499e-38 2.64131e-38 
13.4861 9.88788e-38 4.38945e-38 9.88788e-38 4.38945e-38 4.50802e-38 2.67357e-38 
13.6018 9.96939e-38 4.42748e-38 9.96939e-38 4.42748e-38 4.57171e-38 2.70614e-38 
13.7185 1.00515e-37 4.46584e-38 1.00515e-37 4.46584e-38 4.63606e-38 2.73896e-38 
13.8362 1.01343e-37 4.50454e-38 1.01343e-37 4.50454e-38 4.70106e-38 2.77207e-38 
13.955 1.02178e-37 4.54355e-38 1.02178e-37 4.54355e-38 4.76672e-38 2.80548e-38 
14.0747 1.03021e-37 4.58291e-38 1.03021e-37 4.58291e-38 4.83305e-38 2.83918e-38 
14.1955 1.03869e-37 4.6226e-38 1.03869e-37 4.6226e-38 4.90007e-38 2.87317e-38 
14.3173 1.04725e-37 4.66263e-38 1.04725e-37 4.66263e-38 4.96775e-38 2.90745e-38 
14.4402 1.05588e-37 4.70302e-38 1.05588e-37 4.70302e-38 5.03612e-38 2.94204e-38 
14.5641 1.06458e-37 4.74375e-38 1.06458e-37 4.74375e-38 5.10518e-38 2.97693e-38 
14.6891 1.07335e-37 4.78483e-38 1.07335e-37 4.78483e-38 5.17495e-38 3.01212e-38 
14.8152 1.0822e-37 4.82626e-38 1.0822e-37 4.82626e-38 5.2454e-38 3.04762e-38 
14.9423 1.09112e-37 4.86806e-38 1.09112e-37 4.86806e-38 5.31658e-38 3.08343e-38 
15.0705 1.10011e-37 4.9102e-38 1.10011e-37 4.9102e-38 5.38847e-38 3.11956e-38 
15.1999 1.10918e-37 4.95272e-38 1.10918e-37 4.95272e-38 5.46104e-38 3.156e-38 
15.3303 1.11833e-37 4.9956e-38 1.11833e-37 4.9956e-38 5.53443e-38 3.19277e-38 
15.4618 1.12754e-37 5.03886e-38 1.12754e-37 5.03886e-38 5.6085e-38 3.22985e-38 
15.5945 1.13684e-37 5.08247e-38 1.13684e-37 5.08247e-38 5.68332e-38 3.26727e-38 
15.7284 1.14621e-37 5.12648e-38 1.14621e-37 5.12648e-38 5.7589e-38 3.30502e-38 
15.8633 1.15566e-37 5.17085e-38 1.15566e-37 5.17085e-38 5.83521e-38 3.3431e-38 
15.9995 1.16519e-37 5.21561e-38 1.16519e-37 5.21561e-38 5.91236e-38 3.38153e-38 
16.1368 1.1748e-37 5.26075e-38 1.1748e-37 5.26075e-38 5.99024e-38 3.42029e-38 
16.2752 1.18448e-37 5.30628e-38 1.18448e-37 5.30628e-38 6.06885e-38 3.4594e-38 
16.4149 1.19424e-37 5.35222e-38 1.19424e-37 5.35222e-38 6.14829e-38 3.49887e-38 
16.5558 1.2041e-37 5.39852e-38 1.2041e-37 5.39852e-38 6.22847e-38 3.53869e-38 
16.6978 1.21403e-37 5.44524e-38 1.21403e-37 5.44524e-38 6.30956e-38 3.57887e-38 
16.8411 1.22404e-37 5.49236e-38 1.22404e-37 5.49236e-38 6.39141e-38 3.61942e-38 
16.9857 1.23413e-37 5.5399e-38 1.23413e-37 5.5399e-38 6.47408e-38 3.66033e-38 
17.1314 1.24431e-37 5.58784e-38 1.24431e-37 5.58784e-38 6.55753e-38 3.70159e-38 
17.2784 1.25458e-37 5.63618e-38 1.25458e-37 5.63618e-38 6.64182e-38 3.74323e-38 
17.4267 1.26492e-37 5.68498e-38 1.26492e-37 5.68498e-38 6.72696e-38 3.78523e-38 
17.5763 1.27536e-37 5.73414e-38 1.27536e-37 5.73414e-38 6.81295e-38 3.82763e-38 
17.7271 1.28588e-37 5.78375e-38 1.28588e-37 5.78375e-38 6.89976e-38 3.87039e-38 
17.8792 1.29648e-37 5.83379e-38 1.29648e-37 5.83379e-38 6.98744e-38 3.91357e-38 
18.0327 1.30718e-37 5.88425e-38 1.30718e-37 5.88425e-38 7.07599e-38 3.95711e-38 
18.1874 1.31796e-37 5.93516e-38 1.31796e-37 5.93516e-38 7.16539e-38 4.00104e-38 
18.3435 1.32884e-37 5.9865e-38 1.32884e-37 5.9865e-38 7.25567e-38 4.04538e-38 
18.5009 1.3398e-37 6.03828e-38 1.3398e-37 6.03828e-38 7.34685e-38 4.09009e-38 
18.6597 1.35085e-37 6.09051e-38 1.35085e-37 6.09051e-38 7.43893e-38 4.13523e-38 
18.8198 1.362e-37 6.1432e-38 1.362e-37 6.1432e-38 7.53188e-38 4.18077e-38 
18.9813 1.37324e-37 6.19633e-38 1.37324e-37 6.19633e-38 7.62576e-38 4.22672e-38 
19.1442 1.38457e-37 6.24993e-38 1.38457e-37 6.24993e-38 7.72056e-38 4.2731e-38 
19.3085 1.396e-37 6.30399e-38 1.396e-37 6.30399e-38 7.81626e-38 4.31986e-38 
19.4742 1.40752e-37 6.35851e-38 1.40752e-37 6.35851e-38 7.91292e-38 4.36706e-38 
19.6413 1.41913e-37 6.4135e-38 1.41913e-37 6.4135e-38 8.0105e-38 4.41469e-38 
19.8098 1.43084e-37 6.46897e-38 1.43084e-37 6.46897e-38 8.109e-38 4.46275e-38 
19.9798 1.44266e-37 6.52491e-38 1.44266e-37 6.52491e-38 8.20852e-38 4.51125e-38 
20.1513 1.45456e-37 6.58133e-38 1.45456e-37 6.58133e-38 8.30899e-38 4.56018e-38 
20.3242 1.46657e-37 6.63825e-38 1.46657e-37 6.63825e-38 8.4104e-38 4.60957e-38 
20.4986 1.47868e-37 6.69564e-38 1.47868e-37 6.69564e-38 8.51282e-38 4.65941e-38 
20.6745 1.49088e-37 6.75354e-38 1.49088e-37 6.75354e-38 8.61625e-38 4.70969e-38 
20.852 1.50319e-37 6.81194e-38 1.50319e-37 6.81194e-38 8.72064e-38 4.76044e-38 
21.0309 1.5156e-37 6.87084e-38 1.5156e-37 6.87084e-38 8.82609e-38 4.81164e-38 
21.2114 1.52811e-37 6.93025e-38 1.52811e-37 6.93025e-38 8.93253e-38 4.86331e-38 
21.3934 1.54072e-37 6.99017e-38 1.54072e-37 6.99017e-38 9.03998e-38 4.91547e-38 
21.577 1.55345e-37 7.05059e-38 1.55345e-37 7.05059e-38 9.14848e-38 4.96809e-38 
21.7622 1.56628e-37 7.11157e-38 1.56628e-37 7.11157e-38 9.258e-38 5.02119e-38 
21.9489 1.57921e-37 7.17305e-38 1.57921e-37 7.17305e-38 9.36861e-38 5.07477e-38 
22.1373 1.59226e-37 7.23507e-38 1.59226e-37 7.23507e-38 9.48026e-38 5.12884e-38 
22.3272 1.60541e-37 7.29763e-38 1.60541e-37 7.29763e-38 9.59298e-38 5.18342e-38 
22.5188 1.61867e-37 7.36072e-38 1.61867e-37 7.36072e-38 9.70678e-38 5.23847e-38 
22.7121 1.63204e-37 7.42433e-38 1.63204e-37 7.42433e-38 9.82165e-38 5.29403e-38 
22.907 1.64552e-37 7.48853e-38 1.64552e-37 7.48853e-38 9.93765e-38 5.35007e-38 
23.1036 1.65911e-37 7.55327e-38 1.65911e-37 7.55327e-38 1.00547e-37 5.40667e-38 
23.3018 1.67281e-37 7.61855e-38 1.67281e-37 7.61855e-38 1.0173e-37 5.46377e-38 
23.5018 1.68663e-37 7.68442e-38 1.68663e-37 7.68442e-38 1.02923e-37 5.52137e-38 
23.7035 1.70057e-37 7.75085e-38 1.70057e-37 7.75085e-38 1.04127e-37 5.57951e-38 
23.9069 1.71462e-37 7.81784e-38 1.71462e-37 7.81784e-38 1.05343e-37 5.63818e-38 
24.112 1.72878e-37 7.88544e-38 1.72878e-37 7.88544e-38 1.06571e-37 5.69739e-38 
24.319 1.74307e-37 7.95359e-38 1.74307e-37 7.95359e-38 1.0781e-37 5.75712e-38 
24.5276 1.75748e-37 8.02235e-38 1.75748e-37 8.02235e-38 1.09061e-37 5.8174e-38 
24.7381 1.77199e-37 8.09168e-38 1.77199e-37 8.09168e-38 1.10324e-37 5.87823e-38 
24.9504 1.78664e-37 8.16162e-38 1.78664e-37 8.16162e-38 1.11598e-37 5.93963e-38 
25.1645 1.8014e-37 8.23216e-38 1.8014e-37 8.23216e-38 1.12885e-37 6.00158e-38 
25.3805 1.81629e-37 8.30332e-38 1.81629e-37 8.30332e-38 1.14184e-37 6.06408e-38 
25.5983 1.8313e-37 8.37511e-38 1.8313e-37 8.37511e-38 1.15495e-37 6.12718e-38 
25.818 1.84644e-37 8.44749e-38 1.84644e-37 8.44749e-38 1.16818e-37 6.19083e-38 
26.0395 1.8617e-37 8.52051e-38 1.8617e-37 8.52051e-38 1.18154e-37 6.25509e-38 
26.263 1.87709e-37 8.59416e-38 1.87709e-37 8.59416e-38 1.19503e-37 6.31992e-38 
26.4884 1.89261e-37 8.66843e-38 1.89261e-37 8.66843e-38 1.20864e-37 6.38534e-38 
26.7157 1.90825e-37 8.74335e-38 1.90825e-37 8.74335e-38 1.22238e-37 6.45135e-38 
26.9449 1.92403e-37 8.81892e-38 1.92403e-37 8.81892e-38 1.23624e-37 6.518e-38 
27.1762 1.93994e-37 8.89514e-38 1.93994e-37 8.89514e-38 1.25024e-37 6.58525e-38 
27.4094 1.95598e-37 8.97204e-38 1.95598e-37 8.97204e-38 1.26437e-37 6.6531e-38 
27.6446 1.97215e-37 9.04958e-38 1.97215e-37 9.04958e-38 1.27863e-37 6.72158e-38 
27.8818 1.98846e-37 9.1278e-38 1.98846e-37 9.1278e-38 1.29302e-37 6.79069e-38 
28.1211 2.0049e-37 9.20667e-38 2.0049e-37 9.20667e-38 1.30755e-37 6.86042e-38 
28.3624 2.02149e-37 9.28627e-38 2.02149e-37 9.28627e-38 1.32222e-37 6.93082e-38 
28.6058 2.0382e-37 9.36652e-38 2.0382e-37 9.36652e-38 1.33702e-37 7.00184e-38 
28.8513 2.05506e-37 9.44746e-38 2.05506e-37 9.44746e-38 1.35196e-37 7.07347e-38 
29.0989 2.07206e-37 9.52913e-38 2.07206e-37 9.52913e-38 1.36703e-37 7.14584e-38 
29.3486 2.0892e-37 9.61149e-38 2.0892e-37 9.61149e-38 1.38225e-37 7.21884e-38 
29.6004 2.10648e-37 9.69458e-38 2.10648e-37 9.69458e-38 1.39761e-37 7.2925e-38 
29.8545 2.1239e-37 9.77835e-38 2.1239e-37 9.77835e-38 1.41311e-37 7.36685e-38 
30.1107 2.14147e-37 9.86287e-38 2.14147e-37 9.86287e-38 1.42876e-37 7.44186e-38 
30.369 2.15925e-37 9.94811e-38 2.15925e-37 9.94811e-38 1.44454e-37 7.51754e-38 
30.6297 2.17706e-37 1.00341e-37 2.17706e-37 1.00341e-37 1.46048e-37 7.59395e-38 
30.8925 2.19507e-37 1.01208e-37 2.19507e-37 1.01208e-37 1.47656e-37 7.67105e-38 
31.1576 2.21323e-37 1.02083e-37 2.21323e-37 1.02083e-37 1.49279e-37 7.74885e-38 
31.425 2.23155e-37 1.02965e-37 2.23155e-37 1.02965e-37 1.50918e-37 7.82736e-38 
31.6947 2.25001e-37 1.03855e-37 2.25001e-37 1.03855e-37 1.52571e-37 7.90659e-38 
31.9667 2.26863e-37 1.04753e-37 2.26863e-37 1.04753e-37 1.54239e-37 7.98654e-38 
32.241 2.28741e-37 1.05658e-37 2.28741e-37 1.05658e-37 1.55923e-37 8.06723e-38 
32.5177 2.30634e-37 1.06571e-37 2.30634e-37 1.06571e-37 1.57622e-37 8.14865e-38 
32.7967 2.32543e-37 1.07492e-37 2.32543e-37 1.07492e-37 1.59337e-37 8.23077e-38 
33.0782 2.34468e-37 1.08422e-37 2.34468e-37 1.08422e-37 1.61068e-37 8.31374e-38 
33.362 2.36409e-37 1.09359e-37 2.36409e-37 1.09359e-37 1.62814e-37 8.3974e-38 
33.6483 2.38365e-37 1.10304e-37 2.38365e-37 1.10304e-37 1.64577e-37 8.48187e-38 
33.9371 2.40339e-37 1.11257e-37 2.40339e-37 1.11257e-37 1.66356e-37 8.56703e-38 
34.2283 2.42329e-37 1.12219e-37 2.42329e-37 1.12219e-37 1.6815e-37 8.65308e-38 
34.522 2.44335e-37 1.13188e-37 2.44335e-37 1.13188e-37 1.69962e-37 8.73987e-38 
34.8183 2.46357e-37 1.14166e-37 2.46357e-37 1.14166e-37 1.7179e-37 8.82745e-38 
35.1171 2.48398e-37 1.15154e-37 2.48398e-37 1.15154e-37 1.73635e-37 8.91586e-38 
35.4184 2.50455e-37 1.16149e-37 2.50455e-37 1.16149e-37 1.75495e-37 9.00501e-38 
35.7224 2.52529e-37 1.17154e-37 2.52529e-37 1.17154e-37 1.77375e-37 9.09504e-38 
36.0289 2.5462e-37 1.18166e-37 2.5462e-37 1.18166e-37 1.7927e-37 9.1859e-38 
36.3381 2.56729e-37 1.19187e-37 2.56729e-37 1.19187e-37 1.81183e-37 9.27757e-38 
36.6499 2.58855e-37 1.20218e-37 2.58855e-37 1.20218e-37 1.83113e-37 9.37005e-38 
36.9645 2.60999e-37 1.21257e-37 2.60999e-37 1.21257e-37 1.85061e-37 9.4634e-38 
37.2817 2.63161e-37 1.22305e-37 2.63161e-37 1.22305e-37 1.87027e-37 9.55764e-38 
37.6016 2.65341e-37 1.23362e-37 2.65341e-37 1.23362e-37 1.89011e-37 9.6527e-38 
37.9243 2.67539e-37 1.24429e-37 2.67539e-37 1.24429e-37 1.91012e-37 9.74866e-38 
38.2497 2.69755e-37 1.25504e-37 2.69755e-37 1.25504e-37 1.93032e-37 9.84549e-38 
38.578 2.7199e-37 1.26589e-37 2.7199e-37 1.26589e-37 1.9507e-37 9.9432e-38 
38.909 2.74243e-37 1.27683e-37 2.74243e-37 1.27683e-37 1.97126e-37 1.00418e-37 
39.2429 2.76516e-37 1.28787e-37 2.76516e-37 1.28787e-37 1.99201e-37 1.01413e-37 
39.5797 2.78807e-37 1.29901e-37 2.78807e-37 1.29901e-37 2.01296e-37 1.02418e-37 
39.9193 2.81116e-37 1.31023e-37 2.81116e-37 1.31023e-37 2.03408e-37 1.03431e-37 
40.2619 2.83446e-37 1.32156e-37 2.83446e-37 1.32156e-37 2.05541e-37 1.04454e-37 
40.6074 2.85795e-37 1.33299e-37 2.85795e-37 1.33299e-37 2.07692e-37 1.05486e-37 
40.9559 2.88163e-37 1.34451e-37 2.88163e-37 1.34451e-37 2.09863e-37 1.06528e-37 
41.3074 2.90551e-37 1.35613e-37 2.90551e-37 1.35613e-37 2.12053e-37 1.07579e-37 
41.6618 2.9296e-37 1.36786e-37 2.9296e-37 1.36786e-37 2.14263e-37 1.0864e-37 
42.0194 2.95388e-37 1.37968e-37 2.95388e-37 1.37968e-37 2.16493e-37 1.0971e-37 
42.38 2.97836e-37 1.39161e-37 2.97836e-37 1.39161e-37 2.18743e-37 1.10791e-37 
42.7436 3.00305e-37 1.40365e-37 3.00305e-37 1.40365e-37 2.21013e-37 1.11881e-37 
43.1104 3.02794e-37 1.41578e-37 3.02794e-37 1.41578e-37 2.23304e-37 1.12981e-37 
43.4804 3.05304e-37 1.42803e-37 3.05304e-37 1.42803e-37 2.25615e-37 1.14091e-37 
43.8535 3.07836e-37 1.44037e-37 3.07836e-37 1.44037e-37 2.27948e-37 1.15211e-37 
44.2299 3.10388e-37 1.45282e-37 3.10388e-37 1.45282e-37 2.30301e-37 1.16342e-37 
44.6094 3.12961e-37 1.46538e-37 3.12961e-37 1.46538e-37 2.32675e-37 1.17483e-37 
44.9922 3.15556e-37 1.47805e-37 3.15556e-37 1.47805e-37 2.35071e-37 1.18634e-37 
45.3783 3.18172e-37 1.49083e-37 3.18172e-37 1.49083e-37 2.37488e-37 1.19796e-37 
45.7678 3.20811e-37 1.50373e-37 3.20811e-37 1.50373e-37 2.39926e-37 1.20968e-37 
46.1605 3.23471e-37 1.51673e-37 3.23471e-37 1.51673e-37 2.42387e-37 1.22151e-37 
46.5566 3.26153e-37 1.52985e-37 3.26153e-37 1.52985e-37 2.44869e-37 1.23347e-37 
46.9562 3.28859e-37 1.54308e-37 3.28859e-37 1.54308e-37 2.47374e-37 1.24551e-37 
47.3591 3.31586e-37 1.55642e-37 3.31586e-37 1.55642e-37 2.49901e-37 1.25767e-37 
47.7655 3.34336e-37 1.56988e-37 3.34336e-37 1.56988e-37 2.52451e-37 1.26993e-37 
48.1754 3.37109e-37 1.58345e-37 3.37109e-37 1.58345e-37 2.55023e-37 1.28232e-37 
48.5889 3.39905e-37 1.59715e-37 3.39905e-37 1.59715e-37 2.57619e-37 1.29482e-37 
49.0058 3.42725e-37 1.61096e-37 3.42725e-37 1.61096e-37 2.60237e-37 1.30743e-37 
49.4264 3.45568e-37 1.62489e-37 3.45568e-37 1.62489e-37 2.62879e-37 1.32015e-37 
49.8505 3.48435e-37 1.63894e-37 3.48435e-37 1.63894e-37 2.65545e-37 1.333e-37 
50.2783 3.51325e-37 1.65312e-37 3.51325e-37 1.65312e-37 2.68234e-37 1.34596e-37 
50.7098 3.5424e-37 1.66742e-37 3.5424e-37 1.66742e-37 2.70948e-37 1.35904e-37 
51.1449 3.57178e-37 1.68184e-37 3.57178e-37 1.68184e-37 2.73685e-37 1.37224e-37 
51.5838 3.60142e-37 1.69638e-37 3.60142e-37 1.69638e-37 2.76447e-37 1.38556e-37 
52.0265 3.6313e-37 1.71105e-37 3.6313e-37 1.71105e-37 2.79234e-37 1.399e-37 
52.473 3.66143e-37 1.72585e-37 3.66143e-37 1.72585e-37 2.82045e-37 1.41256e-37 
52.9233 3.69182e-37 1.74078e-37 3.69182e-37 1.74078e-37 2.84881e-37 1.42625e-37 
53.3774 3.72246e-37 1.75584e-37 3.72246e-37 1.75584e-37 2.87742e-37 1.44007e-37 
53.8355 3.75335e-37 1.77103e-37 3.75335e-37 1.77103e-37 2.90629e-37 1.45401e-37 
54.2975 3.7845e-37 1.78635e-37 3.7845e-37 1.78635e-37 2.93542e-37 1.46808e-37 
54.7634 3.81591e-37 1.8018e-37 3.81591e-37 1.8018e-37 2.9648e-37 1.48228e-37 
55.2334 3.84757e-37 1.81739e-37 3.84757e-37 1.81739e-37 2.99445e-37 1.4966e-37 
55.7074 3.87951e-37 1.8331e-37 3.87951e-37 1.8331e-37 3.02435e-37 1.51106e-37 
56.1854 3.91171e-37 1.84896e-37 3.91171e-37 1.84896e-37 3.05452e-37 1.52564e-37 
56.6676 3.94419e-37 1.86496e-37 3.94419e-37 1.86496e-37 3.08497e-37 1.54037e-37 
57.1539 3.97692e-37 1.88109e-37 3.97692e-37 1.88109e-37 3.11567e-37 1.55522e-37 
57.6444 4.00994e-37 1.89736e-37 4.00994e-37 1.89736e-37 3.14665e-37 1.57022e-37 
58.139 4.04323e-37 1.91378e-37 4.04323e-37 1.91378e-37 3.1779e-37 1.58534e-37 
58.638 4.07679e-37 1.93034e-37 4.07679e-37 1.93034e-37 3.20943e-37 1.60061e-37 
59.1412 4.11064e-37 1.94704e-37 4.11064e-37 1.94704e-37 3.24123e-37 1.61601e-37 
59.6487 4.14477e-37 1.96388e-37 4.14477e-37 1.96388e-37 3.2733e-37 1.63156e-37 
60.1606 4.17918e-37 1.98087e-37 4.17918e-37 1.98087e-37 3.30569e-37 1.64724e-37 
60.6768 4.21388e-37 1.99801e-37 4.21388e-37 1.99801e-37 3.33834e-37 1.66307e-37 
61.1975 4.24887e-37 2.0153e-37 4.24887e-37 2.0153e-37 3.37127e-37 1.67904e-37 
61.7227 4.28417e-37 2.03274e-37 4.28417e-37 2.03274e-37 3.40451e-37 1.69516e-37 
62.2524 4.31973e-37 2.05033e-37 4.31973e-37 2.05033e-37 3.43803e-37 1.71143e-37 
62.7866 4.35561e-37 2.06807e-37 4.35561e-37 2.06807e-37 3.47184e-37 1.72784e-37 
63.3254 4.39177e-37 2.08596e-37 4.39177e-37 2.08596e-37 3.50597e-37 1.74439e-37 
63.8688 4.42825e-37 2.10401e-37 4.42825e-37 2.10401e-37 3.54038e-37 1.76111e-37 
64.4169 4.46503e-37 2.12222e-37 4.46503e-37 2.12222e-37 3.57509e-37 1.77797e-37 
64.9697 4.50211e-37 2.14058e-37 4.50211e-37 2.14058e-37 3.61012e-37 1.79499e-37 
65.5272 4.5395e-37 2.15911e-37 4.5395e-37 2.15911e-37 3.64545e-37 1.81216e-37 
66.0896 4.57721e-37 2.17779e-37 4.57721e-37 2.17779e-37 3.68108e-37 1.82948e-37 
66.6567 4.61523e-37 2.19664e-37 4.61523e-37 2.19664e-37 3.71703e-37 1.84696e-37 
67.2287 4.65356e-37 2.21565e-37 4.65356e-37 2.21565e-37 3.75329e-37 1.86459e-37 
67.8057 4.69223e-37 2.23483e-37 4.69223e-37 2.23483e-37 3.78987e-37 1.88241e-37 
68.3875 4.7312e-37 2.25417e-37 4.7312e-37 2.25417e-37 3.82676e-37 1.90037e-37 
68.9744 4.77051e-37 2.27368e-37 4.77051e-37 2.27368e-37 3.864e-37 1.91849e-37 
69.5663 4.81014e-37 2.29336e-37 4.81014e-37 2.29336e-37 3.90155e-37 1.93678e-37 
70.1633 4.8501e-37 2.31321e-37 4.8501e-37 2.31321e-37 3.93943e-37 1.95522e-37 
70.7654 4.8904e-37 2.33323e-37 4.8904e-37 2.33323e-37 3.97764e-37 1.97386e-37 
71.3727 4.93103e-37 2.35342e-37 4.93103e-37 2.35342e-37 4.01618e-37 1.99265e-37 
71.9852 4.972e-37 2.37379e-37 4.972e-37 2.37379e-37 4.05506e-37 2.01161e-37 
72.6029 5.01331e-37 2.39434e-37 5.01331e-37 2.39434e-37 4.09429e-37 2.03075e-37 
73.226 5.05497e-37 2.41507e-37 5.05497e-37 2.41507e-37 4.13385e-37 2.05006e-37 
73.8543 5.09697e-37 2.43597e-37 5.09697e-37 2.43597e-37 4.17375e-37 2.06954e-37 
74.4881 5.13932e-37 2.45706e-37 5.13932e-37 2.45706e-37 4.214e-37 2.08919e-37 
75.1274 5.18205e-37 2.47833e-37 5.18205e-37 2.47833e-37 4.25461e-37 2.10903e-37 
75.7721 5.2251e-37 2.49979e-37 5.2251e-37 2.49979e-37 4.29558e-37 2.12905e-37 
76.4223 5.26852e-37 2.52142e-37 5.26852e-37 2.52142e-37 4.33689e-37 2.14925e-37 
77.0781 5.3123e-37 2.54325e-37 5.3123e-37 2.54325e-37 4.37857e-37 2.16963e-37 
77.7396 5.35645e-37 2.56527e-37 5.35645e-37 2.56527e-37 4.42061e-37 2.19019e-37 
78.4067 5.40097e-37 2.58748e-37 5.40097e-37 2.58748e-37 4.46301e-37 2.21094e-37 
79.0795 5.44587e-37 2.60988e-37 5.44587e-37 2.60988e-37 4.50579e-37 2.23189e-37 
79.7582 5.49112e-37 2.63248e-37 5.49112e-37 2.63248e-37 4.54892e-37 2.25301e-37 
80.4426 5.53677e-37 2.65527e-37 5.53677e-37 2.65527e-37 4.59245e-37 2.27433e-37 
81.1329 5.58278e-37 2.67826e-37 5.58278e-37 2.67826e-37 4.63633e-37 2.29584e-37 
81.8292 5.62919e-37 2.70145e-37 5.62919e-37 2.70145e-37 4.68064e-37 2.31755e-37 
82.5314 5.67599e-37 2.72484e-37 5.67599e-37 2.72484e-37 4.7253e-37 2.33945e-37 
83.2396 5.72317e-37 2.74843e-37 5.72317e-37 2.74843e-37 4.77035e-37 2.36156e-37 
83.954 5.77074e-37 2.77223e-37 5.77074e-37 2.77223e-37 4.8158e-37 2.38386e-37 
84.6744 5.81871e-37 2.79624e-37 5.81871e-37 2.79624e-37 4.86163e-37 2.40635e-37 
85.401 5.86708e-37 2.82045e-37 5.86708e-37 2.82045e-37 4.90787e-37 2.42906e-37 
86.1339 5.91586e-37 2.84488e-37 5.91586e-37 2.84488e-37 4.95451e-37 2.45197e-37 
86.8731 5.96504e-37 2.86951e-37 5.96504e-37 2.86951e-37 5.00154e-37 2.47509e-37 
87.6186 6.01464e-37 2.89436e-37 6.01464e-37 2.89436e-37 5.04898e-37 2.49839e-37 
88.3705 6.06464e-37 2.91943e-37 6.06464e-37 2.91943e-37 5.09684e-37 2.52194e-37 
89.1288 6.11506e-37 2.94471e-37 6.11506e-37 2.94471e-37 5.14511e-37 2.54569e-37 
89.8937 6.1659e-37 2.97021e-37 6.1659e-37 2.97021e-37 5.1938e-37 2.56965e-37 
90.6651 6.21717e-37 2.99593e-37 6.21717e-37 2.99593e-37 5.2429e-37 2.59382e-37 
91.4432 6.26886e-37 3.02188e-37 6.26886e-37 3.02188e-37 5.29244e-37 2.61823e-37 
92.2279 6.32098e-37 3.04805e-37 6.32098e-37 3.04805e-37 5.34239e-37 2.64283e-37 
93.0193 6.37353e-37 3.07445e-37 6.37353e-37 3.07445e-37 5.39278e-37 2.66766e-37 
93.8176 6.42653e-37 3.10108e-37 6.42653e-37 3.10108e-37 5.44361e-37 2.69273e-37 
94.6227 6.47997e-37 3.12794e-37 6.47997e-37 3.12794e-37 5.49487e-37 2.71801e-37 
95.4347 6.53386e-37 3.15503e-37 6.53386e-37 3.15503e-37 5.54658e-37 2.7435e-37 
96.2537 6.5882e-37 3.18236e-37 6.5882e-37 3.18236e-37 5.59873e-37 2.76923e-37 
97.0797 6.64299e-37 3.20993e-37 6.64299e-37 3.20993e-37 5.65134e-37 2.79522e-37 
97.9128 6.69823e-37 3.23773e-37 6.69823e-37 3.23773e-37 5.70439e-37 2.82143e-37 
98.753 6.75393e-37 3.26577e-37 6.75393e-37 3.26577e-37 5.75791e-37 2.84787e-37 
99.6005 6.81009e-37 3.29406e-37 6.81009e-37 3.29406e-37 5.81189e-37 2.87455e-37 
100.455 6.86673e-37 3.3226e-37 6.86673e-37 3.3226e-37 5.86632e-37 2.90147e-37 
101.317 6.92383e-37 3.35138e-37 6.92383e-37 3.35138e-37 5.92122e-37 2.92862e-37 
102.187 6.98142e-37 3.38041e-37 6.98142e-37 3.38041e-37 5.9766e-37 2.95602e-37 
103.064 7.03948e-37 3.4097e-37 7.03948e-37 3.4097e-37 6.03244e-37 2.98366e-37 
103.948 7.09803e-37 3.43923e-37 7.09803e-37 3.43923e-37 6.08877e-37 3.01156e-37 
104.84 7.15706e-37 3.46903e-37 7.15706e-37 3.46903e-37 6.14559e-37 3.03971e-37 
105.74 7.21658e-37 3.49908e-37 7.21658e-37 3.49908e-37 6.20291e-37 3.06811e-37 
106.647 7.2766e-37 3.52939e-37 7.2766e-37 3.52939e-37 6.2607e-37 3.09676e-37 
107.562 7.33712e-37 3.55997e-37 7.33712e-37 3.55997e-37 6.319e-37 3.12568e-37 
108.485 7.39815e-37 3.59081e-37 7.39815e-37 3.59081e-37 6.37779e-37 3.15483e-37 
109.416 7.45968e-37 3.62192e-37 7.45968e-37 3.62192e-37 6.4371e-37 3.18428e-37 
110.355 7.52173e-37 3.65331e-37 7.52173e-37 3.65331e-37 6.49691e-37 3.21398e-37 
111.302 7.58428e-37 3.68496e-37 7.58428e-37 3.68496e-37 6.55722e-37 3.24394e-37 
112.258 7.64737e-37 3.71688e-37 7.64737e-37 3.71688e-37 6.61806e-37 3.27416e-37 
113.221 7.71098e-37 3.74909e-37 7.71098e-37 3.74909e-37 6.67943e-37 3.30467e-37 
114.192 7.77512e-37 3.78157e-37 7.77512e-37 3.78157e-37 6.74131e-37 3.33544e-37 
115.172 7.83979e-37 3.81434e-37 7.83979e-37 3.81434e-37 6.80371e-37 3.3665e-37 
116.161 7.90499e-37 3.84739e-37 7.90499e-37 3.84739e-37 6.86668e-37 3.39782e-37 
117.158 7.97075e-37 3.88072e-37 7.97075e-37 3.88072e-37 6.93018e-37 3.42943e-37 
118.163 8.03707e-37 3.91435e-37 8.03707e-37 3.91435e-37 6.99419e-37 3.46132e-37 
119.177 8.1039e-37 3.94827e-37 8.1039e-37 3.94827e-37 7.05878e-37 3.4935e-37 
120.2 8.17131e-37 3.98248e-37 8.17131e-37 3.98248e-37 7.12393e-37 3.52597e-37 
121.231 8.23928e-37 4.01699e-37 8.23928e-37 4.01699e-37 7.18961e-37 3.55873e-37 
122.272 8.3078e-37 4.0518e-37 8.3078e-37 4.0518e-37 7.25587e-37 3.59178e-37 
123.321 8.37691e-37 4.08691e-37 8.37691e-37 4.08691e-37 7.32269e-37 3.62514e-37 
124.379 8.4466e-37 4.12232e-37 8.4466e-37 4.12232e-37 7.39009e-37 3.65877e-37 
125.447 8.51685e-37 4.15805e-37 8.51685e-37 4.15805e-37 7.45804e-37 3.69271e-37 
126.523 8.5877e-37 4.19408e-37 8.5877e-37 4.19408e-37 7.5266e-37 3.72697e-37 
127.609 8.65914e-37 4.23042e-37 8.65914e-37 4.23042e-37 7.59572e-37 3.76152e-37 
128.704 8.73116e-37 4.26709e-37 8.73116e-37 4.26709e-37 7.66546e-37 3.79638e-37 
129.808 8.80379e-37 4.30406e-37 8.80379e-37 4.30406e-37 7.73577e-37 3.83156e-37 
130.922 8.87702e-37 4.34136e-37 8.87702e-37 4.34136e-37 7.80671e-37 3.86704e-37 
132.046 8.95086e-37 4.37898e-37 8.95086e-37 4.37898e-37 7.87821e-37 3.90285e-37 
133.179 9.02532e-37 4.41693e-37 9.02532e-37 4.41693e-37 7.95034e-37 3.93897e-37 
134.322 9.10039e-37 4.45521e-37 9.10039e-37 4.45521e-37 8.02308e-37 3.97542e-37 
135.475 9.17609e-37 4.49382e-37 9.17609e-37 4.49382e-37 8.09644e-37 4.01218e-37 
136.637 9.25242e-37 4.53277e-37 9.25242e-37 4.53277e-37 8.17044e-37 4.04928e-37 
137.81 9.32935e-37 4.57205e-37 9.32935e-37 4.57205e-37 8.24505e-37 4.08671e-37 
138.992 9.40698e-37 4.61167e-37 9.40698e-37 4.61167e-37 8.3203e-37 4.12447e-37 
140.185 9.48523e-37 4.65164e-37 9.48523e-37 4.65164e-37 8.39621e-37 4.16258e-37 
141.388 9.56412e-37 4.69196e-37 9.56412e-37 4.69196e-37 8.47274e-37 4.20103e-37 
142.601 9.64368e-37 4.73262e-37 9.64368e-37 4.73262e-37 8.54994e-37 4.23981e-37 
143.825 9.72389e-37 4.77364e-37 9.72389e-37 4.77364e-37 8.62778e-37 4.27894e-37 
145.059 9.80478e-37 4.81501e-37 9.80478e-37 4.81501e-37 8.70629e-37 4.3184e-37 
146.304 9.88633e-37 4.85675e-37 9.88633e-37 4.85675e-37 8.78547e-37 4.35823e-37 
147.56 9.96854e-37 4.89883e-37 9.96854e-37 4.89883e-37 8.86532e-37 4.39841e-37 
148.826 1.00515e-36 4.9413e-37 1.00515e-36 4.9413e-37 8.94586e-37 4.43895e-37 
150.103 1.01351e-36 4.98414e-37 1.01351e-36 4.98414e-37 9.02705e-37 4.47985e-37 
151.391 1.02194e-36 5.02732e-37 1.02194e-36 5.02732e-37 9.10895e-37 4.52111e-37 
152.69 1.03044e-36 5.07088e-37 1.03044e-36 5.07088e-37 9.19155e-37 4.56272e-37 
154.001 1.03901e-36 5.11483e-37 1.03901e-36 5.11483e-37 9.27483e-37 4.60474e-37 
155.322 1.04765e-36 5.15917e-37 1.04765e-36 5.15917e-37 9.35884e-37 4.64712e-37 
156.655 1.05636e-36 5.20389e-37 1.05636e-36 5.20389e-37 9.44358e-37 4.68987e-37 
158 1.06515e-36 5.249e-37 1.06515e-36 5.249e-37 9.52899e-37 4.73299e-37 
159.355 1.07401e-36 5.29449e-37 1.07401e-36 5.29449e-37 9.61536e-37 4.77652e-37 
160.723 1.08294e-36 5.34038e-37 1.08294e-36 5.34038e-37 9.70203e-37 4.82041e-37 
162.102 1.09194e-36 5.38667e-37 1.09194e-36 5.38667e-37 9.78989e-37 4.86471e-37 
163.493 1.10103e-36 5.43335e-37 1.10103e-36 5.43335e-37 9.87802e-37 4.9094e-37 
164.896 1.11018e-36 5.48045e-37 1.11018e-36 5.48045e-37 9.96714e-37 4.95448e-37 
166.311 1.11941e-36 5.52795e-37 1.11941e-36 5.52795e-37 1.0057e-36 4.99996e-37 
167.739 1.12872e-36 5.57586e-37 1.12872e-36 5.57586e-37 1.01476e-36 5.04585e-37 
169.178 1.13811e-36 5.62419e-37 1.13811e-36 5.62419e-37 1.0239e-36 5.09215e-37 
170.63 1.14757e-36 5.67294e-37 1.14757e-36 5.67294e-37 1.03312e-36 5.13883e-37 
172.094 1.15712e-36 5.72211e-37 1.15712e-36 5.72211e-37 1.04241e-36 5.18597e-37 
173.571 1.16674e-36 5.7717e-37 1.16674e-36 5.7717e-37 1.05179e-36 5.23351e-37 
175.06 1.17644e-36 5.82173e-37 1.17644e-36 5.82173e-37 1.06124e-36 5.28147e-37 
176.563 1.18622e-36 5.87219e-37 1.18622e-36 5.87219e-37 1.07077e-36 5.32985e-37 
178.078 1.19608e-36 5.92309e-37 1.19608e-36 5.92309e-37 1.08039e-36 5.37867e-37 
179.606 1.20603e-36 5.97442e-37 1.20603e-36 5.97442e-37 1.09008e-36 5.42793e-37 
181.147 1.21605e-36 6.02621e-37 1.21605e-36 6.02621e-37 1.09986e-36 5.47761e-37 
182.702 1.22617e-36 6.07844e-37 1.22617e-36 6.07844e-37 1.10972e-36 5.52774e-37 
184.27 1.23636e-36 6.13112e-37 1.23636e-36 6.13112e-37 1.11966e-36 5.57832e-37 
185.851 1.24664e-36 6.18426e-37 1.24664e-36 6.18426e-37 1.12968e-36 5.62933e-37 
187.446 1.257e-36 6.23786e-37 1.257e-36 6.23786e-37 1.13979e-36 5.68079e-37 
189.055 1.26745e-36 6.29192e-37 1.26745e-36 6.29192e-37 1.14999e-36 5.73271e-37 
190.677 1.27799e-36 6.34646e-37 1.27799e-36 6.34646e-37 1.16027e-36 5.78511e-37 
192.313 1.28861e-36 6.40146e-37 1.28861e-36 6.40146e-37 1.17064e-36 5.83798e-37 
193.964 1.29932e-36 6.45696e-37 1.29932e-36 6.45696e-37 1.1811e-36 5.8913e-37 
195.628 1.31012e-36 6.5129e-37 1.31012e-36 6.5129e-37 1.19164e-36 5.9451e-37 
197.307 1.32101e-36 6.56935e-37 1.32101e-36 6.56935e-37 1.20227e-36 5.99937e-37 
199 1.33199e-36 6.62628e-37 1.33199e-36 6.62628e-37 1.21299e-36 6.05411e-37 
