10 7.42121e-38 3.24443e-38 7.42121e-38 3.24443e-38 2.64205e-38 1.68738e-38 
10.1547 7.53124e-38 3.2952e-38 7.53124e-38 3.2952e-38 2.72257e-38 1.73179e-38 
10.3117 7.64292e-38 3.34676e-38 7.64292e-38 3.34676e-38 2.80455e-38 1.77676e-38 
10.4712 7.75623e-38 3.39913e-38 7.75623e-38 3.39913e-38 2.88802e-38 1.82233e-38 
10.6331 7.87124e-38 3.45232e-38 7.87124e-38 3.45232e-38 2.97301e-38 1.86849e-38 
10.7976 7.98802e-38 3.50631e-38 7.98802e-38 3.50631e-38 3.05954e-38 1.91527e-38 
10.9646 8.10649e-38 3.56116e-38 8.10649e-38 3.56116e-38 3.14765e-38 1.96268e-38 
11.1341 8.22671e-38 3.61683e-38 8.22671e-38 3.61683e-38 3.23742e-38 2.01075e-38 
11.3063 8.34871e-38 3.67339e-38 8.34871e-38 3.67339e-38 3.32882e-38 2.0595e-38 
11.4812 8.47258e-38 3.73082e-38 8.47258e-38 3.73082e-38 3.42191e-38 2.10896e-38 
11.6588 8.59826e-38 3.78913e-38 8.59826e-38 3.78913e-38 3.51672e-38 2.1591e-38 
11.8391 8.7258e-38 3.84836e-38 8.7258e-38 3.84836e-38 3.61329e-38 2.20999e-38 
12.0222 8.85526e-38 3.9085e-38 8.85526e-38 3.9085e-38 3.71164e-38 2.26162e-38 
12.2081 8.98671e-38 3.96958e-38 8.98671e-38 3.96958e-38 3.8118e-38 2.31402e-38 
12.3969 9.12001e-38 4.0316e-38 9.12001e-38 4.0316e-38 3.91383e-38 2.36719e-38 
12.5886 9.25538e-38 4.09458e-38 9.25538e-38 4.09458e-38 4.01772e-38 2.42115e-38 
12.7833 9.39272e-38 4.15855e-38 9.39272e-38 4.15855e-38 4.12354e-38 2.47593e-38 
12.981 9.53213e-38 4.22351e-38 9.53213e-38 4.22351e-38 4.23131e-38 2.53154e-38 
13.1818 9.67359e-38 4.28943e-38 9.67359e-38 4.28943e-38 4.34109e-38 2.58798e-38 
13.3856 9.81713e-38 4.35646e-38 9.81713e-38 4.35646e-38 4.45283e-38 2.64533e-38 
13.5927 9.96294e-38 4.42448e-38 9.96294e-38 4.42448e-38 4.56667e-38 2.70355e-38 
13.8029 1.01108e-37 4.49356e-38 1.01108e-37 4.49356e-38 4.68262e-38 2.7627e-38 
14.0163 1.02611e-37 4.56372e-38 1.02611e-37 4.56372e-38 4.8007e-38 2.82275e-38 
14.2331 1.04133e-37 4.63496e-38 1.04133e-37 4.63496e-38 4.92094e-38 2.88375e-38 
14.4532 1.05679e-37 4.70731e-38 1.05679e-37 4.70731e-38 5.04338e-38 2.94571e-38 
14.6768 1.07249e-37 4.78078e-38 1.07249e-37 4.78078e-38 5.16804e-38 3.00865e-38 
14.9038 1.08842e-37 4.85539e-38 1.08842e-37 4.85539e-38 5.29499e-38 3.07257e-38 
15.1342 1.10459e-37 4.93116e-38 1.10459e-37 4.93116e-38 5.42424e-38 3.13751e-38 
15.3683 1.12099e-37 5.0081e-38 1.12099e-37 5.0081e-38 5.55582e-38 3.20348e-38 
15.606 1.13764e-37 5.08626e-38 1.13764e-37 5.08626e-38 5.68981e-38 3.2705e-38 
15.8473 1.15454e-37 5.16559e-38 1.15454e-37 5.16559e-38 5.82619e-38 3.33859e-38 
16.0924 1.1717e-37 5.24619e-38 1.1717e-37 5.24619e-38 5.96505e-38 3.40776e-38 
16.3413 1.1891e-37 5.328e-38 1.1891e-37 5.328e-38 6.10643e-38 3.47808e-38 
16.594 1.20677e-37 5.41111e-38 1.20677e-37 5.41111e-38 6.25033e-38 3.54952e-38 
16.8507 1.2247e-37 5.49551e-38 1.2247e-37 5.49551e-38 6.39686e-38 3.62211e-38 
17.1113 1.24291e-37 5.58121e-38 1.24291e-37 5.58121e-38 6.54598e-38 3.69588e-38 
17.3759 1.26138e-37 5.66825e-38 1.26138e-37 5.66825e-38 6.69778e-38 3.77084e-38 
17.6447 1.28013e-37 5.75663e-38 1.28013e-37 5.75663e-38 6.8523e-38 3.84703e-38 
17.9175 1.29915e-37 5.84639e-38 1.29915e-37 5.84639e-38 7.00955e-38 3.92443e-38 
18.1946 1.31846e-37 5.93754e-38 1.31846e-37 5.93754e-38 7.16958e-38 4.0031e-38 
18.476 1.33807e-37 6.0301e-38 1.33807e-37 6.0301e-38 7.33244e-38 4.08306e-38 
18.7618 1.35796e-37 6.12412e-38 1.35796e-37 6.12412e-38 7.49818e-38 4.16427e-38 
19.0519 1.37815e-37 6.21958e-38 1.37815e-37 6.21958e-38 7.66686e-38 4.24683e-38 
19.3466 1.39865e-37 6.31653e-38 1.39865e-37 6.31653e-38 7.83848e-38 4.33072e-38 
19.6458 1.41945e-37 6.41498e-38 1.41945e-37 6.41498e-38 8.01315e-38 4.41598e-38 
19.9496 1.44056e-37 6.51498e-38 1.44056e-37 6.51498e-38 8.19083e-38 4.50264e-38 
20.2582 1.46198e-37 6.61651e-38 1.46198e-37 6.61651e-38 8.37165e-38 4.59071e-38 
20.5715 1.48373e-37 6.71962e-38 1.48373e-37 6.71962e-38 8.55564e-38 4.68023e-38 
20.8896 1.5058e-37 6.82434e-38 1.5058e-37 6.82434e-38 8.74285e-38 4.77122e-38 
21.2127 1.5282e-37 6.93067e-38 1.5282e-37 6.93067e-38 8.93329e-38 4.86369e-38 
21.5408 1.55094e-37 7.03867e-38 1.55094e-37 7.03867e-38 9.12706e-38 4.9577e-38 
21.8739 1.57402e-37 7.14836e-38 1.57402e-37 7.14836e-38 9.32418e-38 5.05325e-38 
22.2122 1.59745e-37 7.25975e-38 1.59745e-37 7.25975e-38 9.5247e-38 5.15036e-38 
22.5557 1.62122e-37 7.37286e-38 1.62122e-37 7.37286e-38 9.72871e-38 5.24908e-38 
22.9046 1.64535e-37 7.48773e-38 1.64535e-37 7.48773e-38 9.93621e-38 5.3494e-38 
23.2588 1.66984e-37 7.60438e-38 1.66984e-37 7.60438e-38 1.01473e-37 5.45136e-38 
23.6185 1.6947e-37 7.72285e-38 1.6947e-37 7.72285e-38 1.0362e-37 5.55502e-38 
23.9838 1.71992e-37 7.84317e-38 1.71992e-37 7.84317e-38 1.05803e-37 5.66037e-38 
24.3547 1.74553e-37 7.96536e-38 1.74553e-37 7.96536e-38 1.08024e-37 5.76744e-38 
24.7314 1.77153e-37 8.08944e-38 1.77153e-37 8.08944e-38 1.10283e-37 5.87628e-38 
25.1138 1.7979e-37 8.21546e-38 1.7979e-37 8.21546e-38 1.1258e-37 5.9869e-38 
25.5022 1.82468e-37 8.34344e-38 1.82468e-37 8.34344e-38 1.14918e-37 6.09933e-38 
25.8966 1.85186e-37 8.47342e-38 1.85186e-37 8.47342e-38 1.17292e-37 6.21364e-38 
26.2972 1.87944e-37 8.6054e-38 1.87944e-37 8.6054e-38 1.19709e-37 6.32983e-38 
26.7039 1.90744e-37 8.73946e-38 1.90744e-37 8.73946e-38 1.22166e-37 6.44792e-38 
27.1168 1.93586e-37 8.8756e-38 1.93586e-37 8.8756e-38 1.24665e-37 6.568e-38 
27.5362 1.9647e-37 9.01385e-38 1.9647e-37 9.01385e-38 1.27206e-37 6.69002e-38 
27.9621 1.99398e-37 9.15426e-38 1.99398e-37 9.15426e-38 1.2979e-37 6.81408e-38 
28.3945 2.02369e-37 9.29686e-38 2.02369e-37 9.29686e-38 1.32417e-37 6.94018e-38 
28.8337 2.05385e-37 9.44169e-38 2.05385e-37 9.44169e-38 1.35088e-37 7.06835e-38 
29.2796 2.08446e-37 9.58874e-38 2.08446e-37 9.58874e-38 1.37805e-37 7.19866e-38 
29.7324 2.11553e-37 9.73811e-38 2.11553e-37 9.73811e-38 1.40566e-37 7.33112e-38 
30.1923 2.14707e-37 9.88979e-38 2.14707e-37 9.88979e-38 1.43374e-37 7.46577e-38 
30.6592 2.17908e-37 1.00438e-37 2.17908e-37 1.00438e-37 1.46229e-37 7.60262e-38 
31.1334 2.21157e-37 1.02003e-37 2.21157e-37 1.02003e-37 1.49131e-37 7.74172e-38 
31.6149 2.24455e-37 1.03592e-37 2.24455e-37 1.03592e-37 1.52083e-37 7.88313e-38 
32.1038 2.27802e-37 1.05206e-37 2.27802e-37 1.05206e-37 1.55081e-37 8.02687e-38 
32.6003 2.31202e-37 1.06844e-37 2.31202e-37 1.06844e-37 1.5813e-37 8.17299e-38 
33.1045 2.34648e-37 1.08509e-37 2.34648e-37 1.08509e-37 1.6123e-37 8.32151e-38 
33.6165 2.38148e-37 1.10199e-37 2.38148e-37 1.10199e-37 1.64381e-37 8.47248e-38 
34.1364 2.41701e-37 1.11915e-37 2.41701e-37 1.11915e-37 1.67584e-37 8.62593e-38 
34.6643 2.45306e-37 1.13659e-37 2.45306e-37 1.13659e-37 1.7084e-37 8.78191e-38 
35.2004 2.48967e-37 1.15429e-37 2.48967e-37 1.15429e-37 1.74149e-37 8.94049e-38 
35.7448 2.52682e-37 1.17228e-37 2.52682e-37 1.17228e-37 1.77513e-37 9.10168e-38 
36.2976 2.56453e-37 1.19054e-37 2.56453e-37 1.19054e-37 1.80932e-37 9.26557e-38 
36.859 2.6028e-37 1.20908e-37 2.6028e-37 1.20908e-37 1.84407e-37 9.4321e-38 
37.429 2.64165e-37 1.22792e-37 2.64165e-37 1.22792e-37 1.87941e-37 9.60143e-38 
38.0079 2.68108e-37 1.24705e-37 2.68108e-37 1.24705e-37 1.91531e-37 9.77354e-38 
38.5957 2.72111e-37 1.26648e-37 2.72111e-37 1.26648e-37 1.95179e-37 9.94849e-38 
39.1926 2.76174e-37 1.28621e-37 2.76174e-37 1.28621e-37 1.98889e-37 1.01263e-37 
39.7988 2.80296e-37 1.30625e-37 2.80296e-37 1.30625e-37 2.02659e-37 1.03071e-37 
40.4143 2.84482e-37 1.3266e-37 2.84482e-37 1.3266e-37 2.06489e-37 1.04909e-37 
41.0393 2.8873e-37 1.34727e-37 2.8873e-37 1.34727e-37 2.10383e-37 1.06778e-37 
41.674 2.93042e-37 1.36826e-37 2.93042e-37 1.36826e-37 2.1434e-37 1.08676e-37 
42.3185 2.97419e-37 1.38958e-37 2.97419e-37 1.38958e-37 2.18359e-37 1.10606e-37 
42.973 3.01862e-37 1.41123e-37 3.01862e-37 1.41123e-37 2.22446e-37 1.12568e-37 
43.6376 3.06371e-37 1.43323e-37 3.06371e-37 1.43323e-37 2.26597e-37 1.14564e-37 
44.3125 3.10948e-37 1.45556e-37 3.10948e-37 1.45556e-37 2.30818e-37 1.16591e-37 
44.9978 3.15594e-37 1.47824e-37 3.15594e-37 1.47824e-37 2.35106e-37 1.18651e-37 
45.6937 3.20309e-37 1.50128e-37 3.20309e-37 1.50128e-37 2.39463e-37 1.20745e-37 
46.4004 3.25096e-37 1.52467e-37 3.25096e-37 1.52467e-37 2.4389e-37 1.22874e-37 
47.118 3.29954e-37 1.54843e-37 3.29954e-37 1.54843e-37 2.48388e-37 1.25039e-37 
47.8467 3.34885e-37 1.57257e-37 3.34885e-37 1.57257e-37 2.5296e-37 1.27239e-37 
48.5867 3.39891e-37 1.59707e-37 3.39891e-37 1.59707e-37 2.57605e-37 1.29475e-37 
49.3381 3.44972e-37 1.62197e-37 3.44972e-37 1.62197e-37 2.62325e-37 1.31748e-37 
50.1012 3.50129e-37 1.64725e-37 3.50129e-37 1.64725e-37 2.67121e-37 1.34059e-37 
50.876 3.55363e-37 1.67293e-37 3.55363e-37 1.67293e-37 2.71994e-37 1.36408e-37 
51.6628 3.60676e-37 1.699e-37 3.60676e-37 1.699e-37 2.76944e-37 1.38795e-37 
52.4618 3.66068e-37 1.72548e-37 3.66068e-37 1.72548e-37 2.81975e-37 1.41223e-37 
53.2732 3.71543e-37 1.75238e-37 3.71543e-37 1.75238e-37 2.87086e-37 1.4369e-37 
54.0971 3.77099e-37 1.7797e-37 3.77099e-37 1.7797e-37 2.92278e-37 1.46198e-37 
54.9337 3.82739e-37 1.80745e-37 3.82739e-37 1.80745e-37 2.97555e-37 1.48746e-37 
55.7833 3.88463e-37 1.83563e-37 3.88463e-37 1.83563e-37 3.02914e-37 1.51337e-37 
56.6461 3.94273e-37 1.86424e-37 3.94273e-37 1.86424e-37 3.0836e-37 1.5397e-37 
57.5221 4.00171e-37 1.8933e-37 4.00171e-37 1.8933e-37 3.13893e-37 1.56648e-37 
58.4117 4.06158e-37 1.92283e-37 4.06158e-37 1.92283e-37 3.19513e-37 1.59368e-37 
59.3151 4.12234e-37 1.95281e-37 4.12234e-37 1.95281e-37 3.25223e-37 1.62134e-37 
60.2325 4.18402e-37 1.98326e-37 4.18402e-37 1.98326e-37 3.31023e-37 1.64944e-37 
61.164 4.24662e-37 2.01419e-37 4.24662e-37 2.01419e-37 3.36915e-37 1.67801e-37 
62.1099 4.31016e-37 2.0456e-37 4.31016e-37 2.0456e-37 3.42902e-37 1.70705e-37 
63.0705 4.37467e-37 2.0775e-37 4.37467e-37 2.0775e-37 3.48982e-37 1.73656e-37 
64.0459 4.44013e-37 2.1099e-37 4.44013e-37 2.1099e-37 3.5516e-37 1.76655e-37 
65.0364 4.50658e-37 2.1428e-37 4.50658e-37 2.1428e-37 3.61434e-37 1.79704e-37 
66.0422 4.57403e-37 2.17622e-37 4.57403e-37 2.17622e-37 3.67808e-37 1.82802e-37 
67.0636 4.6425e-37 2.21016e-37 4.6425e-37 2.21016e-37 3.74282e-37 1.85951e-37 
68.1008 4.71199e-37 2.24464e-37 4.71199e-37 2.24464e-37 3.80859e-37 1.89151e-37 
69.154 4.78254e-37 2.27965e-37 4.78254e-37 2.27965e-37 3.87539e-37 1.92404e-37 
70.2235 4.85413e-37 2.31521e-37 4.85413e-37 2.31521e-37 3.94325e-37 1.95708e-37 
71.3096 4.92681e-37 2.35132e-37 4.92681e-37 2.35132e-37 4.01218e-37 1.9907e-37 
72.4124 5.00057e-37 2.38801e-37 5.00057e-37 2.38801e-37 4.08219e-37 2.02484e-37 
73.5323 5.07545e-37 2.42526e-37 5.07545e-37 2.42526e-37 4.1533e-37 2.05955e-37 
74.6696 5.15145e-37 2.4631e-37 5.15145e-37 2.4631e-37 4.22553e-37 2.09482e-37 
75.8244 5.22859e-37 2.50153e-37 5.22859e-37 2.50153e-37 4.29889e-37 2.13067e-37 
76.997 5.30689e-37 2.54055e-37 5.30689e-37 2.54055e-37 4.37342e-37 2.16711e-37 
78.1878 5.38637e-37 2.58019e-37 5.38637e-37 2.58019e-37 4.4491e-37 2.20413e-37 
79.3971 5.46704e-37 2.62046e-37 5.46704e-37 2.62046e-37 4.52598e-37 2.24177e-37 
80.625 5.54893e-37 2.66135e-37 5.54893e-37 2.66135e-37 4.60405e-37 2.28001e-37 
81.8719 5.63204e-37 2.70287e-37 5.63204e-37 2.70287e-37 4.68335e-37 2.31888e-37 
83.1381 5.7164e-37 2.74505e-37 5.7164e-37 2.74505e-37 4.76389e-37 2.35839e-37 
84.4239 5.80203e-37 2.78789e-37 5.80203e-37 2.78789e-37 4.84569e-37 2.39853e-37 
85.7296 5.88895e-37 2.8314e-37 5.88895e-37 2.8314e-37 4.92877e-37 2.43933e-37 
87.0554 5.97717e-37 2.87559e-37 5.97717e-37 2.87559e-37 5.01314e-37 2.48079e-37 
88.4018 6.06672e-37 2.92047e-37 6.06672e-37 2.92047e-37 5.09884e-37 2.52292e-37 
89.769 6.15761e-37 2.96605e-37 6.15761e-37 2.96605e-37 5.18586e-37 2.56574e-37 
91.1573 6.24987e-37 3.01235e-37 6.24987e-37 3.01235e-37 5.27423e-37 2.60925e-37 
92.5671 6.34351e-37 3.05936e-37 6.34351e-37 3.05936e-37 5.36398e-37 2.65348e-37 
93.9987 6.43856e-37 3.10712e-37 6.43856e-37 3.10712e-37 5.45515e-37 2.6984e-37 
95.4525 6.53504e-37 3.15562e-37 6.53504e-37 3.15562e-37 5.54771e-37 2.74406e-37 
96.9287 6.63297e-37 3.20488e-37 6.63297e-37 3.20488e-37 5.64173e-37 2.79048e-37 
98.4277 6.73237e-37 3.25492e-37 6.73237e-37 3.25492e-37 5.73719e-37 2.83763e-37 
99.95 6.83326e-37 3.30573e-37 6.83326e-37 3.30573e-37 5.83414e-37 2.88555e-37 
101.496 6.93566e-37 3.35734e-37 6.93566e-37 3.35734e-37 5.93258e-37 2.93424e-37 
103.065 7.0396e-37 3.40976e-37 7.0396e-37 3.40976e-37 6.03256e-37 2.98372e-37 
104.659 7.14511e-37 3.46299e-37 7.14511e-37 3.46299e-37 6.1341e-37 3.03401e-37 
106.278 7.25219e-37 3.51706e-37 7.25219e-37 3.51706e-37 6.23719e-37 3.08511e-37 
107.922 7.36088e-37 3.57198e-37 7.36088e-37 3.57198e-37 6.34189e-37 3.13702e-37 
109.591 7.4712e-37 3.62775e-37 7.4712e-37 3.62775e-37 6.44819e-37 3.18979e-37 
111.286 7.58318e-37 3.6844e-37 7.58318e-37 3.6844e-37 6.55616e-37 3.24341e-37 
113.007 7.69684e-37 3.74193e-37 7.69684e-37 3.74193e-37 6.66578e-37 3.29789e-37 
114.754 7.8122e-37 3.80036e-37 7.8122e-37 3.80036e-37 6.7771e-37 3.35326e-37 
116.529 7.9293e-37 3.85971e-37 7.9293e-37 3.85971e-37 6.89015e-37 3.40951e-37 
118.331 8.04817e-37 3.91998e-37 8.04817e-37 3.91998e-37 7.00493e-37 3.46668e-37 
120.162 8.16879e-37 3.9812e-37 8.16879e-37 3.9812e-37 7.1215e-37 3.52476e-37 
122.02 8.29123e-37 4.04337e-37 8.29123e-37 4.04337e-37 7.23984e-37 3.58378e-37 
123.907 8.41551e-37 4.10652e-37 8.41551e-37 4.10652e-37 7.36001e-37 3.64375e-37 
125.823 8.54165e-37 4.17066e-37 8.54165e-37 4.17066e-37 7.48204e-37 3.7047e-37 
127.769 8.66969e-37 4.23579e-37 8.66969e-37 4.23579e-37 7.60594e-37 3.76662e-37 
129.745 8.79965e-37 4.30195e-37 8.79965e-37 4.30195e-37 7.73174e-37 3.82955e-37 
131.752 8.93154e-37 4.36914e-37 8.93154e-37 4.36914e-37 7.85949e-37 3.89348e-37 
133.789 9.06542e-37 4.43738e-37 9.06542e-37 4.43738e-37 7.9892e-37 3.95844e-37 
135.859 9.20131e-37 4.50669e-37 9.20131e-37 4.50669e-37 8.1209e-37 4.02446e-37 
137.96 9.33923e-37 4.57708e-37 9.33923e-37 4.57708e-37 8.2546e-37 4.0915e-37 
140.093 9.47922e-37 4.64857e-37 9.47922e-37 4.64857e-37 8.39038e-37 4.15965e-37 
142.26 9.6213e-37 4.72118e-37 9.6213e-37 4.72118e-37 8.52821e-37 4.22889e-37 
144.46 9.76551e-37 4.79492e-37 9.76551e-37 4.79492e-37 8.66816e-37 4.29923e-37 
146.694 9.91188e-37 4.86982e-37 9.91188e-37 4.86982e-37 8.81028e-37 4.37072e-37 
148.963 1.00604e-36 4.94589e-37 1.00604e-36 4.94589e-37 8.95459e-37 4.44333e-37 
151.267 1.02112e-36 5.02315e-37 1.02112e-36 5.02315e-37 9.10104e-37 4.51712e-37 
153.606 1.03643e-36 5.1016e-37 1.03643e-36 5.1016e-37 9.24976e-37 4.5921e-37 
155.982 1.05196e-36 5.1813e-37 1.05196e-36 5.1813e-37 9.40075e-37 4.66827e-37 
158.394 1.06773e-36 5.26224e-37 1.06773e-36 5.26224e-37 9.55408e-37 4.74567e-37 
160.844 1.08373e-36 5.34444e-37 1.08373e-36 5.34444e-37 9.70971e-37 4.8243e-37 
163.331 1.09997e-36 5.42792e-37 1.09997e-36 5.42792e-37 9.86772e-37 4.9042e-37 
165.857 1.11645e-36 5.51271e-37 1.11645e-36 5.51271e-37 1.00282e-36 4.98537e-37 
168.423 1.13318e-36 5.59882e-37 1.13318e-36 5.59882e-37 1.0191e-36 5.06784e-37 
171.027 1.15016e-36 5.68629e-37 1.15016e-36 5.68629e-37 1.03564e-36 5.15161e-37 
173.672 1.1674e-36 5.77511e-37 1.1674e-36 5.77511e-37 1.05243e-36 5.23677e-37 
176.358 1.18489e-36 5.86532e-37 1.18489e-36 5.86532e-37 1.06948e-36 5.32327e-37 
179.086 1.20264e-36 5.95695e-37 1.20264e-36 5.95695e-37 1.08678e-36 5.41116e-37 
181.855 1.22066e-36 6.05e-37 1.22066e-36 6.05e-37 1.10435e-36 5.50045e-37 
184.668 1.23895e-36 6.1445e-37 1.23895e-36 6.1445e-37 1.12218e-36 5.59115e-37 
187.524 1.25751e-36 6.24048e-37 1.25751e-36 6.24048e-37 1.14029e-36 5.68332e-37 
190.424 1.27635e-36 6.33796e-37 1.27635e-36 6.33796e-37 1.15867e-36 5.77696e-37 
193.369 1.29546e-36 6.43697e-37 1.29546e-36 6.43697e-37 1.17733e-36 5.87209e-37 
196.36 1.31487e-36 6.5375e-37 1.31487e-36 6.5375e-37 1.19627e-36 5.96877e-37 
199.397 1.33456e-36 6.63962e-37 1.33456e-36 6.63962e-37 1.2155e-36 6.06693e-37 
202.48 1.35455e-36 6.74333e-37 1.35455e-36 6.74333e-37 1.23503e-36 6.16668e-37 
205.612 1.37483e-36 6.84866e-37 1.37483e-36 6.84866e-37 1.25485e-36 6.26805e-37 
208.792 1.39542e-36 6.95562e-37 1.39542e-36 6.95562e-37 1.27497e-36 6.37101e-37 
212.021 1.41631e-36 7.06426e-37 1.41631e-36 7.06426e-37 1.29539e-36 6.47559e-37 
215.3 1.43752e-36 7.17459e-37 1.43752e-36 7.17459e-37 1.31612e-36 6.5819e-37 
218.63 1.45904e-36 7.28665e-37 1.45904e-36 7.28665e-37 1.33717e-36 6.68987e-37 
222.011 1.48088e-36 7.40045e-37 1.48088e-36 7.40045e-37 1.35854e-36 6.79953e-37 
225.444 1.50305e-36 7.51603e-37 1.50305e-36 7.51603e-37 1.38022e-36 6.91096e-37 
228.931 1.52555e-36 7.63339e-37 1.52555e-36 7.63339e-37 1.40224e-36 7.02417e-37 
232.472 1.54838e-36 7.75261e-37 1.54838e-36 7.75261e-37 1.42459e-36 7.13915e-37 
236.067 1.57155e-36 7.87367e-37 1.57155e-36 7.87367e-37 1.44728e-36 7.256e-37 
239.718 1.59507e-36 7.99661e-37 1.59507e-36 7.99661e-37 1.4703e-36 7.37469e-37 
243.425 1.61893e-36 8.1215e-37 1.61893e-36 8.1215e-37 1.49368e-36 7.49527e-37 
247.19 1.64315e-36 8.2483e-37 1.64315e-36 8.2483e-37 1.51741e-36 7.61776e-37 
251.013 1.66773e-36 8.37708e-37 1.66773e-36 8.37708e-37 1.5415e-36 7.74219e-37 
254.895 1.69268e-36 8.50788e-37 1.69268e-36 8.50788e-37 1.56594e-36 7.86859e-37 
258.837 1.71799e-36 8.64071e-37 1.71799e-36 8.64071e-37 1.59076e-36 7.99702e-37 
262.84 1.74368e-36 8.77561e-37 1.74368e-36 8.77561e-37 1.61595e-36 8.12747e-37 
266.905 1.76976e-36 8.91261e-37 1.76976e-36 8.91261e-37 1.64152e-36 8.26e-37 
271.033 1.79622e-36 9.05174e-37 1.79622e-36 9.05174e-37 1.66747e-36 8.39462e-37 
275.225 1.82307e-36 9.19303e-37 1.82307e-36 9.19303e-37 1.69382e-36 8.53138e-37 
279.481 1.85032e-36 9.33653e-37 1.85032e-36 9.33653e-37 1.72056e-36 8.67031e-37 
283.803 1.87797e-36 9.48226e-37 1.87797e-36 9.48226e-37 1.7477e-36 8.81142e-37 
288.193 1.90603e-36 9.63025e-37 1.90603e-36 9.63025e-37 1.77524e-36 8.95482e-37 
292.65 1.93451e-36 9.78054e-37 1.93451e-36 9.78054e-37 1.80322e-36 9.10043e-37 
297.176 1.96341e-36 9.93318e-37 1.96341e-36 9.93318e-37 1.8316e-36 9.2484e-37 
301.772 1.99274e-36 1.00882e-36 1.99274e-36 1.00882e-36 1.8604e-36 9.39867e-37 
306.439 2.0225e-36 1.02456e-36 2.0225e-36 1.02456e-36 1.88963e-36 9.55131e-37 
311.178 2.0527e-36 1.04055e-36 2.0527e-36 1.04055e-36 1.91932e-36 9.7064e-37 
315.991 2.08335e-36 1.05678e-36 2.08335e-36 1.05678e-36 1.94943e-36 9.86392e-37 
320.878 2.11445e-36 1.07327e-36 2.11445e-36 1.07327e-36 1.98e-36 1.00239e-36 
325.84 2.14601e-36 1.09001e-36 2.14601e-36 1.09001e-36 2.01103e-36 1.01865e-36 
330.879 2.17804e-36 1.10701e-36 2.17804e-36 1.10701e-36 2.0425e-36 1.03516e-36 
335.997 2.21053e-36 1.12428e-36 2.21053e-36 1.12428e-36 2.07446e-36 1.05193e-36 
341.193 2.24351e-36 1.14181e-36 2.24351e-36 1.14181e-36 2.10689e-36 1.06897e-36 
346.47 2.27698e-36 1.15962e-36 2.27698e-36 1.15962e-36 2.13981e-36 1.08627e-36 
351.828 2.31093e-36 1.1777e-36 2.31093e-36 1.1777e-36 2.17322e-36 1.10385e-36 
357.269 2.34539e-36 1.19607e-36 2.34539e-36 1.19607e-36 2.20712e-36 1.1217e-36 
362.795 2.38036e-36 1.21472e-36 2.38036e-36 1.21472e-36 2.24153e-36 1.13984e-36 
368.406 2.41584e-36 1.23365e-36 2.41584e-36 1.23365e-36 2.27646e-36 1.15826e-36 
374.103 2.45184e-36 1.25288e-36 2.45184e-36 1.25288e-36 2.3119e-36 1.17697e-36 
379.889 2.48836e-36 1.27241e-36 2.48836e-36 1.27241e-36 2.34786e-36 1.19597e-36 
385.764 2.52543e-36 1.29224e-36 2.52543e-36 1.29224e-36 2.38436e-36 1.21528e-36 
391.73 2.56304e-36 1.31238e-36 2.56304e-36 1.31238e-36 2.42141e-36 1.23489e-36 
397.789 2.6012e-36 1.33283e-36 2.6012e-36 1.33283e-36 2.459e-36 1.2548e-36 
403.941 2.63992e-36 1.3536e-36 2.63992e-36 1.3536e-36 2.49715e-36 1.27503e-36 
410.188 2.67921e-36 1.37469e-36 2.67921e-36 1.37469e-36 2.53586e-36 1.29558e-36 
416.532 2.71908e-36 1.3961e-36 2.71908e-36 1.3961e-36 2.57514e-36 1.31645e-36 
422.974 2.75953e-36 1.41785e-36 2.75953e-36 1.41785e-36 2.61501e-36 1.33765e-36 
429.515 2.80057e-36 1.43993e-36 2.80057e-36 1.43993e-36 2.65547e-36 1.35917e-36 
436.158 2.84221e-36 1.46235e-36 2.84221e-36 1.46235e-36 2.69652e-36 1.38104e-36 
442.903 2.88446e-36 1.48512e-36 2.88446e-36 1.48512e-36 2.73818e-36 1.40325e-36 
449.753 2.92733e-36 1.50824e-36 2.92733e-36 1.50824e-36 2.78046e-36 1.42581e-36 
456.709 2.97083e-36 1.53172e-36 2.97083e-36 1.53172e-36 2.82336e-36 1.44872e-36 
463.772 3.01495e-36 1.55556e-36 3.01495e-36 1.55556e-36 2.86688e-36 1.47199e-36 
470.945 3.05973e-36 1.57977e-36 3.05973e-36 1.57977e-36 2.91105e-36 1.49562e-36 
478.228 3.10515e-36 1.60435e-36 3.10515e-36 1.60435e-36 2.95587e-36 1.51963e-36 
485.624 3.15124e-36 1.62931e-36 3.15124e-36 1.62931e-36 3.00135e-36 1.54401e-36 
493.135 3.19801e-36 1.65466e-36 3.19801e-36 1.65466e-36 3.0475e-36 1.56877e-36 
500.761 3.24544e-36 1.68039e-36 3.24544e-36 1.68039e-36 3.09432e-36 1.59392e-36 
508.506 3.29357e-36 1.70653e-36 3.29357e-36 1.70653e-36 3.14183e-36 1.61945e-36 
516.37 3.34239e-36 1.73306e-36 3.34239e-36 1.73306e-36 3.19004e-36 1.64539e-36 
524.356 3.39193e-36 1.76001e-36 3.39193e-36 1.76001e-36 3.23895e-36 1.67174e-36 
532.466 3.44218e-36 1.78737e-36 3.44218e-36 1.78737e-36 3.28857e-36 1.69849e-36 
540.7 3.49317e-36 1.81515e-36 3.49317e-36 1.81515e-36 3.33893e-36 1.72566e-36 
549.063 3.54489e-36 1.84335e-36 3.54489e-36 1.84335e-36 3.39002e-36 1.75326e-36 
557.554 3.59737e-36 1.87199e-36 3.59737e-36 1.87199e-36 3.44186e-36 1.78128e-36 
566.177 3.65059e-36 1.90108e-36 3.65059e-36 1.90108e-36 3.49445e-36 1.80974e-36 
574.934 3.7046e-36 1.93061e-36 3.7046e-36 1.93061e-36 3.54781e-36 1.83864e-36 
583.825 3.75937e-36 1.96058e-36 3.75937e-36 1.96058e-36 3.60194e-36 1.86799e-36 
592.854 3.81495e-36 1.99102e-36 3.81495e-36 1.99102e-36 3.65686e-36 1.8978e-36 
602.023 3.87132e-36 2.02193e-36 3.87132e-36 2.02193e-36 3.71259e-36 1.92807e-36 
611.334 3.92851e-36 2.05332e-36 3.92851e-36 2.05332e-36 3.76912e-36 1.95881e-36 
620.789 3.98652e-36 2.08518e-36 3.98652e-36 2.08518e-36 3.82647e-36 1.99003e-36 
630.389 4.04537e-36 2.11753e-36 4.04537e-36 2.11753e-36 3.88465e-36 2.02173e-36 
640.139 4.10505e-36 2.15038e-36 4.10505e-36 2.15038e-36 3.94366e-36 2.05393e-36 
650.039 4.1656e-36 2.18373e-36 4.1656e-36 2.18373e-36 4.00354e-36 2.08662e-36 
660.092 4.22702e-36 2.21759e-36 4.22702e-36 2.21759e-36 4.06429e-36 2.11982e-36 
670.301 4.28933e-36 2.25196e-36 4.28933e-36 2.25196e-36 4.12591e-36 2.15353e-36 
680.668 4.35251e-36 2.28687e-36 4.35251e-36 2.28687e-36 4.18842e-36 2.18776e-36 
691.194 4.41661e-36 2.32231e-36 4.41661e-36 2.32231e-36 4.25183e-36 2.22252e-36 
701.884 4.48162e-36 2.35829e-36 4.48162e-36 2.35829e-36 4.31616e-36 2.25782e-36 
712.739 4.54756e-36 2.39481e-36 4.54756e-36 2.39481e-36 4.38141e-36 2.29366e-36 
723.762 4.61444e-36 2.4319e-36 4.61444e-36 2.4319e-36 4.44759e-36 2.33006e-36 
734.956 4.68228e-36 2.46954e-36 4.68228e-36 2.46954e-36 4.51474e-36 2.36702e-36 
746.322 4.75109e-36 2.50778e-36 4.75109e-36 2.50778e-36 4.58284e-36 2.40454e-36 
757.864 4.82087e-36 2.54658e-36 4.82087e-36 2.54658e-36 4.65192e-36 2.44265e-36 
769.585 4.89164e-36 2.58598e-36 4.89164e-36 2.58598e-36 4.72199e-36 2.48134e-36 
781.487 4.96344e-36 2.62598e-36 4.96344e-36 2.62598e-36 4.79307e-36 2.52064e-36 
793.574 5.03624e-36 2.66659e-36 5.03624e-36 2.66659e-36 4.86516e-36 2.56053e-36 
805.847 5.11008e-36 2.70781e-36 5.11008e-36 2.70781e-36 4.93827e-36 2.60104e-36 
818.31 5.18497e-36 2.74966e-36 5.18497e-36 2.74966e-36 5.01244e-36 2.64217e-36 
830.965 5.26091e-36 2.79215e-36 5.26091e-36 2.79215e-36 5.08765e-36 2.68393e-36 
843.817 5.33792e-36 2.83528e-36 5.33792e-36 2.83528e-36 5.16394e-36 2.72633e-36 
856.867 5.41602e-36 2.87907e-36 5.41602e-36 2.87907e-36 5.24131e-36 2.76937e-36 
870.119 5.49523e-36 2.92352e-36 5.49523e-36 2.92352e-36 5.31979e-36 2.81309e-36 
883.576 5.57556e-36 2.96864e-36 5.57556e-36 2.96864e-36 5.39937e-36 2.85746e-36 
897.241 5.65701e-36 3.01445e-36 5.65701e-36 3.01445e-36 5.48009e-36 2.90252e-36 
911.117 5.73962e-36 3.06095e-36 5.73962e-36 3.06095e-36 5.56193e-36 2.94827e-36 
925.208 5.82337e-36 3.10815e-36 5.82337e-36 3.10815e-36 5.64494e-36 2.99471e-36 
939.517 5.9083e-36 3.15607e-36 5.9083e-36 3.15607e-36 5.72911e-36 3.04187e-36 
954.047 5.99443e-36 3.20471e-36 5.99443e-36 3.20471e-36 5.8145e-36 3.08974e-36 
968.802 6.08177e-36 3.25409e-36 6.08177e-36 3.25409e-36 5.90107e-36 3.13835e-36 
983.785 6.17033e-36 3.30421e-36 6.17033e-36 3.30421e-36 5.98885e-36 3.18769e-36 
999 6.26012e-36 3.35508e-36 6.26012e-36 3.35508e-36 6.07789e-36 3.23779e-36 
