98.6063 2.20554e-37 1.15676e-37 2.20554e-37 1.15676e-37 2.20554e-37 1.15676e-37 
105.67 2.3586e-37 1.23985e-37 2.3586e-37 1.23985e-37 2.3586e-37 1.23985e-37 
113.239 2.52231e-37 1.32892e-37 2.52231e-37 1.32892e-37 2.52231e-37 1.32892e-37 
121.351 2.69741e-37 1.42441e-37 2.69741e-37 1.42441e-37 2.69741e-37 1.42441e-37 
130.043 2.88469e-37 1.52678e-37 2.88469e-37 1.52678e-37 2.88469e-37 1.52678e-37 
139.358 3.085e-37 1.63652e-37 3.085e-37 1.63652e-37 3.085e-37 1.63652e-37 
149.341 3.29922e-37 1.75416e-37 3.29922e-37 1.75416e-37 3.29922e-37 1.75416e-37 
160.039 3.52834e-37 1.88029e-37 3.52834e-37 1.88029e-37 3.52834e-37 1.88029e-37 
171.503 3.77335e-37 2.01548e-37 3.77335e-37 2.01548e-37 3.77335e-37 2.01548e-37 
183.788 4.03537e-37 2.16039e-37 4.03537e-37 2.16039e-37 4.03537e-37 2.16039e-37 
196.953 4.31556e-37 2.31574e-37 4.31556e-37 2.31574e-37 4.31556e-37 2.31574e-37 
211.061 4.61514e-37 2.48225e-37 4.61514e-37 2.48225e-37 4.61514e-37 2.48225e-37 
226.18 4.93547e-37 2.66072e-37 4.93547e-37 2.66072e-37 4.93547e-37 2.66072e-37 
242.382 5.27794e-37 2.852e-37 5.27794e-37 2.852e-37 5.27794e-37 2.852e-37 
259.744 5.64408e-37 3.05704e-37 5.64408e-37 3.05704e-37 5.64408e-37 3.05704e-37 
278.35 6.03549e-37 3.27677e-37 6.03549e-37 3.27677e-37 6.03549e-37 3.27677e-37 
298.289 6.45387e-37 3.51226e-37 6.45387e-37 3.51226e-37 6.45387e-37 3.51226e-37 
319.656 6.90103e-37 3.76461e-37 6.90103e-37 3.76461e-37 6.90103e-37 3.76461e-37 
342.554 7.37899e-37 4.03502e-37 7.37899e-37 4.03502e-37 7.37899e-37 4.03502e-37 
367.092 7.88965e-37 4.32476e-37 7.88965e-37 4.32476e-37 7.88965e-37 4.32476e-37 
393.387 8.43531e-37 4.63521e-37 8.43531e-37 4.63521e-37 8.43531e-37 4.63521e-37 
421.566 9.01829e-37 4.96781e-37 9.01829e-37 4.96781e-37 9.01829e-37 4.96781e-37 
451.764 9.64106e-37 5.32412e-37 9.64106e-37 5.32412e-37 9.64106e-37 5.32412e-37 
484.125 1.03062e-36 5.70581e-37 1.03062e-36 5.70581e-37 1.03062e-36 5.70581e-37 
518.804 1.10166e-36 6.11463e-37 1.10166e-36 6.11463e-37 1.10166e-36 6.11463e-37 
555.967 1.17751e-36 6.55247e-37 1.17751e-36 6.55247e-37 1.17751e-36 6.55247e-37 
595.792 1.25849e-36 7.02137e-37 1.25849e-36 7.02137e-37 1.25849e-36 7.02137e-37 
638.47 1.34493e-36 7.52345e-37 1.34493e-36 7.52345e-37 1.34493e-36 7.52345e-37 
684.205 1.43718e-36 8.061e-37 1.43718e-36 8.061e-37 1.43718e-36 8.061e-37 
733.217 1.5356e-36 8.63648e-37 1.5356e-36 8.63648e-37 1.5356e-36 8.63648e-37 
785.739 1.64061e-36 9.25247e-37 1.64061e-36 9.25247e-37 1.64061e-36 9.25247e-37 
842.023 1.75259e-36 9.91174e-37 1.75259e-36 9.91174e-37 1.75259e-36 9.91174e-37 
902.339 1.872e-36 1.06172e-36 1.872e-36 1.06172e-36 1.872e-36 1.06172e-36 
966.975 1.99929e-36 1.1372e-36 1.99929e-36 1.1372e-36 1.99929e-36 1.1372e-36 
1036.24 2.13495e-36 1.21795e-36 2.13495e-36 1.21795e-36 2.13495e-36 1.21795e-36 
1110.47 2.27948e-36 1.30432e-36 2.27948e-36 1.30432e-36 2.27948e-36 1.30432e-36 
1190.02 2.43343e-36 1.39668e-36 2.43343e-36 1.39668e-36 2.43343e-36 1.39668e-36 
1275.26 2.59735e-36 1.49543e-36 2.59735e-36 1.49543e-36 2.59735e-36 1.49543e-36 
1366.61 2.77183e-36 1.60099e-36 2.77183e-36 1.60099e-36 2.77183e-36 1.60099e-36 
1464.5 2.9575e-36 1.7138e-36 2.9575e-36 1.7138e-36 2.9575e-36 1.7138e-36 
1569.41 3.15498e-36 1.83434e-36 3.15498e-36 1.83434e-36 3.15498e-36 1.83434e-36 
1681.83 3.36497e-36 1.96311e-36 3.36497e-36 1.96311e-36 3.36497e-36 1.96311e-36 
1802.3 3.58815e-36 2.10063e-36 3.58815e-36 2.10063e-36 3.58815e-36 2.10063e-36 
1931.4 3.82528e-36 2.24747e-36 3.82528e-36 2.24747e-36 3.82528e-36 2.24747e-36 
2069.76 4.07709e-36 2.40421e-36 4.07709e-36 2.40421e-36 4.07709e-36 2.40421e-36 
2218.02 4.34441e-36 2.57146e-36 4.34441e-36 2.57146e-36 4.34441e-36 2.57146e-36 
2376.9 4.628e-36 2.74988e-36 4.628e-36 2.74988e-36 4.628e-36 2.74988e-36 
2547.16 4.92877e-36 2.94017e-36 4.92877e-36 2.94017e-36 4.92877e-36 2.94017e-36 
2729.62 5.24756e-36 3.14304e-36 5.24756e-36 3.14304e-36 5.24756e-36 3.14304e-36 
2925.15 5.58529e-36 3.35924e-36 5.58529e-36 3.35924e-36 5.58529e-36 3.35924e-36 
3134.68 5.94292e-36 3.58959e-36 5.94292e-36 3.58959e-36 5.94292e-36 3.58959e-36 
3359.23 6.32139e-36 3.8349e-36 6.32139e-36 3.8349e-36 6.32139e-36 3.8349e-36 
3599.86 6.72168e-36 4.09606e-36 6.72168e-36 4.09606e-36 6.72168e-36 4.09606e-36 
3857.72 7.14481e-36 4.37398e-36 7.14481e-36 4.37398e-36 7.14481e-36 4.37398e-36 
4134.06 7.59181e-36 4.66961e-36 7.59181e-36 4.66961e-36 7.59181e-36 4.66961e-36 
4430.19 8.06376e-36 4.98396e-36 8.06376e-36 4.98396e-36 8.06376e-36 4.98396e-36 
4747.54 8.56172e-36 5.31805e-36 8.56172e-36 5.31805e-36 8.56172e-36 5.31805e-36 
5087.62 9.08682e-36 5.67298e-36 9.08682e-36 5.67298e-36 9.08682e-36 5.67298e-36 
5452.05 9.64015e-36 6.04987e-36 9.64015e-36 6.04987e-36 9.64015e-36 6.04987e-36 
5842.6 1.02229e-35 6.44988e-36 1.02229e-35 6.44988e-36 1.02229e-35 6.44988e-36 
6261.12 1.08361e-35 6.87422e-36 1.08361e-35 6.87422e-36 1.08361e-35 6.87422e-36 
6709.61 1.14811e-35 7.32417e-36 1.14811e-35 7.32417e-36 1.14811e-35 7.32417e-36 
7190.24 1.2159e-35 7.80102e-36 1.2159e-35 7.80102e-36 1.2159e-35 7.80102e-36 
7705.29 1.2871e-35 8.3061e-36 1.2871e-35 8.3061e-36 1.2871e-35 8.3061e-36 
8257.24 1.36182e-35 8.84083e-36 1.36182e-35 8.84083e-36 1.36182e-35 8.84083e-36 
8848.72 1.44021e-35 9.40661e-36 1.44021e-35 9.40661e-36 1.44021e-35 9.40661e-36 
9482.58 1.52236e-35 1.00049e-35 1.52236e-35 1.00049e-35 1.52236e-35 1.00049e-35 
10161.8 1.60842e-35 1.06373e-35 1.60842e-35 1.06373e-35 1.60842e-35 1.06373e-35 
10889.8 1.6985e-35 1.13054e-35 1.6985e-35 1.13054e-35 1.6985e-35 1.13054e-35 
11669.8 1.79274e-35 1.20105e-35 1.79274e-35 1.20105e-35 1.79274e-35 1.20105e-35 
12505.7 1.89125e-35 1.27547e-35 1.89125e-35 1.27547e-35 1.89125e-35 1.27547e-35 
13401.6 1.99417e-35 1.35393e-35 1.99417e-35 1.35393e-35 1.99417e-35 1.35393e-35 
14361.5 2.10162e-35 1.43662e-35 2.10162e-35 1.43662e-35 2.10162e-35 1.43662e-35 
15390.3 2.21374e-35 1.52372e-35 2.21374e-35 1.52372e-35 2.21374e-35 1.52372e-35 
16492.7 2.33067e-35 1.6154e-35 2.33067e-35 1.6154e-35 2.33067e-35 1.6154e-35 
17674.2 2.45251e-35 1.71186e-35 2.45251e-35 1.71186e-35 2.45251e-35 1.71186e-35 
18940.2 2.57942e-35 1.81326e-35 2.57942e-35 1.81326e-35 2.57942e-35 1.81326e-35 
20296.9 2.71154e-35 1.91981e-35 2.71154e-35 1.91981e-35 2.71154e-35 1.91981e-35 
21750.8 2.849e-35 2.03171e-35 2.849e-35 2.03171e-35 2.849e-35 2.03171e-35 
23308.9 2.99194e-35 2.14915e-35 2.99194e-35 2.14915e-35 2.99194e-35 2.14915e-35 
24978.6 3.1405e-35 2.27233e-35 3.1405e-35 2.27233e-35 3.1405e-35 2.27233e-35 
26767.8 3.29482e-35 2.40147e-35 3.29482e-35 2.40147e-35 3.29482e-35 2.40147e-35 
28685.3 3.45509e-35 2.53675e-35 3.45509e-35 2.53675e-35 3.45509e-35 2.53675e-35 
30740.1 3.62142e-35 2.67842e-35 3.62142e-35 2.67842e-35 3.62142e-35 2.67842e-35 
32942.1 3.79398e-35 2.82667e-35 3.79398e-35 2.82667e-35 3.79398e-35 2.82667e-35 
35301.8 3.97295e-35 2.98172e-35 3.97295e-35 2.98172e-35 3.97295e-35 2.98172e-35 
37830.5 4.15847e-35 3.14379e-35 4.15847e-35 3.14379e-35 4.15847e-35 3.14379e-35 
40540.4 4.35071e-35 3.31313e-35 4.35071e-35 3.31313e-35 4.35071e-35 3.31313e-35 
43444.4 4.54987e-35 3.48995e-35 4.54987e-35 3.48995e-35 4.54987e-35 3.48995e-35 
46556.4 4.75612e-35 3.67449e-35 4.75612e-35 3.67449e-35 4.75612e-35 3.67449e-35 
49891.4 4.96964e-35 3.86699e-35 4.96964e-35 3.86699e-35 4.96964e-35 3.86699e-35 
53465.2 5.19063e-35 4.06769e-35 5.19063e-35 4.06769e-35 5.19063e-35 4.06769e-35 
57295 5.4193e-35 4.27682e-35 5.4193e-35 4.27682e-35 5.4193e-35 4.27682e-35 
61399.2 5.65584e-35 4.49464e-35 5.65584e-35 4.49464e-35 5.65584e-35 4.49464e-35 
65797.4 5.90048e-35 4.7214e-35 5.90048e-35 4.7214e-35 5.90048e-35 4.7214e-35 
70510.6 6.15343e-35 4.95738e-35 6.15343e-35 4.95738e-35 6.15343e-35 4.95738e-35 
75561.4 6.41492e-35 5.20282e-35 6.41492e-35 5.20282e-35 6.41492e-35 5.20282e-35 
80974.1 6.6852e-35 5.45799e-35 6.6852e-35 5.45799e-35 6.6852e-35 5.45799e-35 
86774.4 6.96451e-35 5.72317e-35 6.96451e-35 5.72317e-35 6.96451e-35 5.72317e-35 
92990.3 7.25311e-35 5.99862e-35 7.25311e-35 5.99862e-35 7.25311e-35 5.99862e-35 
99651.4 7.55125e-35 6.28463e-35 7.55125e-35 6.28463e-35 7.55125e-35 6.28463e-35 
106790 7.85923e-35 6.58152e-35 7.85923e-35 6.58152e-35 7.85923e-35 6.58152e-35 
114439 8.17731e-35 6.88954e-35 8.17731e-35 6.88954e-35 8.17731e-35 6.88954e-35 
122637 8.50577e-35 7.20901e-35 8.50577e-35 7.20901e-35 8.50577e-35 7.20901e-35 
131421 8.84495e-35 7.54024e-35 8.84495e-35 7.54024e-35 8.84495e-35 7.54024e-35 
140836 9.19514e-35 7.88353e-35 9.19514e-35 7.88353e-35 9.19514e-35 7.88353e-35 
150924 9.55665e-35 8.23922e-35 9.55665e-35 8.23922e-35 9.55665e-35 8.23922e-35 
161735 9.92984e-35 8.60762e-35 9.92984e-35 8.60762e-35 9.92984e-35 8.60762e-35 
173320 1.0315e-34 8.98908e-35 1.0315e-34 8.98908e-35 1.0315e-34 8.98908e-35 
185736 1.07126e-34 9.38394e-35 1.07126e-34 9.38394e-35 1.07126e-34 9.38394e-35 
199040 1.11229e-34 9.79253e-35 1.11229e-34 9.79253e-35 1.11229e-34 9.79253e-35 
213298 1.15463e-34 1.02153e-34 1.15463e-34 1.02153e-34 1.15463e-34 1.02153e-34 
228577 1.19831e-34 1.06524e-34 1.19831e-34 1.06524e-34 1.19831e-34 1.06524e-34 
244951 1.24339e-34 1.11045e-34 1.24339e-34 1.11045e-34 1.24339e-34 1.11045e-34 
262497 1.2899e-34 1.15718e-34 1.2899e-34 1.15718e-34 1.2899e-34 1.15718e-34 
281300 1.33787e-34 1.20547e-34 1.33787e-34 1.20547e-34 1.33787e-34 1.20547e-34 
301450 1.38737e-34 1.25537e-34 1.38737e-34 1.25537e-34 1.38737e-34 1.25537e-34 
323044 1.43842e-34 1.30691e-34 1.43842e-34 1.30691e-34 1.43842e-34 1.30691e-34 
346184 1.49107e-34 1.36014e-34 1.49107e-34 1.36014e-34 1.49107e-34 1.36014e-34 
370982 1.54538e-34 1.41511e-34 1.54538e-34 1.41511e-34 1.54538e-34 1.41511e-34 
397557 1.60138e-34 1.47185e-34 1.60138e-34 1.47185e-34 1.60138e-34 1.47185e-34 
426035 1.65913e-34 1.53042e-34 1.65913e-34 1.53042e-34 1.65913e-34 1.53042e-34 
456552 1.71868e-34 1.59086e-34 1.71868e-34 1.59086e-34 1.71868e-34 1.59086e-34 
489256 1.78009e-34 1.65322e-34 1.78009e-34 1.65322e-34 1.78009e-34 1.65322e-34 
524303 1.84339e-34 1.71755e-34 1.84339e-34 1.71755e-34 1.84339e-34 1.71755e-34 
561860 1.90865e-34 1.7839e-34 1.90865e-34 1.7839e-34 1.90865e-34 1.7839e-34 
602107 1.97593e-34 1.85232e-34 1.97593e-34 1.85232e-34 1.97593e-34 1.85232e-34 
645237 2.04528e-34 1.92286e-34 2.04528e-34 1.92286e-34 2.04528e-34 1.92286e-34 
691457 2.11675e-34 1.99559e-34 2.11675e-34 1.99559e-34 2.11675e-34 1.99559e-34 
740988 2.19041e-34 2.07056e-34 2.19041e-34 2.07056e-34 2.19041e-34 2.07056e-34 
794066 2.26632e-34 2.14782e-34 2.26632e-34 2.14782e-34 2.26632e-34 2.14782e-34 
850947 2.34454e-34 2.22744e-34 2.34454e-34 2.22744e-34 2.34454e-34 2.22744e-34 
911903 2.42514e-34 2.30947e-34 2.42514e-34 2.30947e-34 2.42514e-34 2.30947e-34 
977224 2.50817e-34 2.39397e-34 2.50817e-34 2.39397e-34 2.50817e-34 2.39397e-34 
1.04723e+06 2.59371e-34 2.48102e-34 2.59371e-34 2.48102e-34 2.59371e-34 2.48102e-34 
1.12224e+06 2.68183e-34 2.57067e-34 2.68183e-34 2.57067e-34 2.68183e-34 2.57067e-34 
1.20263e+06 2.77259e-34 2.663e-34 2.77259e-34 2.663e-34 2.77259e-34 2.663e-34 
1.28878e+06 2.86606e-34 2.75806e-34 2.86606e-34 2.75806e-34 2.86606e-34 2.75806e-34 
1.38109e+06 2.96233e-34 2.85594e-34 2.96233e-34 2.85594e-34 2.96233e-34 2.85594e-34 
1.48002e+06 3.06145e-34 2.95669e-34 3.06145e-34 2.95669e-34 3.06145e-34 2.95669e-34 
1.58604e+06 3.16352e-34 3.06041e-34 3.16352e-34 3.06041e-34 3.16352e-34 3.06041e-34 
1.69965e+06 3.26859e-34 3.16715e-34 3.26859e-34 3.16715e-34 3.26859e-34 3.16715e-34 
1.8214e+06 3.37677e-34 3.277e-34 3.37677e-34 3.277e-34 3.37677e-34 3.277e-34 
1.95188e+06 3.48812e-34 3.39003e-34 3.48812e-34 3.39003e-34 3.48812e-34 3.39003e-34 
2.09169e+06 3.60272e-34 3.50633e-34 3.60272e-34 3.50633e-34 3.60272e-34 3.50633e-34 
2.24153e+06 3.72067e-34 3.62598e-34 3.72067e-34 3.62598e-34 3.72067e-34 3.62598e-34 
2.40209e+06 3.84205e-34 3.74906e-34 3.84205e-34 3.74906e-34 3.84205e-34 3.74906e-34 
2.57416e+06 3.96694e-34 3.87565e-34 3.96694e-34 3.87565e-34 3.96694e-34 3.87565e-34 
2.75855e+06 4.09543e-34 4.00585e-34 4.09543e-34 4.00585e-34 4.09543e-34 4.00585e-34 
2.95615e+06 4.22764e-34 4.13975e-34 4.22764e-34 4.13975e-34 4.22764e-34 4.13975e-34 
3.16791e+06 4.36362e-34 4.27743e-34 4.36362e-34 4.27743e-34 4.36362e-34 4.27743e-34 
3.39483e+06 4.50349e-34 4.41899e-34 4.50349e-34 4.41899e-34 4.50349e-34 4.41899e-34 
3.63801e+06 4.64734e-34 4.56452e-34 4.64734e-34 4.56452e-34 4.64734e-34 4.56452e-34 
3.89861e+06 4.79527e-34 4.71413e-34 4.79527e-34 4.71413e-34 4.79527e-34 4.71413e-34 
4.17788e+06 4.9474e-34 4.86791e-34 4.9474e-34 4.86791e-34 4.9474e-34 4.86791e-34 
4.47715e+06 5.1038e-34 5.02597e-34 5.1038e-34 5.02597e-34 5.1038e-34 5.02597e-34 
4.79786e+06 5.2646e-34 5.18841e-34 5.2646e-34 5.18841e-34 5.2646e-34 5.18841e-34 
5.14154e+06 5.4299e-34 5.35533e-34 5.4299e-34 5.35533e-34 5.4299e-34 5.35533e-34 
5.50984e+06 5.5998e-34 5.52684e-34 5.5998e-34 5.52684e-34 5.5998e-34 5.52684e-34 
5.90452e+06 5.77443e-34 5.70306e-34 5.77443e-34 5.70306e-34 5.77443e-34 5.70306e-34 
6.32748e+06 5.95389e-34 5.8841e-34 5.95389e-34 5.8841e-34 5.95389e-34 5.8841e-34 
6.78073e+06 6.13831e-34 6.07008e-34 6.13831e-34 6.07008e-34 6.13831e-34 6.07008e-34 
7.26645e+06 6.32778e-34 6.26109e-34 6.32778e-34 6.26109e-34 6.32778e-34 6.26109e-34 
7.78696e+06 6.52247e-34 6.45731e-34 6.52247e-34 6.45731e-34 6.52247e-34 6.45731e-34 
8.34476e+06 6.72246e-34 6.65879e-34 6.72246e-34 6.65879e-34 6.72246e-34 6.65879e-34 
8.94251e+06 6.92789e-34 6.86571e-34 6.92789e-34 6.86571e-34 6.92789e-34 6.86571e-34 
9.58308e+06 7.1389e-34 7.07818e-34 7.1389e-34 7.07818e-34 7.1389e-34 7.07818e-34 
1.02695e+07 7.3556e-34 7.29632e-34 7.3556e-34 7.29632e-34 7.3556e-34 7.29632e-34 
1.10052e+07 7.57814e-34 7.52028e-34 7.57814e-34 7.52028e-34 7.57814e-34 7.52028e-34 
1.17935e+07 7.80665e-34 7.75018e-34 7.80665e-34 7.75018e-34 7.80665e-34 7.75018e-34 
1.26383e+07 8.04128e-34 7.98618e-34 8.04128e-34 7.98618e-34 8.04128e-34 7.98618e-34 
1.35436e+07 8.28215e-34 8.22841e-34 8.28215e-34 8.22841e-34 8.28215e-34 8.22841e-34 
1.45138e+07 8.52943e-34 8.47702e-34 8.52943e-34 8.47702e-34 8.52943e-34 8.47702e-34 
1.55534e+07 8.78325e-34 8.73213e-34 8.78325e-34 8.73213e-34 8.78325e-34 8.73213e-34 
1.66675e+07 9.04376e-34 8.99393e-34 9.04376e-34 8.99393e-34 9.04376e-34 8.99393e-34 
1.78615e+07 9.31111e-34 9.26254e-34 9.31111e-34 9.26254e-34 9.31111e-34 9.26254e-34 
1.91409e+07 9.58548e-34 9.53815e-34 9.58548e-34 9.53815e-34 9.58548e-34 9.53815e-34 
2.0512e+07 9.86702e-34 9.8209e-34 9.86702e-34 9.8209e-34 9.86702e-34 9.8209e-34 
2.19814e+07 1.01559e-33 1.01109e-33 1.01559e-33 1.01109e-33 1.01559e-33 1.01109e-33 
2.35559e+07 1.04522e-33 1.04085e-33 1.04522e-33 1.04085e-33 1.04522e-33 1.04085e-33 
2.52433e+07 1.07562e-33 1.07136e-33 1.07562e-33 1.07136e-33 1.07562e-33 1.07136e-33 
2.70515e+07 1.10681e-33 1.10266e-33 1.10681e-33 1.10266e-33 1.10681e-33 1.10266e-33 
2.89893e+07 1.1388e-33 1.13475e-33 1.1388e-33 1.13475e-33 1.1388e-33 1.13475e-33 
3.10659e+07 1.1716e-33 1.16767e-33 1.1716e-33 1.16767e-33 1.1716e-33 1.16767e-33 
3.32912e+07 1.20524e-33 1.20141e-33 1.20524e-33 1.20141e-33 1.20524e-33 1.20141e-33 
3.56759e+07 1.23974e-33 1.23601e-33 1.23974e-33 1.23601e-33 1.23974e-33 1.23601e-33 
3.82315e+07 1.27511e-33 1.27149e-33 1.27511e-33 1.27149e-33 1.27511e-33 1.27149e-33 
4.09701e+07 1.31138e-33 1.30785e-33 1.31138e-33 1.30785e-33 1.31138e-33 1.30785e-33 
4.39049e+07 1.34856e-33 1.34513e-33 1.34856e-33 1.34513e-33 1.34856e-33 1.34513e-33 
4.70499e+07 1.38668e-33 1.38334e-33 1.38668e-33 1.38334e-33 1.38668e-33 1.38334e-33 
5.04201e+07 1.42574e-33 1.4225e-33 1.42574e-33 1.4225e-33 1.42574e-33 1.4225e-33 
5.40319e+07 1.46579e-33 1.46263e-33 1.46579e-33 1.46263e-33 1.46579e-33 1.46263e-33 
5.79023e+07 1.50683e-33 1.50376e-33 1.50683e-33 1.50376e-33 1.50683e-33 1.50376e-33 
6.205e+07 1.54889e-33 1.54591e-33 1.54889e-33 1.54591e-33 1.54889e-33 1.54591e-33 
6.64947e+07 1.592e-33 1.5891e-33 1.592e-33 1.5891e-33 1.592e-33 1.5891e-33 
7.12579e+07 1.63616e-33 1.63334e-33 1.63616e-33 1.63334e-33 1.63616e-33 1.63334e-33 
7.63623e+07 1.6814e-33 1.67867e-33 1.6814e-33 1.67867e-33 1.6814e-33 1.67867e-33 
8.18323e+07 1.72777e-33 1.7251e-33 1.72777e-33 1.7251e-33 1.72777e-33 1.7251e-33 
8.76941e+07 1.77526e-33 1.77267e-33 1.77526e-33 1.77267e-33 1.77526e-33 1.77267e-33 
9.39758e+07 1.82391e-33 1.8214e-33 1.82391e-33 1.8214e-33 1.82391e-33 1.8214e-33 
1.00708e+08 1.87374e-33 1.8713e-33 1.87374e-33 1.8713e-33 1.87374e-33 1.8713e-33 
