100 2.23576e-37 1.17315e-37 2.23576e-37 1.17315e-37 2.23576e-37 1.17315e-37 
108.393 2.41753e-37 1.27189e-37 2.41753e-37 1.27189e-37 2.41753e-37 1.27189e-37 
117.49 2.61411e-37 1.37896e-37 2.61411e-37 1.37896e-37 2.61411e-37 1.37896e-37 
127.35 2.82671e-37 1.49506e-37 2.82671e-37 1.49506e-37 2.82671e-37 1.49506e-37 
138.038 3.05664e-37 1.62097e-37 3.05664e-37 1.62097e-37 3.05664e-37 1.62097e-37 
149.624 3.30528e-37 1.75749e-37 3.30528e-37 1.75749e-37 3.30528e-37 1.75749e-37 
162.181 3.57416e-37 1.90555e-37 3.57416e-37 1.90555e-37 3.57416e-37 1.90555e-37 
175.792 3.86491e-37 2.06608e-37 3.86491e-37 2.06608e-37 3.86491e-37 2.06608e-37 
190.546 4.17927e-37 2.24014e-37 4.17927e-37 2.24014e-37 4.17927e-37 2.24014e-37 
206.538 4.51916e-37 2.42886e-37 4.51916e-37 2.42886e-37 4.51916e-37 2.42886e-37 
223.872 4.88662e-37 2.63348e-37 4.88662e-37 2.63348e-37 4.88662e-37 2.63348e-37 
242.661 5.28384e-37 2.85531e-37 5.28384e-37 2.85531e-37 5.28384e-37 2.85531e-37 
263.027 5.71321e-37 3.09581e-37 5.71321e-37 3.09581e-37 5.71321e-37 3.09581e-37 
285.102 6.17727e-37 3.35651e-37 6.17727e-37 3.35651e-37 6.17727e-37 3.35651e-37 
309.03 6.6788e-37 3.63911e-37 6.6788e-37 3.63911e-37 6.6788e-37 3.63911e-37 
334.965 7.22071e-37 3.9454e-37 7.22071e-37 3.9454e-37 7.22071e-37 3.9454e-37 
363.078 7.80621e-37 4.27737e-37 7.80621e-37 4.27737e-37 7.80621e-37 4.27737e-37 
393.55 8.43868e-37 4.63714e-37 8.43868e-37 4.63714e-37 8.43868e-37 4.63714e-37 
426.58 9.12182e-37 5.02698e-37 9.12182e-37 5.02698e-37 9.12182e-37 5.02698e-37 
462.381 9.85954e-37 5.44936e-37 9.85954e-37 5.44936e-37 9.85954e-37 5.44936e-37 
501.187 1.06561e-36 5.90698e-37 1.06561e-36 5.90698e-37 1.06561e-36 5.90698e-37 
543.25 1.15159e-36 6.40268e-37 1.15159e-36 6.40268e-37 1.15159e-36 6.40268e-37 
588.844 1.24439e-36 6.93958e-37 1.24439e-36 6.93958e-37 1.24439e-36 6.93958e-37 
638.263 1.34451e-36 7.52101e-37 1.34451e-36 7.52101e-37 1.34451e-36 7.52101e-37 
691.831 1.45252e-36 8.15058e-37 1.45252e-36 8.15058e-37 1.45252e-36 8.15058e-37 
749.894 1.569e-36 8.83218e-37 1.569e-36 8.83218e-37 1.569e-36 8.83218e-37 
812.831 1.69458e-36 9.56992e-37 1.69458e-36 9.56992e-37 1.69458e-36 9.56992e-37 
881.049 1.82992e-36 1.03683e-36 1.82992e-36 1.03683e-36 1.82992e-36 1.03683e-36 
954.993 1.97575e-36 1.12322e-36 1.97575e-36 1.12322e-36 1.97575e-36 1.12322e-36 
1035.14 2.1328e-36 1.21667e-36 2.1328e-36 1.21667e-36 2.1328e-36 1.21667e-36 
1122.02 2.30189e-36 1.31774e-36 2.30189e-36 1.31774e-36 2.30189e-36 1.31774e-36 
1216.19 2.48387e-36 1.42702e-36 2.48387e-36 1.42702e-36 2.48387e-36 1.42702e-36 
1318.26 2.67963e-36 1.54514e-36 2.67963e-36 1.54514e-36 2.67963e-36 1.54514e-36 
1428.89 2.89012e-36 1.6728e-36 2.89012e-36 1.6728e-36 2.89012e-36 1.6728e-36 
1548.82 3.11634e-36 1.81071e-36 3.11634e-36 1.81071e-36 3.11634e-36 1.81071e-36 
1678.8 3.35934e-36 1.95965e-36 3.35934e-36 1.95965e-36 3.35934e-36 1.95965e-36 
1819.7 3.62023e-36 2.12046e-36 3.62023e-36 2.12046e-36 3.62023e-36 2.12046e-36 
1972.42 3.90017e-36 2.294e-36 3.90017e-36 2.294e-36 3.90017e-36 2.294e-36 
2137.96 4.20041e-36 2.48124e-36 4.20041e-36 2.48124e-36 4.20041e-36 2.48124e-36 
2317.39 4.52212e-36 2.68316e-36 4.52212e-36 2.68316e-36 4.52212e-36 2.68316e-36 
2511.89 4.86672e-36 2.90082e-36 4.86672e-36 2.90082e-36 4.86672e-36 2.90082e-36 
2722.7 5.23554e-36 3.13536e-36 5.23554e-36 3.13536e-36 5.23554e-36 3.13536e-36 
2951.21 5.63001e-36 3.38796e-36 5.63001e-36 3.38796e-36 5.63001e-36 3.38796e-36 
3198.9 6.05166e-36 3.65989e-36 6.05166e-36 3.65989e-36 6.05166e-36 3.65989e-36 
3467.37 6.50194e-36 3.95248e-36 6.50194e-36 3.95248e-36 6.50194e-36 3.95248e-36 
3758.37 6.98248e-36 4.26714e-36 6.98248e-36 4.26714e-36 6.98248e-36 4.26714e-36 
4073.8 7.49488e-36 4.60534e-36 7.49488e-36 4.60534e-36 7.49488e-36 4.60534e-36 
4415.7 8.04084e-36 4.96864e-36 8.04084e-36 4.96864e-36 8.04084e-36 4.96864e-36 
4786.3 8.62201e-36 5.35866e-36 8.62201e-36 5.35866e-36 8.62201e-36 5.35866e-36 
5188 9.2402e-36 5.77714e-36 9.2402e-36 5.77714e-36 9.2402e-36 5.77714e-36 
5623.41 9.89711e-36 6.22586e-36 9.89711e-36 6.22586e-36 9.89711e-36 6.22586e-36 
6095.37 1.05946e-35 6.70669e-36 1.05946e-35 6.70669e-36 1.05946e-35 6.70669e-36 
6606.93 1.13345e-35 7.22161e-36 1.13345e-35 7.22161e-36 1.13345e-35 7.22161e-36 
7161.43 1.21188e-35 7.77259e-36 1.21188e-35 7.77259e-36 1.21188e-35 7.77259e-36 
7762.47 1.29491e-35 8.36181e-36 1.29491e-35 8.36181e-36 1.29491e-35 8.36181e-36 
8413.95 1.38276e-35 8.99145e-36 1.38276e-35 8.99145e-36 1.38276e-35 8.99145e-36 
9120.11 1.47561e-35 9.66379e-36 1.47561e-35 9.66379e-36 1.47561e-35 9.66379e-36 
9885.53 1.57365e-35 1.03812e-35 1.57365e-35 1.03812e-35 1.57365e-35 1.03812e-35 
10715.2 1.67709e-35 1.1146e-35 1.67709e-35 1.1146e-35 1.67709e-35 1.1146e-35 
11614.5 1.78613e-35 1.19609e-35 1.78613e-35 1.19609e-35 1.78613e-35 1.19609e-35 
12589.3 1.90096e-35 1.28284e-35 1.90096e-35 1.28284e-35 1.90096e-35 1.28284e-35 
13645.8 2.02178e-35 1.37511e-35 2.02178e-35 1.37511e-35 2.02178e-35 1.37511e-35 
14791.1 2.1488e-35 1.47318e-35 2.1488e-35 1.47318e-35 2.1488e-35 1.47318e-35 
16032.5 2.28224e-35 1.57733e-35 2.28224e-35 1.57733e-35 2.28224e-35 1.57733e-35 
17378 2.42229e-35 1.68785e-35 2.42229e-35 1.68785e-35 2.42229e-35 1.68785e-35 
18836.5 2.56916e-35 1.80503e-35 2.56916e-35 1.80503e-35 2.56916e-35 1.80503e-35 
20417.4 2.72309e-35 1.92917e-35 2.72309e-35 1.92917e-35 2.72309e-35 1.92917e-35 
22130.9 2.88427e-35 2.06059e-35 2.88427e-35 2.06059e-35 2.88427e-35 2.06059e-35 
23988.3 3.05295e-35 2.1996e-35 3.05295e-35 2.1996e-35 3.05295e-35 2.1996e-35 
26001.6 3.22933e-35 2.34652e-35 3.22933e-35 2.34652e-35 3.22933e-35 2.34652e-35 
28183.8 3.41367e-35 2.50167e-35 3.41367e-35 2.50167e-35 3.41367e-35 2.50167e-35 
30549.2 3.6062e-35 2.66539e-35 3.6062e-35 2.66539e-35 3.6062e-35 2.66539e-35 
33113.1 3.80716e-35 2.83804e-35 3.80716e-35 2.83804e-35 3.80716e-35 2.83804e-35 
35892.2 4.01682e-35 3.01992e-35 4.01682e-35 3.01992e-35 4.01682e-35 3.01992e-35 
38904.5 4.23544e-35 3.21143e-35 4.23544e-35 3.21143e-35 4.23544e-35 3.21143e-35 
42169.7 4.46329e-35 3.41291e-35 4.46329e-35 3.41291e-35 4.46329e-35 3.41291e-35 
45708.8 4.70064e-35 3.62471e-35 4.70064e-35 3.62471e-35 4.70064e-35 3.62471e-35 
49545 4.94781e-35 3.84724e-35 4.94781e-35 3.84724e-35 4.94781e-35 3.84724e-35 
53703.2 5.20509e-35 4.08085e-35 5.20509e-35 4.08085e-35 5.20509e-35 4.08085e-35 
58210.3 5.47278e-35 4.32594e-35 5.47278e-35 4.32594e-35 5.47278e-35 4.32594e-35 
63095.7 5.75124e-35 4.5829e-35 5.75124e-35 4.5829e-35 5.75124e-35 4.5829e-35 
68391.2 6.0408e-35 4.85214e-35 6.0408e-35 4.85214e-35 6.0408e-35 4.85214e-35 
74131 6.34182e-35 5.13406e-35 6.34182e-35 5.13406e-35 6.34182e-35 5.13406e-35 
80352.6 6.65466e-35 5.42909e-35 6.65466e-35 5.42909e-35 6.65466e-35 5.42909e-35 
87096.4 6.97973e-35 5.73765e-35 6.97973e-35 5.73765e-35 6.97973e-35 5.73765e-35 
94406.1 7.3174e-35 6.06018e-35 7.3174e-35 6.06018e-35 7.3174e-35 6.06018e-35 
102329 7.66813e-35 6.39714e-35 7.66813e-35 6.39714e-35 7.66813e-35 6.39714e-35 
110917 8.03233e-35 6.74898e-35 8.03233e-35 6.74898e-35 8.03233e-35 6.74898e-35 
120226 8.41044e-35 7.11615e-35 8.41044e-35 7.11615e-35 8.41044e-35 7.11615e-35 
130317 8.80298e-35 7.49918e-35 8.80298e-35 7.49918e-35 8.80298e-35 7.49918e-35 
141254 9.2104e-35 7.89852e-35 9.2104e-35 7.89852e-35 9.2104e-35 7.89852e-35 
153109 9.6332e-35 8.3147e-35 9.6332e-35 8.3147e-35 9.6332e-35 8.3147e-35 
165959 1.0072e-34 8.74823e-35 1.0072e-34 8.74823e-35 1.0072e-34 8.74823e-35 
179887 1.05272e-34 9.19964e-35 1.05272e-34 9.19964e-35 1.05272e-34 9.19964e-35 
194984 1.09994e-34 9.6695e-35 1.09994e-34 9.6695e-35 1.09994e-34 9.6695e-35 
211349 1.14893e-34 1.01584e-34 1.14893e-34 1.01584e-34 1.14893e-34 1.01584e-34 
229087 1.19974e-34 1.06668e-34 1.19974e-34 1.06668e-34 1.19974e-34 1.06668e-34 
248313 1.25244e-34 1.11954e-34 1.25244e-34 1.11954e-34 1.25244e-34 1.11954e-34 
269153 1.30709e-34 1.17448e-34 1.30709e-34 1.17448e-34 1.30709e-34 1.17448e-34 
291743 1.36376e-34 1.23156e-34 1.36376e-34 1.23156e-34 1.36376e-34 1.23156e-34 
316228 1.42251e-34 1.29085e-34 1.42251e-34 1.29085e-34 1.42251e-34 1.29085e-34 
342768 1.48342e-34 1.35241e-34 1.48342e-34 1.35241e-34 1.48342e-34 1.35241e-34 
371535 1.54656e-34 1.41631e-34 1.54656e-34 1.41631e-34 1.54656e-34 1.41631e-34 
402717 1.61201e-34 1.48263e-34 1.61201e-34 1.48263e-34 1.61201e-34 1.48263e-34 
436516 1.67985e-34 1.55144e-34 1.67985e-34 1.55144e-34 1.67985e-34 1.55144e-34 
473151 1.75015e-34 1.62281e-34 1.75015e-34 1.62281e-34 1.75015e-34 1.62281e-34 
512861 1.823e-34 1.69682e-34 1.823e-34 1.69682e-34 1.823e-34 1.69682e-34 
555904 1.89847e-34 1.77354e-34 1.89847e-34 1.77354e-34 1.89847e-34 1.77354e-34 
602560 1.97667e-34 1.85307e-34 1.97667e-34 1.85307e-34 1.97667e-34 1.85307e-34 
653131 2.05768e-34 1.93549e-34 2.05768e-34 1.93549e-34 2.05768e-34 1.93549e-34 
707946 2.14159e-34 2.02088e-34 2.14159e-34 2.02088e-34 2.14159e-34 2.02088e-34 
767361 2.2285e-34 2.10933e-34 2.2285e-34 2.10933e-34 2.2285e-34 2.10933e-34 
831764 2.3185e-34 2.20093e-34 2.3185e-34 2.20093e-34 2.3185e-34 2.20093e-34 
901571 2.4117e-34 2.29579e-34 2.4117e-34 2.29579e-34 2.4117e-34 2.29579e-34 
977237 2.50819e-34 2.39399e-34 2.50819e-34 2.39399e-34 2.50819e-34 2.39399e-34 
1.05925e+06 2.60808e-34 2.49564e-34 2.60808e-34 2.49564e-34 2.60808e-34 2.49564e-34 
1.14815e+06 2.71148e-34 2.60084e-34 2.71148e-34 2.60084e-34 2.71148e-34 2.60084e-34 
1.24451e+06 2.8185e-34 2.70969e-34 2.8185e-34 2.70969e-34 2.8185e-34 2.70969e-34 
1.34896e+06 2.92926e-34 2.82231e-34 2.92926e-34 2.82231e-34 2.92926e-34 2.82231e-34 
1.46218e+06 3.04386e-34 2.93881e-34 3.04386e-34 2.93881e-34 3.04386e-34 2.93881e-34 
1.58489e+06 3.16243e-34 3.05931e-34 3.16243e-34 3.05931e-34 3.16243e-34 3.05931e-34 
1.71791e+06 3.28509e-34 3.18391e-34 3.28509e-34 3.18391e-34 3.28509e-34 3.18391e-34 
1.86209e+06 3.41198e-34 3.31274e-34 3.41198e-34 3.31274e-34 3.41198e-34 3.31274e-34 
2.01837e+06 3.5432e-34 3.44593e-34 3.5432e-34 3.44593e-34 3.5432e-34 3.44593e-34 
2.18776e+06 3.67889e-34 3.5836e-34 3.67889e-34 3.5836e-34 3.67889e-34 3.5836e-34 
2.37137e+06 3.81921e-34 3.7259e-34 3.81921e-34 3.7259e-34 3.81921e-34 3.7259e-34 
2.5704e+06 3.96426e-34 3.87294e-34 3.96426e-34 3.87294e-34 3.96426e-34 3.87294e-34 
2.78612e+06 4.11421e-34 4.02487e-34 4.11421e-34 4.02487e-34 4.11421e-34 4.02487e-34 
3.01995e+06 4.26919e-34 4.18183e-34 4.26919e-34 4.18183e-34 4.26919e-34 4.18183e-34 
3.27341e+06 4.42936e-34 4.34397e-34 4.42936e-34 4.34397e-34 4.42936e-34 4.34397e-34 
3.54813e+06 4.59486e-34 4.51143e-34 4.59486e-34 4.51143e-34 4.59486e-34 4.51143e-34 
3.84592e+06 4.76585e-34 4.68438e-34 4.76585e-34 4.68438e-34 4.76585e-34 4.68438e-34 
4.16869e+06 4.94249e-34 4.86296e-34 4.94249e-34 4.86296e-34 4.94249e-34 4.86296e-34 
4.51856e+06 5.12494e-34 5.04733e-34 5.12494e-34 5.04733e-34 5.12494e-34 5.04733e-34 
4.89779e+06 5.31338e-34 5.23767e-34 5.31338e-34 5.23767e-34 5.31338e-34 5.23767e-34 
5.30884e+06 5.50797e-34 5.43414e-34 5.50797e-34 5.43414e-34 5.50797e-34 5.43414e-34 
5.7544e+06 5.70886e-34 5.63691e-34 5.70886e-34 5.63691e-34 5.70886e-34 5.63691e-34 
6.23735e+06 5.91627e-34 5.84616e-34 5.91627e-34 5.84616e-34 5.91627e-34 5.84616e-34 
6.76083e+06 6.13037e-34 6.06208e-34 6.13037e-34 6.06208e-34 6.13037e-34 6.06208e-34 
7.32825e+06 6.35134e-34 6.28484e-34 6.35134e-34 6.28484e-34 6.35134e-34 6.28484e-34 
7.94328e+06 6.57937e-34 6.51464e-34 6.57937e-34 6.51464e-34 6.57937e-34 6.51464e-34 
8.60994e+06 6.81467e-34 6.75168e-34 6.81467e-34 6.75168e-34 6.81467e-34 6.75168e-34 
9.33254e+06 7.05742e-34 6.99614e-34 7.05742e-34 6.99614e-34 7.05742e-34 6.99614e-34 
1.01158e+07 7.30786e-34 7.24826e-34 7.30786e-34 7.24826e-34 7.30786e-34 7.24826e-34 
1.09648e+07 7.56617e-34 7.50823e-34 7.56617e-34 7.50823e-34 7.56617e-34 7.50823e-34 
1.1885e+07 7.83257e-34 7.77625e-34 7.83257e-34 7.77625e-34 7.83257e-34 7.77625e-34 
1.28825e+07 8.10728e-34 8.05256e-34 8.10728e-34 8.05256e-34 8.10728e-34 8.05256e-34 
1.39637e+07 8.39053e-34 8.33738e-34 8.39053e-34 8.33738e-34 8.39053e-34 8.33738e-34 
1.51356e+07 8.68255e-34 8.63093e-34 8.68255e-34 8.63093e-34 8.68255e-34 8.63093e-34 
1.64059e+07 8.98357e-34 8.93346e-34 8.98357e-34 8.93346e-34 8.98357e-34 8.93346e-34 
1.77828e+07 9.29385e-34 9.24521e-34 9.29385e-34 9.24521e-34 9.29385e-34 9.24521e-34 
1.92752e+07 9.61361e-34 9.5664e-34 9.61361e-34 9.5664e-34 9.61361e-34 9.5664e-34 
2.0893e+07 9.94313e-34 9.89732e-34 9.94313e-34 9.89732e-34 9.94313e-34 9.89732e-34 
2.26464e+07 1.02826e-33 1.02382e-33 1.02826e-33 1.02382e-33 1.02826e-33 1.02382e-33 
2.45471e+07 1.06324e-33 1.05893e-33 1.06324e-33 1.05893e-33 1.06324e-33 1.05893e-33 
2.66073e+07 1.09927e-33 1.09509e-33 1.09927e-33 1.09509e-33 1.09927e-33 1.09509e-33 
2.88403e+07 1.13638e-33 1.13234e-33 1.13638e-33 1.13234e-33 1.13638e-33 1.13234e-33 
3.12608e+07 1.17461e-33 1.17068e-33 1.17461e-33 1.17068e-33 1.17461e-33 1.17068e-33 
3.38844e+07 1.21396e-33 1.21016e-33 1.21396e-33 1.21016e-33 1.21396e-33 1.21016e-33 
3.67282e+07 1.25449e-33 1.25081e-33 1.25449e-33 1.25081e-33 1.25449e-33 1.25081e-33 
3.98107e+07 1.29622e-33 1.29265e-33 1.29622e-33 1.29265e-33 1.29622e-33 1.29265e-33 
4.31519e+07 1.33918e-33 1.33572e-33 1.33918e-33 1.33572e-33 1.33918e-33 1.33572e-33 
4.67735e+07 1.38339e-33 1.38005e-33 1.38339e-33 1.38005e-33 1.38339e-33 1.38005e-33 
5.06991e+07 1.4289e-33 1.42566e-33 1.4289e-33 1.42566e-33 1.4289e-33 1.42566e-33 
5.49541e+07 1.47573e-33 1.4726e-33 1.47573e-33 1.4726e-33 1.47573e-33 1.4726e-33 
5.95662e+07 1.52393e-33 1.5209e-33 1.52393e-33 1.5209e-33 1.52393e-33 1.5209e-33 
6.45654e+07 1.57352e-33 1.57058e-33 1.57352e-33 1.57058e-33 1.57352e-33 1.57058e-33 
6.99842e+07 1.62454e-33 1.6217e-33 1.62454e-33 1.6217e-33 1.62454e-33 1.6217e-33 
7.58578e+07 1.67702e-33 1.67428e-33 1.67702e-33 1.67428e-33 1.67702e-33 1.67428e-33 
8.22243e+07 1.73101e-33 1.72835e-33 1.73101e-33 1.72835e-33 1.73101e-33 1.72835e-33 
8.91251e+07 1.78654e-33 1.78397e-33 1.78654e-33 1.78397e-33 1.78654e-33 1.78397e-33 
9.66051e+07 1.84364e-33 1.84116e-33 1.84364e-33 1.84116e-33 1.84364e-33 1.84116e-33 
1.04713e+08 1.90237e-33 1.89997e-33 1.90237e-33 1.89997e-33 1.90237e-33 1.89997e-33 
1.13501e+08 1.96275e-33 1.96043e-33 1.96275e-33 1.96043e-33 1.96275e-33 1.96043e-33 
1.23027e+08 2.02485e-33 2.0226e-33 2.02485e-33 2.0226e-33 2.02485e-33 2.0226e-33 
1.33352e+08 2.08866e-33 2.0865e-33 2.08866e-33 2.0865e-33 2.08866e-33 2.0865e-33 
1.44544e+08 2.15428e-33 2.15218e-33 2.15428e-33 2.15218e-33 2.15428e-33 2.15218e-33 
1.56675e+08 2.22172e-33 2.21969e-33 2.22172e-33 2.21969e-33 2.22172e-33 2.21969e-33 
1.69824e+08 2.29105e-33 2.28909e-33 2.29105e-33 2.28909e-33 2.29105e-33 2.28909e-33 
1.84077e+08 2.36227e-33 2.36038e-33 2.36227e-33 2.36038e-33 2.36227e-33 2.36038e-33 
1.99526e+08 2.43548e-33 2.43366e-33 2.43548e-33 2.43366e-33 2.43548e-33 2.43366e-33 
2.16272e+08 2.51071e-33 2.50894e-33 2.51071e-33 2.50894e-33 2.51071e-33 2.50894e-33 
2.34423e+08 2.58799e-33 2.58629e-33 2.58799e-33 2.58629e-33 2.58799e-33 2.58629e-33 
2.54097e+08 2.6674e-33 2.66576e-33 2.6674e-33 2.66576e-33 2.6674e-33 2.66576e-33 
2.75423e+08 2.74897e-33 2.74739e-33 2.74897e-33 2.74739e-33 2.74897e-33 2.74739e-33 
2.98538e+08 2.83277e-33 2.83124e-33 2.83277e-33 2.83124e-33 2.83277e-33 2.83124e-33 
3.23594e+08 2.91884e-33 2.91736e-33 2.91884e-33 2.91736e-33 2.91884e-33 2.91736e-33 
3.50752e+08 3.00725e-33 3.00582e-33 3.00725e-33 3.00582e-33 3.00725e-33 3.00582e-33 
3.80189e+08 3.09803e-33 3.09665e-33 3.09803e-33 3.09665e-33 3.09803e-33 3.09665e-33 
4.12098e+08 3.19126e-33 3.18993e-33 3.19126e-33 3.18993e-33 3.19126e-33 3.18993e-33 
4.46684e+08 3.28701e-33 3.28572e-33 3.28701e-33 3.28572e-33 3.28701e-33 3.28572e-33 
4.84172e+08 3.38529e-33 3.38405e-33 3.38529e-33 3.38405e-33 3.38529e-33 3.38405e-33 
5.24807e+08 3.48622e-33 3.48502e-33 3.48622e-33 3.48502e-33 3.48622e-33 3.48502e-33 
5.68853e+08 3.58983e-33 3.58867e-33 3.58983e-33 3.58867e-33 3.58983e-33 3.58867e-33 
6.16595e+08 3.69619e-33 3.69507e-33 3.69619e-33 3.69507e-33 3.69619e-33 3.69507e-33 
6.68344e+08 3.80539e-33 3.80431e-33 3.80539e-33 3.80431e-33 3.80539e-33 3.80431e-33 
7.24436e+08 3.91746e-33 3.91642e-33 3.91746e-33 3.91642e-33 3.91746e-33 3.91642e-33 
7.85236e+08 4.03249e-33 4.03148e-33 4.03249e-33 4.03148e-33 4.03249e-33 4.03148e-33 
8.51138e+08 4.15054e-33 4.14957e-33 4.15054e-33 4.14957e-33 4.15054e-33 4.14957e-33 
9.22571e+08 4.27171e-33 4.27076e-33 4.27171e-33 4.27076e-33 4.27171e-33 4.27076e-33 
1e+09 4.39604e-33 4.39513e-33 4.39604e-33 4.39513e-33 4.39604e-33 4.39513e-33 
