100 2.23576e-37 1.17315e-37 2.23576e-37 1.17315e-37 2.23576e-37 1.17315e-37 
100.925 2.25582e-37 1.18404e-37 2.25582e-37 1.18404e-37 2.25582e-37 1.18404e-37 
101.859 2.27606e-37 1.19502e-37 2.27606e-37 1.19502e-37 2.27606e-37 1.19502e-37 
102.802 2.29648e-37 1.20611e-37 2.29648e-37 1.20611e-37 2.29648e-37 1.20611e-37 
103.753 2.31709e-37 1.2173e-37 2.31709e-37 1.2173e-37 2.31709e-37 1.2173e-37 
104.713 2.33788e-37 1.22859e-37 2.33788e-37 1.22859e-37 2.33788e-37 1.22859e-37 
105.682 2.35886e-37 1.23999e-37 2.35886e-37 1.23999e-37 2.35886e-37 1.23999e-37 
106.66 2.38003e-37 1.2515e-37 2.38003e-37 1.2515e-37 2.38003e-37 1.2515e-37 
107.647 2.40138e-37 1.26311e-37 2.40138e-37 1.26311e-37 2.40138e-37 1.26311e-37 
108.643 2.42293e-37 1.27483e-37 2.42293e-37 1.27483e-37 2.42293e-37 1.27483e-37 
109.648 2.44468e-37 1.28666e-37 2.44468e-37 1.28666e-37 2.44468e-37 1.28666e-37 
110.662 2.46661e-37 1.2986e-37 2.46661e-37 1.2986e-37 2.46661e-37 1.2986e-37 
111.686 2.48875e-37 1.31065e-37 2.48875e-37 1.31065e-37 2.48875e-37 1.31065e-37 
112.72 2.51109e-37 1.32281e-37 2.51109e-37 1.32281e-37 2.51109e-37 1.32281e-37 
113.763 2.53362e-37 1.33509e-37 2.53362e-37 1.33509e-37 2.53362e-37 1.33509e-37 
114.815 2.55636e-37 1.34748e-37 2.55636e-37 1.34748e-37 2.55636e-37 1.34748e-37 
115.878 2.57931e-37 1.35998e-37 2.57931e-37 1.35998e-37 2.57931e-37 1.35998e-37 
116.95 2.60246e-37 1.3726e-37 2.60246e-37 1.3726e-37 2.60246e-37 1.3726e-37 
118.032 2.62581e-37 1.38534e-37 2.62581e-37 1.38534e-37 2.62581e-37 1.38534e-37 
119.124 2.64939e-37 1.3982e-37 2.64939e-37 1.3982e-37 2.64939e-37 1.3982e-37 
120.226 2.67316e-37 1.41118e-37 2.67316e-37 1.41118e-37 2.67316e-37 1.41118e-37 
121.339 2.69716e-37 1.42427e-37 2.69716e-37 1.42427e-37 2.69716e-37 1.42427e-37 
122.462 2.72137e-37 1.43749e-37 2.72137e-37 1.43749e-37 2.72137e-37 1.43749e-37 
123.595 2.7458e-37 1.45084e-37 2.7458e-37 1.45084e-37 2.7458e-37 1.45084e-37 
124.738 2.77044e-37 1.4643e-37 2.77044e-37 1.4643e-37 2.77044e-37 1.4643e-37 
125.893 2.79531e-37 1.4779e-37 2.79531e-37 1.4779e-37 2.79531e-37 1.4779e-37 
127.057 2.82041e-37 1.49162e-37 2.82041e-37 1.49162e-37 2.82041e-37 1.49162e-37 
128.233 2.84573e-37 1.50546e-37 2.84573e-37 1.50546e-37 2.84573e-37 1.50546e-37 
129.42 2.87127e-37 1.51944e-37 2.87127e-37 1.51944e-37 2.87127e-37 1.51944e-37 
130.617 2.89704e-37 1.53354e-37 2.89704e-37 1.53354e-37 2.89704e-37 1.53354e-37 
131.826 2.92305e-37 1.54778e-37 2.92305e-37 1.54778e-37 2.92305e-37 1.54778e-37 
133.045 2.94929e-37 1.56214e-37 2.94929e-37 1.56214e-37 2.94929e-37 1.56214e-37 
134.276 2.97577e-37 1.57665e-37 2.97577e-37 1.57665e-37 2.97577e-37 1.57665e-37 
135.519 3.00249e-37 1.59129e-37 3.00249e-37 1.59129e-37 3.00249e-37 1.59129e-37 
136.773 3.02944e-37 1.60606e-37 3.02944e-37 1.60606e-37 3.02944e-37 1.60606e-37 
138.038 3.05664e-37 1.62097e-37 3.05664e-37 1.62097e-37 3.05664e-37 1.62097e-37 
139.316 3.08408e-37 1.63602e-37 3.08408e-37 1.63602e-37 3.08408e-37 1.63602e-37 
140.605 3.11177e-37 1.65121e-37 3.11177e-37 1.65121e-37 3.11177e-37 1.65121e-37 
141.906 3.1397e-37 1.66654e-37 3.1397e-37 1.66654e-37 3.1397e-37 1.66654e-37 
143.219 3.16789e-37 1.68201e-37 3.16789e-37 1.68201e-37 3.16789e-37 1.68201e-37 
144.544 3.19633e-37 1.69763e-37 3.19633e-37 1.69763e-37 3.19633e-37 1.69763e-37 
145.881 3.22503e-37 1.71339e-37 3.22503e-37 1.71339e-37 3.22503e-37 1.71339e-37 
147.231 3.25398e-37 1.7293e-37 3.25398e-37 1.7293e-37 3.25398e-37 1.7293e-37 
148.594 3.28319e-37 1.74536e-37 3.28319e-37 1.74536e-37 3.28319e-37 1.74536e-37 
149.968 3.31267e-37 1.76156e-37 3.31267e-37 1.76156e-37 3.31267e-37 1.76156e-37 
151.356 3.34242e-37 1.77792e-37 3.34242e-37 1.77792e-37 3.34242e-37 1.77792e-37 
152.757 3.37242e-37 1.79443e-37 3.37242e-37 1.79443e-37 3.37242e-37 1.79443e-37 
154.17 3.40271e-37 1.81109e-37 3.40271e-37 1.81109e-37 3.40271e-37 1.81109e-37 
155.597 3.43326e-37 1.82791e-37 3.43326e-37 1.82791e-37 3.43326e-37 1.82791e-37 
157.036 3.46408e-37 1.84489e-37 3.46408e-37 1.84489e-37 3.46408e-37 1.84489e-37 
158.489 3.49518e-37 1.86202e-37 3.49518e-37 1.86202e-37 3.49518e-37 1.86202e-37 
159.956 3.52657e-37 1.87931e-37 3.52657e-37 1.87931e-37 3.52657e-37 1.87931e-37 
161.436 3.55822e-37 1.89676e-37 3.55822e-37 1.89676e-37 3.55822e-37 1.89676e-37 
162.93 3.59017e-37 1.91437e-37 3.59017e-37 1.91437e-37 3.59017e-37 1.91437e-37 
164.437 3.6224e-37 1.93215e-37 3.6224e-37 1.93215e-37 3.6224e-37 1.93215e-37 
165.959 3.65492e-37 1.95009e-37 3.65492e-37 1.95009e-37 3.65492e-37 1.95009e-37 
167.494 3.68774e-37 1.9682e-37 3.68774e-37 1.9682e-37 3.68774e-37 1.9682e-37 
169.044 3.72085e-37 1.98648e-37 3.72085e-37 1.98648e-37 3.72085e-37 1.98648e-37 
170.608 3.75425e-37 2.00493e-37 3.75425e-37 2.00493e-37 3.75425e-37 2.00493e-37 
172.187 3.78796e-37 2.02355e-37 3.78796e-37 2.02355e-37 3.78796e-37 2.02355e-37 
173.78 3.82196e-37 2.04234e-37 3.82196e-37 2.04234e-37 3.82196e-37 2.04234e-37 
175.388 3.85628e-37 2.06131e-37 3.85628e-37 2.06131e-37 3.85628e-37 2.06131e-37 
177.011 3.8909e-37 2.08045e-37 3.8909e-37 2.08045e-37 3.8909e-37 2.08045e-37 
178.649 3.92583e-37 2.09977e-37 3.92583e-37 2.09977e-37 3.92583e-37 2.09977e-37 
180.302 3.96107e-37 2.11927e-37 3.96107e-37 2.11927e-37 3.96107e-37 2.11927e-37 
181.97 3.99663e-37 2.13895e-37 3.99663e-37 2.13895e-37 3.99663e-37 2.13895e-37 
183.654 4.03251e-37 2.15881e-37 4.03251e-37 2.15881e-37 4.03251e-37 2.15881e-37 
185.353 4.06871e-37 2.17887e-37 4.06871e-37 2.17887e-37 4.06871e-37 2.17887e-37 
187.068 4.10524e-37 2.1991e-37 4.10524e-37 2.1991e-37 4.10524e-37 2.1991e-37 
188.799 4.14209e-37 2.21953e-37 4.14209e-37 2.21953e-37 4.14209e-37 2.21953e-37 
190.546 4.17927e-37 2.24014e-37 4.17927e-37 2.24014e-37 4.17927e-37 2.24014e-37 
192.309 4.21679e-37 2.26094e-37 4.21679e-37 2.26094e-37 4.21679e-37 2.26094e-37 
194.089 4.25464e-37 2.28194e-37 4.25464e-37 2.28194e-37 4.25464e-37 2.28194e-37 
195.884 4.29283e-37 2.30313e-37 4.29283e-37 2.30313e-37 4.29283e-37 2.30313e-37 
197.697 4.33136e-37 2.32452e-37 4.33136e-37 2.32452e-37 4.33136e-37 2.32452e-37 
199.526 4.37024e-37 2.34611e-37 4.37024e-37 2.34611e-37 4.37024e-37 2.34611e-37 
201.372 4.40947e-37 2.3679e-37 4.40947e-37 2.3679e-37 4.40947e-37 2.3679e-37 
203.236 4.44904e-37 2.38989e-37 4.44904e-37 2.38989e-37 4.44904e-37 2.38989e-37 
205.116 4.48898e-37 2.41208e-37 4.48898e-37 2.41208e-37 4.48898e-37 2.41208e-37 
207.014 4.52927e-37 2.43448e-37 4.52927e-37 2.43448e-37 4.52927e-37 2.43448e-37 
208.93 4.56992e-37 2.45709e-37 4.56992e-37 2.45709e-37 4.56992e-37 2.45709e-37 
210.863 4.61093e-37 2.47991e-37 4.61093e-37 2.47991e-37 4.61093e-37 2.47991e-37 
212.814 4.65231e-37 2.50294e-37 4.65231e-37 2.50294e-37 4.65231e-37 2.50294e-37 
214.783 4.69406e-37 2.52618e-37 4.69406e-37 2.52618e-37 4.69406e-37 2.52618e-37 
216.77 4.73619e-37 2.54964e-37 4.73619e-37 2.54964e-37 4.73619e-37 2.54964e-37 
218.776 4.77869e-37 2.57332e-37 4.77869e-37 2.57332e-37 4.77869e-37 2.57332e-37 
220.8 4.82157e-37 2.59722e-37 4.82157e-37 2.59722e-37 4.82157e-37 2.59722e-37 
222.844 4.86484e-37 2.62133e-37 4.86484e-37 2.62133e-37 4.86484e-37 2.62133e-37 
224.905 4.9085e-37 2.64568e-37 4.9085e-37 2.64568e-37 4.9085e-37 2.64568e-37 
226.986 4.95254e-37 2.67025e-37 4.95254e-37 2.67025e-37 4.95254e-37 2.67025e-37 
229.087 4.99698e-37 2.69505e-37 4.99698e-37 2.69505e-37 4.99698e-37 2.69505e-37 
231.206 5.04179e-37 2.72007e-37 5.04179e-37 2.72007e-37 5.04179e-37 2.72007e-37 
233.346 5.08704e-37 2.74533e-37 5.08704e-37 2.74533e-37 5.08704e-37 2.74533e-37 
235.505 5.13268e-37 2.77082e-37 5.13268e-37 2.77082e-37 5.13268e-37 2.77082e-37 
237.684 5.17872e-37 2.79655e-37 5.17872e-37 2.79655e-37 5.17872e-37 2.79655e-37 
239.883 5.22518e-37 2.82251e-37 5.22518e-37 2.82251e-37 5.22518e-37 2.82251e-37 
242.103 5.27205e-37 2.84871e-37 5.27205e-37 2.84871e-37 5.27205e-37 2.84871e-37 
244.343 5.31935e-37 2.87517e-37 5.31935e-37 2.87517e-37 5.31935e-37 2.87517e-37 
246.604 5.36707e-37 2.90188e-37 5.36707e-37 2.90188e-37 5.36707e-37 2.90188e-37 
248.886 5.41521e-37 2.92882e-37 5.41521e-37 2.92882e-37 5.41521e-37 2.92882e-37 
251.189 5.46398e-37 2.95601e-37 5.46398e-37 2.95601e-37 5.46398e-37 2.95601e-37 
253.513 5.51278e-37 2.98346e-37 5.51278e-37 2.98346e-37 5.51278e-37 2.98346e-37 
255.859 5.56223e-37 3.01116e-37 5.56223e-37 3.01116e-37 5.56223e-37 3.01116e-37 
258.226 5.61211e-37 3.03912e-37 5.61211e-37 3.03912e-37 5.61211e-37 3.03912e-37 
260.615 5.66244e-37 3.06733e-37 5.66244e-37 3.06733e-37 5.66244e-37 3.06733e-37 
263.027 5.71321e-37 3.09581e-37 5.71321e-37 3.09581e-37 5.71321e-37 3.09581e-37 
265.461 5.76444e-37 3.12455e-37 5.76444e-37 3.12455e-37 5.76444e-37 3.12455e-37 
267.917 5.81613e-37 3.15356e-37 5.81613e-37 3.15356e-37 5.81613e-37 3.15356e-37 
270.396 5.86828e-37 3.18283e-37 5.86828e-37 3.18283e-37 5.86828e-37 3.18283e-37 
272.898 5.92089e-37 3.21238e-37 5.92089e-37 3.21238e-37 5.92089e-37 3.21238e-37 
275.423 5.97398e-37 3.2422e-37 5.97398e-37 3.2422e-37 5.97398e-37 3.2422e-37 
277.971 6.02753e-37 3.2723e-37 6.02753e-37 3.2723e-37 6.02753e-37 3.2723e-37 
280.543 6.08157e-37 3.30267e-37 6.08157e-37 3.30267e-37 6.08157e-37 3.30267e-37 
283.139 6.13608e-37 3.33333e-37 6.13608e-37 3.33333e-37 6.13608e-37 3.33333e-37 
285.759 6.19107e-37 3.36428e-37 6.19107e-37 3.36428e-37 6.19107e-37 3.36428e-37 
288.403 6.24657e-37 3.3955e-37 6.24657e-37 3.3955e-37 6.24657e-37 3.3955e-37 
291.072 6.30255e-37 3.42702e-37 6.30255e-37 3.42702e-37 6.30255e-37 3.42702e-37 
293.765 6.35904e-37 3.45883e-37 6.35904e-37 3.45883e-37 6.35904e-37 3.45883e-37 
296.483 6.41602e-37 3.49093e-37 6.41602e-37 3.49093e-37 6.41602e-37 3.49093e-37 
299.226 6.47351e-37 3.52333e-37 6.47351e-37 3.52333e-37 6.47351e-37 3.52333e-37 
301.995 6.53151e-37 3.55603e-37 6.53151e-37 3.55603e-37 6.53151e-37 3.55603e-37 
304.789 6.59004e-37 3.58903e-37 6.59004e-37 3.58903e-37 6.59004e-37 3.58903e-37 
307.61 6.64908e-37 3.62234e-37 6.64908e-37 3.62234e-37 6.64908e-37 3.62234e-37 
310.456 6.70864e-37 3.65595e-37 6.70864e-37 3.65595e-37 6.70864e-37 3.65595e-37 
313.329 6.76874e-37 3.68988e-37 6.76874e-37 3.68988e-37 6.76874e-37 3.68988e-37 
316.228 6.82936e-37 3.72412e-37 6.82936e-37 3.72412e-37 6.82936e-37 3.72412e-37 
319.154 6.89054e-37 3.75868e-37 6.89054e-37 3.75868e-37 6.89054e-37 3.75868e-37 
322.107 6.95224e-37 3.79355e-37 6.95224e-37 3.79355e-37 6.95224e-37 3.79355e-37 
325.087 7.01451e-37 3.82875e-37 7.01451e-37 3.82875e-37 7.01451e-37 3.82875e-37 
328.095 7.07733e-37 3.86427e-37 7.07733e-37 3.86427e-37 7.07733e-37 3.86427e-37 
331.131 7.14069e-37 3.90012e-37 7.14069e-37 3.90012e-37 7.14069e-37 3.90012e-37 
334.195 7.20463e-37 3.93631e-37 7.20463e-37 3.93631e-37 7.20463e-37 3.93631e-37 
337.287 7.26913e-37 3.97283e-37 7.26913e-37 3.97283e-37 7.26913e-37 3.97283e-37 
340.408 7.33427e-37 4.00968e-37 7.33427e-37 4.00968e-37 7.33427e-37 4.00968e-37 
343.558 7.39987e-37 4.04688e-37 7.39987e-37 4.04688e-37 7.39987e-37 4.04688e-37 
346.737 7.46615e-37 4.08442e-37 7.46615e-37 4.08442e-37 7.46615e-37 4.08442e-37 
349.945 7.53298e-37 4.1223e-37 7.53298e-37 4.1223e-37 7.53298e-37 4.1223e-37 
353.183 7.60034e-37 4.16054e-37 7.60034e-37 4.16054e-37 7.60034e-37 4.16054e-37 
356.451 7.66836e-37 4.19913e-37 7.66836e-37 4.19913e-37 7.66836e-37 4.19913e-37 
359.749 7.73697e-37 4.23807e-37 7.73697e-37 4.23807e-37 7.73697e-37 4.23807e-37 
363.078 7.80621e-37 4.27737e-37 7.80621e-37 4.27737e-37 7.80621e-37 4.27737e-37 
366.438 7.87605e-37 4.31704e-37 7.87605e-37 4.31704e-37 7.87605e-37 4.31704e-37 
369.828 7.94651e-37 4.35708e-37 7.94651e-37 4.35708e-37 7.94651e-37 4.35708e-37 
373.25 8.01759e-37 4.39748e-37 8.01759e-37 4.39748e-37 8.01759e-37 4.39748e-37 
376.704 8.0893e-37 4.43826e-37 8.0893e-37 4.43826e-37 8.0893e-37 4.43826e-37 
380.189 8.16163e-37 4.47941e-37 8.16163e-37 4.47941e-37 8.16163e-37 4.47941e-37 
383.707 8.23461e-37 4.52094e-37 8.23461e-37 4.52094e-37 8.23461e-37 4.52094e-37 
387.258 8.30825e-37 4.56285e-37 8.30825e-37 4.56285e-37 8.30825e-37 4.56285e-37 
390.841 8.38254e-37 4.60515e-37 8.38254e-37 4.60515e-37 8.38254e-37 4.60515e-37 
394.457 8.45748e-37 4.64784e-37 8.45748e-37 4.64784e-37 8.45748e-37 4.64784e-37 
398.107 8.53309e-37 4.69093e-37 8.53309e-37 4.69093e-37 8.53309e-37 4.69093e-37 
401.791 8.60936e-37 4.73441e-37 8.60936e-37 4.73441e-37 8.60936e-37 4.73441e-37 
405.509 8.6863e-37 4.77829e-37 8.6863e-37 4.77829e-37 8.6863e-37 4.77829e-37 
409.261 8.76392e-37 4.82258e-37 8.76392e-37 4.82258e-37 8.76392e-37 4.82258e-37 
413.048 8.84224e-37 4.86727e-37 8.84224e-37 4.86727e-37 8.84224e-37 4.86727e-37 
416.869 8.92125e-37 4.91238e-37 8.92125e-37 4.91238e-37 8.92125e-37 4.91238e-37 
420.727 9.00094e-37 4.9579e-37 9.00094e-37 4.9579e-37 9.00094e-37 4.9579e-37 
424.62 9.08135e-37 5.00384e-37 9.08135e-37 5.00384e-37 9.08135e-37 5.00384e-37 
428.549 9.16247e-37 5.05021e-37 9.16247e-37 5.05021e-37 9.16247e-37 5.05021e-37 
432.514 9.2443e-37 5.097e-37 9.2443e-37 5.097e-37 9.2443e-37 5.097e-37 
436.516 9.32685e-37 5.14422e-37 9.32685e-37 5.14422e-37 9.32685e-37 5.14422e-37 
440.555 9.41013e-37 5.19188e-37 9.41013e-37 5.19188e-37 9.41013e-37 5.19188e-37 
444.631 9.49414e-37 5.23998e-37 9.49414e-37 5.23998e-37 9.49414e-37 5.23998e-37 
448.745 9.5789e-37 5.28851e-37 9.5789e-37 5.28851e-37 9.5789e-37 5.28851e-37 
452.898 9.6644e-37 5.3375e-37 9.6644e-37 5.3375e-37 9.6644e-37 5.3375e-37 
457.088 9.75066e-37 5.38693e-37 9.75066e-37 5.38693e-37 9.75066e-37 5.38693e-37 
461.318 9.83767e-37 5.43682e-37 9.83767e-37 5.43682e-37 9.83767e-37 5.43682e-37 
465.586 9.92546e-37 5.48717e-37 9.92546e-37 5.48717e-37 9.92546e-37 5.48717e-37 
469.894 1.0014e-36 5.53798e-37 1.0014e-36 5.53798e-37 1.0014e-36 5.53798e-37 
474.242 1.01033e-36 5.58926e-37 1.01033e-36 5.58926e-37 1.01033e-36 5.58926e-37 
478.63 1.01934e-36 5.64101e-37 1.01934e-36 5.64101e-37 1.01934e-36 5.64101e-37 
483.059 1.02844e-36 5.69323e-37 1.02844e-36 5.69323e-37 1.02844e-36 5.69323e-37 
487.528 1.03761e-36 5.74594e-37 1.03761e-36 5.74594e-37 1.03761e-36 5.74594e-37 
492.04 1.04686e-36 5.79913e-37 1.04686e-36 5.79913e-37 1.04686e-36 5.79913e-37 
496.592 1.05619e-36 5.8528e-37 1.05619e-36 5.8528e-37 1.05619e-36 5.8528e-37 
501.187 1.06561e-36 5.90698e-37 1.06561e-36 5.90698e-37 1.06561e-36 5.90698e-37 
505.825 1.07511e-36 5.96164e-37 1.07511e-36 5.96164e-37 1.07511e-36 5.96164e-37 
510.505 1.08468e-36 6.01681e-37 1.08468e-36 6.01681e-37 1.08468e-36 6.01681e-37 
515.229 1.09435e-36 6.07249e-37 1.09435e-36 6.07249e-37 1.09435e-36 6.07249e-37 
519.996 1.1041e-36 6.12868e-37 1.1041e-36 6.12868e-37 1.1041e-36 6.12868e-37 
524.807 1.11393e-36 6.18538e-37 1.11393e-36 6.18538e-37 1.11393e-36 6.18538e-37 
529.663 1.12385e-36 6.2426e-37 1.12385e-36 6.2426e-37 1.12385e-36 6.2426e-37 
534.564 1.13386e-36 6.30034e-37 1.13386e-36 6.30034e-37 1.13386e-36 6.30034e-37 
539.511 1.14396e-36 6.35862e-37 1.14396e-36 6.35862e-37 1.14396e-36 6.35862e-37 
544.503 1.15414e-36 6.41743e-37 1.15414e-36 6.41743e-37 1.15414e-36 6.41743e-37 
549.541 1.16442e-36 6.47678e-37 1.16442e-36 6.47678e-37 1.16442e-36 6.47678e-37 
554.626 1.17478e-36 6.53667e-37 1.17478e-36 6.53667e-37 1.17478e-36 6.53667e-37 
559.758 1.18523e-36 6.59715e-37 1.18523e-36 6.59715e-37 1.18523e-36 6.59715e-37 
564.937 1.19578e-36 6.65811e-37 1.19578e-36 6.65811e-37 1.19578e-36 6.65811e-37 
570.164 1.20642e-36 6.71968e-37 1.20642e-36 6.71968e-37 1.20642e-36 6.71968e-37 
575.44 1.21715e-36 6.78179e-37 1.21715e-36 6.78179e-37 1.21715e-36 6.78179e-37 
580.764 1.22797e-36 6.84446e-37 1.22797e-36 6.84446e-37 1.22797e-36 6.84446e-37 
586.138 1.23889e-36 6.90773e-37 1.23889e-36 6.90773e-37 1.23889e-36 6.90773e-37 
591.562 1.2499e-36 6.97157e-37 1.2499e-36 6.97157e-37 1.2499e-36 6.97157e-37 
597.035 1.26101e-36 7.03599e-37 1.26101e-36 7.03599e-37 1.26101e-36 7.03599e-37 
602.56 1.27222e-36 7.101e-37 1.27222e-36 7.101e-37 1.27222e-36 7.101e-37 
608.135 1.28352e-36 7.16661e-37 1.28352e-36 7.16661e-37 1.28352e-36 7.16661e-37 
613.762 1.29493e-36 7.23282e-37 1.29493e-36 7.23282e-37 1.29493e-36 7.23282e-37 
619.441 1.30643e-36 7.29963e-37 1.30643e-36 7.29963e-37 1.30643e-36 7.29963e-37 
625.173 1.31803e-36 7.36705e-37 1.31803e-36 7.36705e-37 1.31803e-36 7.36705e-37 
630.957 1.32974e-36 7.43509e-37 1.32974e-36 7.43509e-37 1.32974e-36 7.43509e-37 
636.796 1.34154e-36 7.50375e-37 1.34154e-36 7.50375e-37 1.34154e-36 7.50375e-37 
642.688 1.35345e-36 7.57303e-37 1.35345e-36 7.57303e-37 1.35345e-36 7.57303e-37 
648.634 1.36546e-36 7.64296e-37 1.36546e-36 7.64296e-37 1.36546e-36 7.64296e-37 
654.636 1.37758e-36 7.71351e-37 1.37758e-36 7.71351e-37 1.37758e-36 7.71351e-37 
660.693 1.3898e-36 7.78471e-37 1.3898e-36 7.78471e-37 1.3898e-36 7.78471e-37 
666.807 1.40213e-36 7.85657e-37 1.40213e-36 7.85657e-37 1.40213e-36 7.85657e-37 
672.977 1.41457e-36 7.92908e-37 1.41457e-36 7.92908e-37 1.41457e-36 7.92908e-37 
679.204 1.42711e-36 8.00225e-37 1.42711e-36 8.00225e-37 1.42711e-36 8.00225e-37 
685.488 1.43976e-36 8.07607e-37 1.43976e-36 8.07607e-37 1.43976e-36 8.07607e-37 
691.831 1.45252e-36 8.15058e-37 1.45252e-36 8.15058e-37 1.45252e-36 8.15058e-37 
698.232 1.46539e-36 8.22577e-37 1.46539e-36 8.22577e-37 1.46539e-36 8.22577e-37 
704.693 1.47838e-36 8.30165e-37 1.47838e-36 8.30165e-37 1.47838e-36 8.30165e-37 
711.214 1.49147e-36 8.37821e-37 1.49147e-36 8.37821e-37 1.49147e-36 8.37821e-37 
717.794 1.50468e-36 8.45546e-37 1.50468e-36 8.45546e-37 1.50468e-36 8.45546e-37 
724.436 1.518e-36 8.53343e-37 1.518e-36 8.53343e-37 1.518e-36 8.53343e-37 
731.139 1.53144e-36 8.6121e-37 1.53144e-36 8.6121e-37 1.53144e-36 8.6121e-37 
737.904 1.545e-36 8.69149e-37 1.545e-36 8.69149e-37 1.545e-36 8.69149e-37 
744.732 1.55867e-36 8.7716e-37 1.55867e-36 8.7716e-37 1.55867e-36 8.7716e-37 
751.623 1.57246e-36 8.85246e-37 1.57246e-36 8.85246e-37 1.57246e-36 8.85246e-37 
758.578 1.58637e-36 8.93403e-37 1.58637e-36 8.93403e-37 1.58637e-36 8.93403e-37 
765.597 1.6004e-36 9.01634e-37 1.6004e-36 9.01634e-37 1.6004e-36 9.01634e-37 
772.681 1.61455e-36 9.09941e-37 1.61455e-36 9.09941e-37 1.61455e-36 9.09941e-37 
779.83 1.62882e-36 9.18321e-37 1.62882e-36 9.18321e-37 1.62882e-36 9.18321e-37 
787.046 1.64321e-36 9.26779e-37 1.64321e-36 9.26779e-37 1.64321e-36 9.26779e-37 
794.328 1.65773e-36 9.35314e-37 1.65773e-36 9.35314e-37 1.65773e-36 9.35314e-37 
801.678 1.67238e-36 9.43927e-37 1.67238e-36 9.43927e-37 1.67238e-36 9.43927e-37 
809.096 1.68715e-36 9.52617e-37 1.68715e-36 9.52617e-37 1.68715e-36 9.52617e-37 
816.582 1.70205e-36 9.61386e-37 1.70205e-36 9.61386e-37 1.70205e-36 9.61386e-37 
824.138 1.71707e-36 9.70238e-37 1.71707e-36 9.70238e-37 1.71707e-36 9.70238e-37 
831.764 1.73222e-36 9.79165e-37 1.73222e-36 9.79165e-37 1.73222e-36 9.79165e-37 
839.46 1.74751e-36 9.88174e-37 1.74751e-36 9.88174e-37 1.74751e-36 9.88174e-37 
847.227 1.76292e-36 9.97265e-37 1.76292e-36 9.97265e-37 1.76292e-36 9.97265e-37 
855.067 1.77847e-36 1.00644e-36 1.77847e-36 1.00644e-36 1.77847e-36 1.00644e-36 
862.979 1.79415e-36 1.0157e-36 1.79415e-36 1.0157e-36 1.79415e-36 1.0157e-36 
870.964 1.80997e-36 1.02504e-36 1.80997e-36 1.02504e-36 1.80997e-36 1.02504e-36 
879.023 1.82592e-36 1.03446e-36 1.82592e-36 1.03446e-36 1.82592e-36 1.03446e-36 
887.156 1.842e-36 1.04397e-36 1.842e-36 1.04397e-36 1.842e-36 1.04397e-36 
895.365 1.85823e-36 1.05357e-36 1.85823e-36 1.05357e-36 1.85823e-36 1.05357e-36 
903.649 1.87459e-36 1.06325e-36 1.87459e-36 1.06325e-36 1.87459e-36 1.06325e-36 
912.011 1.89109e-36 1.07303e-36 1.89109e-36 1.07303e-36 1.89109e-36 1.07303e-36 
920.45 1.90774e-36 1.08288e-36 1.90774e-36 1.08288e-36 1.90774e-36 1.08288e-36 
928.966 1.92452e-36 1.09283e-36 1.92452e-36 1.09283e-36 1.92452e-36 1.09283e-36 
937.562 1.94145e-36 1.10287e-36 1.94145e-36 1.10287e-36 1.94145e-36 1.10287e-36 
946.237 1.95853e-36 1.113e-36 1.95853e-36 1.113e-36 1.95853e-36 1.113e-36 
954.993 1.97575e-36 1.12322e-36 1.97575e-36 1.12322e-36 1.97575e-36 1.12322e-36 
963.829 1.99311e-36 1.13353e-36 1.99311e-36 1.13353e-36 1.99311e-36 1.13353e-36 
972.747 2.01063e-36 1.14394e-36 2.01063e-36 1.14394e-36 2.01063e-36 1.14394e-36 
981.748 2.02829e-36 1.15444e-36 2.02829e-36 1.15444e-36 2.02829e-36 1.15444e-36 
990.832 2.0461e-36 1.16503e-36 2.0461e-36 1.16503e-36 2.0461e-36 1.16503e-36 
1000 2.06407e-36 1.17572e-36 2.06407e-36 1.17572e-36 2.06407e-36 1.17572e-36 
1009.25 2.08218e-36 1.18651e-36 2.08218e-36 1.18651e-36 2.08218e-36 1.18651e-36 
1018.59 2.10045e-36 1.19739e-36 2.10045e-36 1.19739e-36 2.10045e-36 1.19739e-36 
1028.02 2.11888e-36 1.20837e-36 2.11888e-36 1.20837e-36 2.11888e-36 1.20837e-36 
1037.53 2.13746e-36 1.21945e-36 2.13746e-36 1.21945e-36 2.13746e-36 1.21945e-36 
1047.13 2.1562e-36 1.23063e-36 2.1562e-36 1.23063e-36 2.1562e-36 1.23063e-36 
1056.82 2.1751e-36 1.24191e-36 2.1751e-36 1.24191e-36 2.1751e-36 1.24191e-36 
1066.6 2.19416e-36 1.25329e-36 2.19416e-36 1.25329e-36 2.19416e-36 1.25329e-36 
1076.47 2.21338e-36 1.26477e-36 2.21338e-36 1.26477e-36 2.21338e-36 1.26477e-36 
1086.43 2.23276e-36 1.27636e-36 2.23276e-36 1.27636e-36 2.23276e-36 1.27636e-36 
1096.48 2.2523e-36 1.28805e-36 2.2523e-36 1.28805e-36 2.2523e-36 1.28805e-36 
1106.62 2.27201e-36 1.29985e-36 2.27201e-36 1.29985e-36 2.27201e-36 1.29985e-36 
1116.86 2.29189e-36 1.31175e-36 2.29189e-36 1.31175e-36 2.29189e-36 1.31175e-36 
1127.2 2.31193e-36 1.32376e-36 2.31193e-36 1.32376e-36 2.31193e-36 1.32376e-36 
1137.63 2.33215e-36 1.33587e-36 2.33215e-36 1.33587e-36 2.33215e-36 1.33587e-36 
1148.15 2.35253e-36 1.3481e-36 2.35253e-36 1.3481e-36 2.35253e-36 1.3481e-36 
1158.78 2.37309e-36 1.36043e-36 2.37309e-36 1.36043e-36 2.37309e-36 1.36043e-36 
1169.5 2.39382e-36 1.37287e-36 2.39382e-36 1.37287e-36 2.39382e-36 1.37287e-36 
1180.32 2.41472e-36 1.38543e-36 2.41472e-36 1.38543e-36 2.41472e-36 1.38543e-36 
1191.24 2.43581e-36 1.3981e-36 2.43581e-36 1.3981e-36 2.43581e-36 1.3981e-36 
1202.26 2.45705e-36 1.41088e-36 2.45705e-36 1.41088e-36 2.45705e-36 1.41088e-36 
1213.39 2.47848e-36 1.42377e-36 2.47848e-36 1.42377e-36 2.47848e-36 1.42377e-36 
1224.62 2.5001e-36 1.43679e-36 2.5001e-36 1.43679e-36 2.5001e-36 1.43679e-36 
1235.95 2.52189e-36 1.44991e-36 2.52189e-36 1.44991e-36 2.52189e-36 1.44991e-36 
1247.38 2.54387e-36 1.46316e-36 2.54387e-36 1.46316e-36 2.54387e-36 1.46316e-36 
1258.93 2.56603e-36 1.47652e-36 2.56603e-36 1.47652e-36 2.56603e-36 1.47652e-36 
1270.57 2.58837e-36 1.49e-36 2.58837e-36 1.49e-36 2.58837e-36 1.49e-36 
1282.33 2.6109e-36 1.5036e-36 2.6109e-36 1.5036e-36 2.6109e-36 1.5036e-36 
1294.2 2.63362e-36 1.51733e-36 2.63362e-36 1.51733e-36 2.63362e-36 1.51733e-36 
1306.17 2.65653e-36 1.53118e-36 2.65653e-36 1.53118e-36 2.65653e-36 1.53118e-36 
1318.26 2.67963e-36 1.54514e-36 2.67963e-36 1.54514e-36 2.67963e-36 1.54514e-36 
1330.45 2.70292e-36 1.55924e-36 2.70292e-36 1.55924e-36 2.70292e-36 1.55924e-36 
1342.76 2.7264e-36 1.57346e-36 2.7264e-36 1.57346e-36 2.7264e-36 1.57346e-36 
1355.19 2.75008e-36 1.5878e-36 2.75008e-36 1.5878e-36 2.75008e-36 1.5878e-36 
1367.73 2.77396e-36 1.60228e-36 2.77396e-36 1.60228e-36 2.77396e-36 1.60228e-36 
1380.38 2.79804e-36 1.61688e-36 2.79804e-36 1.61688e-36 2.79804e-36 1.61688e-36 
1393.16 2.82231e-36 1.63161e-36 2.82231e-36 1.63161e-36 2.82231e-36 1.63161e-36 
1406.05 2.84679e-36 1.64647e-36 2.84679e-36 1.64647e-36 2.84679e-36 1.64647e-36 
1419.06 2.87147e-36 1.66147e-36 2.87147e-36 1.66147e-36 2.87147e-36 1.66147e-36 
1432.19 2.89636e-36 1.6766e-36 2.89636e-36 1.6766e-36 2.89636e-36 1.6766e-36 
1445.44 2.92145e-36 1.69185e-36 2.92145e-36 1.69185e-36 2.92145e-36 1.69185e-36 
1458.81 2.94674e-36 1.70725e-36 2.94674e-36 1.70725e-36 2.94674e-36 1.70725e-36 
1472.31 2.97225e-36 1.72279e-36 2.97225e-36 1.72279e-36 2.97225e-36 1.72279e-36 
1485.94 2.99797e-36 1.73846e-36 2.99797e-36 1.73846e-36 2.99797e-36 1.73846e-36 
1499.68 3.0239e-36 1.75427e-36 3.0239e-36 1.75427e-36 3.0239e-36 1.75427e-36 
1513.56 3.05004e-36 1.77022e-36 3.05004e-36 1.77022e-36 3.05004e-36 1.77022e-36 
1527.57 3.0764e-36 1.78631e-36 3.0764e-36 1.78631e-36 3.0764e-36 1.78631e-36 
1541.7 3.10295e-36 1.80254e-36 3.10295e-36 1.80254e-36 3.10295e-36 1.80254e-36 
1555.97 3.12976e-36 1.81892e-36 3.12976e-36 1.81892e-36 3.12976e-36 1.81892e-36 
1570.36 3.15677e-36 1.83544e-36 3.15677e-36 1.83544e-36 3.15677e-36 1.83544e-36 
1584.89 3.18401e-36 1.8521e-36 3.18401e-36 1.8521e-36 3.18401e-36 1.8521e-36 
1599.56 3.21146e-36 1.86892e-36 3.21146e-36 1.86892e-36 3.21146e-36 1.86892e-36 
1614.36 3.23914e-36 1.88588e-36 3.23914e-36 1.88588e-36 3.23914e-36 1.88588e-36 
1629.3 3.26705e-36 1.90299e-36 3.26705e-36 1.90299e-36 3.26705e-36 1.90299e-36 
1644.37 3.29519e-36 1.92025e-36 3.29519e-36 1.92025e-36 3.29519e-36 1.92025e-36 
1659.59 3.32355e-36 1.93767e-36 3.32355e-36 1.93767e-36 3.32355e-36 1.93767e-36 
1674.94 3.35215e-36 1.95524e-36 3.35215e-36 1.95524e-36 3.35215e-36 1.95524e-36 
1690.44 3.38098e-36 1.97296e-36 3.38098e-36 1.97296e-36 3.38098e-36 1.97296e-36 
1706.08 3.41005e-36 1.99084e-36 3.41005e-36 1.99084e-36 3.41005e-36 1.99084e-36 
1721.87 3.43935e-36 2.00887e-36 3.43935e-36 2.00887e-36 3.43935e-36 2.00887e-36 
1737.8 3.4689e-36 2.02706e-36 3.4689e-36 2.02706e-36 3.4689e-36 2.02706e-36 
1753.88 3.49868e-36 2.04542e-36 3.49868e-36 2.04542e-36 3.49868e-36 2.04542e-36 
1770.11 3.5287e-36 2.06393e-36 3.5287e-36 2.06393e-36 3.5287e-36 2.06393e-36 
1786.49 3.55896e-36 2.08261e-36 3.55896e-36 2.08261e-36 3.55896e-36 2.08261e-36 
1803.02 3.58947e-36 2.10145e-36 3.58947e-36 2.10145e-36 3.58947e-36 2.10145e-36 
1819.7 3.62023e-36 2.12046e-36 3.62023e-36 2.12046e-36 3.62023e-36 2.12046e-36 
1836.54 3.65124e-36 2.13963e-36 3.65124e-36 2.13963e-36 3.65124e-36 2.13963e-36 
1853.53 3.6825e-36 2.15897e-36 3.6825e-36 2.15897e-36 3.6825e-36 2.15897e-36 
1870.68 3.71401e-36 2.17848e-36 3.71401e-36 2.17848e-36 3.71401e-36 2.17848e-36 
1887.99 3.74576e-36 2.19816e-36 3.74576e-36 2.19816e-36 3.74576e-36 2.19816e-36 
1905.46 3.77779e-36 2.21801e-36 3.77779e-36 2.21801e-36 3.77779e-36 2.21801e-36 
1923.09 3.81007e-36 2.23803e-36 3.81007e-36 2.23803e-36 3.81007e-36 2.23803e-36 
1940.89 3.84261e-36 2.25823e-36 3.84261e-36 2.25823e-36 3.84261e-36 2.25823e-36 
1958.84 3.8754e-36 2.27861e-36 3.8754e-36 2.27861e-36 3.8754e-36 2.27861e-36 
1976.97 3.90847e-36 2.29916e-36 3.90847e-36 2.29916e-36 3.90847e-36 2.29916e-36 
1995.26 3.94179e-36 2.31989e-36 3.94179e-36 2.31989e-36 3.94179e-36 2.31989e-36 
2013.72 3.97539e-36 2.3408e-36 3.97539e-36 2.3408e-36 3.97539e-36 2.3408e-36 
2032.36 4.00925e-36 2.3619e-36 4.00925e-36 2.3619e-36 4.00925e-36 2.3619e-36 
2051.16 4.04338e-36 2.38318e-36 4.04338e-36 2.38318e-36 4.04338e-36 2.38318e-36 
2070.14 4.07779e-36 2.40464e-36 4.07779e-36 2.40464e-36 4.07779e-36 2.40464e-36 
2089.3 4.11247e-36 2.42629e-36 4.11247e-36 2.42629e-36 4.11247e-36 2.42629e-36 
2108.63 4.14742e-36 2.44813e-36 4.14742e-36 2.44813e-36 4.14742e-36 2.44813e-36 
2128.14 4.18269e-36 2.47015e-36 4.18269e-36 2.47015e-36 4.18269e-36 2.47015e-36 
2147.83 4.2182e-36 2.49237e-36 4.2182e-36 2.49237e-36 4.2182e-36 2.49237e-36 
2167.7 4.254e-36 2.51478e-36 4.254e-36 2.51478e-36 4.254e-36 2.51478e-36 
2187.76 4.29008e-36 2.53739e-36 4.29008e-36 2.53739e-36 4.29008e-36 2.53739e-36 
2208 4.32644e-36 2.56018e-36 4.32644e-36 2.56018e-36 4.32644e-36 2.56018e-36 
2228.44 4.3631e-36 2.58318e-36 4.3631e-36 2.58318e-36 4.3631e-36 2.58318e-36 
2249.05 4.40003e-36 2.60638e-36 4.40003e-36 2.60638e-36 4.40003e-36 2.60638e-36 
2269.86 4.43726e-36 2.62978e-36 4.43726e-36 2.62978e-36 4.43726e-36 2.62978e-36 
2290.87 4.47479e-36 2.65338e-36 4.47479e-36 2.65338e-36 4.47479e-36 2.65338e-36 
2312.06 4.51263e-36 2.67718e-36 4.51263e-36 2.67718e-36 4.51263e-36 2.67718e-36 
2333.46 4.55074e-36 2.70118e-36 4.55074e-36 2.70118e-36 4.55074e-36 2.70118e-36 
2355.05 4.58917e-36 2.7254e-36 4.58917e-36 2.7254e-36 4.58917e-36 2.7254e-36 
2376.84 4.62789e-36 2.74982e-36 4.62789e-36 2.74982e-36 4.62789e-36 2.74982e-36 
2398.83 4.66692e-36 2.77445e-36 4.66692e-36 2.77445e-36 4.66692e-36 2.77445e-36 
2421.03 4.70626e-36 2.79929e-36 4.70626e-36 2.79929e-36 4.70626e-36 2.79929e-36 
2443.43 4.74591e-36 2.82435e-36 4.74591e-36 2.82435e-36 4.74591e-36 2.82435e-36 
2466.04 4.78587e-36 2.84962e-36 4.78587e-36 2.84962e-36 4.78587e-36 2.84962e-36 
2488.86 4.82614e-36 2.87511e-36 4.82614e-36 2.87511e-36 4.82614e-36 2.87511e-36 
2511.89 4.86672e-36 2.90082e-36 4.86672e-36 2.90082e-36 4.86672e-36 2.90082e-36 
2535.13 4.90762e-36 2.92675e-36 4.90762e-36 2.92675e-36 4.90762e-36 2.92675e-36 
2558.59 4.94883e-36 2.9529e-36 4.94883e-36 2.9529e-36 4.94883e-36 2.9529e-36 
2582.26 4.99037e-36 2.97928e-36 4.99037e-36 2.97928e-36 4.99037e-36 2.97928e-36 
2606.15 5.03223e-36 3.00588e-36 5.03223e-36 3.00588e-36 5.03223e-36 3.00588e-36 
2630.27 5.07439e-36 3.0327e-36 5.07439e-36 3.0327e-36 5.07439e-36 3.0327e-36 
2654.61 5.11692e-36 3.05976e-36 5.11692e-36 3.05976e-36 5.11692e-36 3.05976e-36 
2679.17 5.15977e-36 3.08704e-36 5.15977e-36 3.08704e-36 5.15977e-36 3.08704e-36 
2703.96 5.20293e-36 3.11457e-36 5.20293e-36 3.11457e-36 5.20293e-36 3.11457e-36 
2728.98 5.24645e-36 3.14232e-36 5.24645e-36 3.14232e-36 5.24645e-36 3.14232e-36 
2754.23 5.29029e-36 3.17031e-36 5.29029e-36 3.17031e-36 5.29029e-36 3.17031e-36 
2779.71 5.33445e-36 3.19854e-36 5.33445e-36 3.19854e-36 5.33445e-36 3.19854e-36 
2805.43 5.37897e-36 3.22701e-36 5.37897e-36 3.22701e-36 5.37897e-36 3.22701e-36 
2831.39 5.42384e-36 3.25572e-36 5.42384e-36 3.25572e-36 5.42384e-36 3.25572e-36 
2857.59 5.46904e-36 3.28468e-36 5.46904e-36 3.28468e-36 5.46904e-36 3.28468e-36 
2884.03 5.51459e-36 3.31388e-36 5.51459e-36 3.31388e-36 5.51459e-36 3.31388e-36 
2910.72 5.56049e-36 3.34332e-36 5.56049e-36 3.34332e-36 5.56049e-36 3.34332e-36 
2937.65 5.60675e-36 3.37302e-36 5.60675e-36 3.37302e-36 5.60675e-36 3.37302e-36 
2964.83 5.65336e-36 3.40297e-36 5.65336e-36 3.40297e-36 5.65336e-36 3.40297e-36 
2992.26 5.70034e-36 3.43317e-36 5.70034e-36 3.43317e-36 5.70034e-36 3.43317e-36 
3019.95 5.74764e-36 3.46363e-36 5.74764e-36 3.46363e-36 5.74764e-36 3.46363e-36 
3047.89 5.79532e-36 3.49434e-36 5.79532e-36 3.49434e-36 5.79532e-36 3.49434e-36 
3076.1 5.84337e-36 3.52532e-36 5.84337e-36 3.52532e-36 5.84337e-36 3.52532e-36 
3104.56 5.89178e-36 3.55655e-36 5.89178e-36 3.55655e-36 5.89178e-36 3.55655e-36 
3133.29 5.94055e-36 3.58805e-36 5.94055e-36 3.58805e-36 5.94055e-36 3.58805e-36 
3162.28 5.98969e-36 3.61981e-36 5.98969e-36 3.61981e-36 5.98969e-36 3.61981e-36 
3191.54 6.03921e-36 3.65185e-36 6.03921e-36 3.65185e-36 6.03921e-36 3.65185e-36 
3221.07 6.0891e-36 3.68415e-36 6.0891e-36 3.68415e-36 6.0891e-36 3.68415e-36 
3250.87 6.13937e-36 3.71672e-36 6.13937e-36 3.71672e-36 6.13937e-36 3.71672e-36 
3280.95 6.19001e-36 3.74956e-36 6.19001e-36 3.74956e-36 6.19001e-36 3.74956e-36 
3311.31 6.24103e-36 3.78268e-36 6.24103e-36 3.78268e-36 6.24103e-36 3.78268e-36 
3341.95 6.29244e-36 3.81608e-36 6.29244e-36 3.81608e-36 6.29244e-36 3.81608e-36 
3372.87 6.34423e-36 3.84975e-36 6.34423e-36 3.84975e-36 6.34423e-36 3.84975e-36 
3404.08 6.39641e-36 3.88371e-36 6.39641e-36 3.88371e-36 6.39641e-36 3.88371e-36 
3435.58 6.44898e-36 3.91796e-36 6.44898e-36 3.91796e-36 6.44898e-36 3.91796e-36 
3467.37 6.50194e-36 3.95248e-36 6.50194e-36 3.95248e-36 6.50194e-36 3.95248e-36 
3499.45 6.55531e-36 3.9873e-36 6.55531e-36 3.9873e-36 6.55531e-36 3.9873e-36 
3531.83 6.60906e-36 4.02241e-36 6.60906e-36 4.02241e-36 6.60906e-36 4.02241e-36 
3564.51 6.6632e-36 4.05781e-36 6.6632e-36 4.05781e-36 6.6632e-36 4.05781e-36 
3597.49 6.71775e-36 4.0935e-36 6.71775e-36 4.0935e-36 6.71775e-36 4.0935e-36 
3630.78 6.77272e-36 4.12949e-36 6.77272e-36 4.12949e-36 6.77272e-36 4.12949e-36 
3664.38 6.82809e-36 4.16578e-36 6.82809e-36 4.16578e-36 6.82809e-36 4.16578e-36 
3698.28 6.88387e-36 4.20237e-36 6.88387e-36 4.20237e-36 6.88387e-36 4.20237e-36 
3732.5 6.94006e-36 4.23926e-36 6.94006e-36 4.23926e-36 6.94006e-36 4.23926e-36 
3767.04 6.99668e-36 4.27647e-36 6.99668e-36 4.27647e-36 6.99668e-36 4.27647e-36 
3801.89 7.05369e-36 4.31397e-36 7.05369e-36 4.31397e-36 7.05369e-36 4.31397e-36 
3837.07 7.11114e-36 4.35179e-36 7.11114e-36 4.35179e-36 7.11114e-36 4.35179e-36 
3872.58 7.169e-36 4.38992e-36 7.169e-36 4.38992e-36 7.169e-36 4.38992e-36 
3908.41 7.22729e-36 4.42837e-36 7.22729e-36 4.42837e-36 7.22729e-36 4.42837e-36 
3944.57 7.286e-36 4.46713e-36 7.286e-36 4.46713e-36 7.286e-36 4.46713e-36 
3981.07 7.34514e-36 4.50622e-36 7.34514e-36 4.50622e-36 7.34514e-36 4.50622e-36 
4017.91 7.40472e-36 4.54562e-36 7.40472e-36 4.54562e-36 7.40472e-36 4.54562e-36 
4055.09 7.46472e-36 4.58535e-36 7.46472e-36 4.58535e-36 7.46472e-36 4.58535e-36 
4092.61 7.52516e-36 4.62542e-36 7.52516e-36 4.62542e-36 7.52516e-36 4.62542e-36 
4130.48 7.58605e-36 4.66579e-36 7.58605e-36 4.66579e-36 7.58605e-36 4.66579e-36 
4168.69 7.64738e-36 4.7065e-36 7.64738e-36 4.7065e-36 7.64738e-36 4.7065e-36 
4207.27 7.70915e-36 4.74755e-36 7.70915e-36 4.74755e-36 7.70915e-36 4.74755e-36 
4246.2 7.77137e-36 4.78894e-36 7.77137e-36 4.78894e-36 7.77137e-36 4.78894e-36 
4285.49 7.83403e-36 4.83066e-36 7.83403e-36 4.83066e-36 7.83403e-36 4.83066e-36 
4325.14 7.89715e-36 4.87273e-36 7.89715e-36 4.87273e-36 7.89715e-36 4.87273e-36 
4365.16 7.96072e-36 4.91513e-36 7.96072e-36 4.91513e-36 7.96072e-36 4.91513e-36 
4405.55 8.02476e-36 4.95789e-36 8.02476e-36 4.95789e-36 8.02476e-36 4.95789e-36 
4446.31 8.08924e-36 5.00099e-36 8.08924e-36 5.00099e-36 8.08924e-36 5.00099e-36 
4487.45 8.15419e-36 5.04445e-36 8.15419e-36 5.04445e-36 8.15419e-36 5.04445e-36 
4528.98 8.21961e-36 5.08825e-36 8.21961e-36 5.08825e-36 8.21961e-36 5.08825e-36 
4570.88 8.28549e-36 5.13242e-36 8.28549e-36 5.13242e-36 8.28549e-36 5.13242e-36 
4613.18 8.35184e-36 5.17694e-36 8.35184e-36 5.17694e-36 8.35184e-36 5.17694e-36 
4655.86 8.41867e-36 5.22182e-36 8.41867e-36 5.22182e-36 8.41867e-36 5.22182e-36 
4698.94 8.48597e-36 5.26707e-36 8.48597e-36 5.26707e-36 8.48597e-36 5.26707e-36 
4742.42 8.55375e-36 5.31268e-36 8.55375e-36 5.31268e-36 8.55375e-36 5.31268e-36 
4786.3 8.62201e-36 5.35866e-36 8.62201e-36 5.35866e-36 8.62201e-36 5.35866e-36 
4830.59 8.69076e-36 5.40501e-36 8.69076e-36 5.40501e-36 8.69076e-36 5.40501e-36 
4875.28 8.75998e-36 5.45174e-36 8.75998e-36 5.45174e-36 8.75998e-36 5.45174e-36 
4920.4 8.8297e-36 5.49885e-36 8.8297e-36 5.49885e-36 8.8297e-36 5.49885e-36 
4965.92 8.89991e-36 5.54633e-36 8.89991e-36 5.54633e-36 8.89991e-36 5.54633e-36 
5011.87 8.9706e-36 5.5942e-36 8.9706e-36 5.5942e-36 8.9706e-36 5.5942e-36 
5058.25 9.04181e-36 5.64245e-36 9.04181e-36 5.64245e-36 9.04181e-36 5.64245e-36 
5105.05 9.1135e-36 5.69109e-36 9.1135e-36 5.69109e-36 9.1135e-36 5.69109e-36 
5152.29 9.18571e-36 5.7401e-36 9.18571e-36 5.7401e-36 9.18571e-36 5.7401e-36 
5199.96 9.25843e-36 5.78954e-36 9.25843e-36 5.78954e-36 9.25843e-36 5.78954e-36 
5248.07 9.33161e-36 5.83935e-36 9.33161e-36 5.83935e-36 9.33161e-36 5.83935e-36 
5296.63 9.40533e-36 5.88957e-36 9.40533e-36 5.88957e-36 9.40533e-36 5.88957e-36 
5345.64 9.47956e-36 5.94018e-36 9.47956e-36 5.94018e-36 9.47956e-36 5.94018e-36 
5395.11 9.55431e-36 5.9912e-36 9.55431e-36 5.9912e-36 9.55431e-36 5.9912e-36 
5445.03 9.62957e-36 6.04263e-36 9.62957e-36 6.04263e-36 9.62957e-36 6.04263e-36 
5495.41 9.70536e-36 6.09447e-36 9.70536e-36 6.09447e-36 9.70536e-36 6.09447e-36 
5546.26 9.78166e-36 6.14671e-36 9.78166e-36 6.14671e-36 9.78166e-36 6.14671e-36 
5597.58 9.8585e-36 6.19937e-36 9.8585e-36 6.19937e-36 9.8585e-36 6.19937e-36 
5649.37 9.93586e-36 6.25246e-36 9.93586e-36 6.25246e-36 9.93586e-36 6.25246e-36 
5701.64 1.00138e-35 6.30596e-36 1.00138e-35 6.30596e-36 1.00138e-35 6.30596e-36 
5754.4 1.00922e-35 6.35988e-36 1.00922e-35 6.35988e-36 1.00922e-35 6.35988e-36 
5807.64 1.01712e-35 6.41424e-36 1.01712e-35 6.41424e-36 1.01712e-35 6.41424e-36 
5861.38 1.02507e-35 6.46902e-36 1.02507e-35 6.46902e-36 1.02507e-35 6.46902e-36 
5915.62 1.03307e-35 6.52423e-36 1.03307e-35 6.52423e-36 1.03307e-35 6.52423e-36 
5970.35 1.04113e-35 6.57987e-36 1.04113e-35 6.57987e-36 1.04113e-35 6.57987e-36 
6025.6 1.04924e-35 6.63597e-36 1.04924e-35 6.63597e-36 1.04924e-35 6.63597e-36 
6081.35 1.05741e-35 6.6925e-36 1.05741e-35 6.6925e-36 1.05741e-35 6.6925e-36 
6137.62 1.06564e-35 6.74946e-36 1.06564e-35 6.74946e-36 1.06564e-35 6.74946e-36 
6194.41 1.07391e-35 6.80689e-36 1.07391e-35 6.80689e-36 1.07391e-35 6.80689e-36 
6251.73 1.08225e-35 6.86475e-36 1.08225e-35 6.86475e-36 1.08225e-35 6.86475e-36 
6309.57 1.09064e-35 6.92308e-36 1.09064e-35 6.92308e-36 1.09064e-35 6.92308e-36 
6367.96 1.09909e-35 6.98186e-36 1.09909e-35 6.98186e-36 1.09909e-35 6.98186e-36 
6426.88 1.1076e-35 7.04109e-36 1.1076e-35 7.04109e-36 1.1076e-35 7.04109e-36 
6486.34 1.11616e-35 7.10079e-36 1.11616e-35 7.10079e-36 1.11616e-35 7.10079e-36 
6546.36 1.12478e-35 7.16096e-36 1.12478e-35 7.16096e-36 1.12478e-35 7.16096e-36 
6606.93 1.13345e-35 7.22161e-36 1.13345e-35 7.22161e-36 1.13345e-35 7.22161e-36 
6668.07 1.14219e-35 7.2827e-36 1.14219e-35 7.2827e-36 1.14219e-35 7.2827e-36 
6729.77 1.15098e-35 7.34428e-36 1.15098e-35 7.34428e-36 1.15098e-35 7.34428e-36 
6792.04 1.15983e-35 7.40634e-36 1.15983e-35 7.40634e-36 1.15983e-35 7.40634e-36 
6854.88 1.16874e-35 7.46887e-36 1.16874e-35 7.46887e-36 1.16874e-35 7.46887e-36 
6918.31 1.17771e-35 7.53188e-36 1.17771e-35 7.53188e-36 1.17771e-35 7.53188e-36 
6982.32 1.18674e-35 7.5954e-36 1.18674e-35 7.5954e-36 1.18674e-35 7.5954e-36 
7046.93 1.19583e-35 7.6594e-36 1.19583e-35 7.6594e-36 1.19583e-35 7.6594e-36 
7112.14 1.20498e-35 7.7239e-36 1.20498e-35 7.7239e-36 1.20498e-35 7.7239e-36 
7177.94 1.21418e-35 7.78889e-36 1.21418e-35 7.78889e-36 1.21418e-35 7.78889e-36 
7244.36 1.22345e-35 7.85438e-36 1.22345e-35 7.85438e-36 1.22345e-35 7.85438e-36 
7311.39 1.23278e-35 7.92038e-36 1.23278e-35 7.92038e-36 1.23278e-35 7.92038e-36 
7379.04 1.24217e-35 7.98687e-36 1.24217e-35 7.98687e-36 1.24217e-35 7.98687e-36 
7447.32 1.25162e-35 8.05388e-36 1.25162e-35 8.05388e-36 1.25162e-35 8.05388e-36 
7516.23 1.26113e-35 8.1214e-36 1.26113e-35 8.1214e-36 1.26113e-35 8.1214e-36 
7585.78 1.2707e-35 8.18944e-36 1.2707e-35 8.18944e-36 1.2707e-35 8.18944e-36 
7655.97 1.28034e-35 8.25801e-36 1.28034e-35 8.25801e-36 1.28034e-35 8.25801e-36 
7726.81 1.29004e-35 8.32708e-36 1.29004e-35 8.32708e-36 1.29004e-35 8.32708e-36 
7798.3 1.2998e-35 8.39668e-36 1.2998e-35 8.39668e-36 1.2998e-35 8.39668e-36 
7870.46 1.30962e-35 8.46682e-36 1.30962e-35 8.46682e-36 1.30962e-35 8.46682e-36 
7943.28 1.31951e-35 8.53749e-36 1.31951e-35 8.53749e-36 1.31951e-35 8.53749e-36 
8016.78 1.32946e-35 8.60869e-36 1.32946e-35 8.60869e-36 1.32946e-35 8.60869e-36 
8090.96 1.33948e-35 8.68043e-36 1.33948e-35 8.68043e-36 1.33948e-35 8.68043e-36 
8165.82 1.34956e-35 8.75272e-36 1.34956e-35 8.75272e-36 1.34956e-35 8.75272e-36 
8241.38 1.3597e-35 8.82557e-36 1.3597e-35 8.82557e-36 1.3597e-35 8.82557e-36 
8317.64 1.36991e-35 8.89893e-36 1.36991e-35 8.89893e-36 1.36991e-35 8.89893e-36 
8394.6 1.38018e-35 8.97288e-36 1.38018e-35 8.97288e-36 1.38018e-35 8.97288e-36 
8472.27 1.39052e-35 9.04737e-36 1.39052e-35 9.04737e-36 1.39052e-35 9.04737e-36 
8550.67 1.40092e-35 9.12242e-36 1.40092e-35 9.12242e-36 1.40092e-35 9.12242e-36 
8629.79 1.41138e-35 9.19805e-36 1.41138e-35 9.19805e-36 1.41138e-35 9.19805e-36 
8709.64 1.42193e-35 9.27423e-36 1.42193e-35 9.27423e-36 1.42193e-35 9.27423e-36 
8790.23 1.43253e-35 9.35101e-36 1.43253e-35 9.35101e-36 1.43253e-35 9.35101e-36 
8871.56 1.4432e-35 9.42831e-36 1.4432e-35 9.42831e-36 1.4432e-35 9.42831e-36 
8953.65 1.45393e-35 9.50623e-36 1.45393e-35 9.50623e-36 1.45393e-35 9.50623e-36 
9036.49 1.46474e-35 9.58471e-36 1.46474e-35 9.58471e-36 1.46474e-35 9.58471e-36 
9120.11 1.47561e-35 9.66379e-36 1.47561e-35 9.66379e-36 1.47561e-35 9.66379e-36 
9204.5 1.48655e-35 9.74345e-36 1.48655e-35 9.74345e-36 1.48655e-35 9.74345e-36 
9289.66 1.49755e-35 9.8237e-36 1.49755e-35 9.8237e-36 1.49755e-35 9.8237e-36 
9375.62 1.50863e-35 9.90455e-36 1.50863e-35 9.90455e-36 1.50863e-35 9.90455e-36 
9462.37 1.51977e-35 9.98599e-36 1.51977e-35 9.98599e-36 1.51977e-35 9.98599e-36 
9549.93 1.53098e-35 1.00681e-35 1.53098e-35 1.00681e-35 1.53098e-35 1.00681e-35 
9638.29 1.54227e-35 1.01507e-35 1.54227e-35 1.01507e-35 1.54227e-35 1.01507e-35 
9727.47 1.55362e-35 1.0234e-35 1.55362e-35 1.0234e-35 1.55362e-35 1.0234e-35 
9817.48 1.56504e-35 1.03178e-35 1.56504e-35 1.03178e-35 1.56504e-35 1.03178e-35 
9908.32 1.57653e-35 1.04023e-35 1.57653e-35 1.04023e-35 1.57653e-35 1.04023e-35 
10000 1.5881e-35 1.04875e-35 1.5881e-35 1.04875e-35 1.5881e-35 1.04875e-35 
10092.5 1.59973e-35 1.05732e-35 1.59973e-35 1.05732e-35 1.59973e-35 1.05732e-35 
10185.9 1.61143e-35 1.06596e-35 1.61143e-35 1.06596e-35 1.61143e-35 1.06596e-35 
10280.2 1.62321e-35 1.07466e-35 1.62321e-35 1.07466e-35 1.62321e-35 1.07466e-35 
10375.3 1.63506e-35 1.08342e-35 1.63506e-35 1.08342e-35 1.63506e-35 1.08342e-35 
10471.3 1.64698e-35 1.09225e-35 1.64698e-35 1.09225e-35 1.64698e-35 1.09225e-35 
10568.2 1.65897e-35 1.10114e-35 1.65897e-35 1.10114e-35 1.65897e-35 1.10114e-35 
10666 1.67103e-35 1.1101e-35 1.67103e-35 1.1101e-35 1.67103e-35 1.1101e-35 
10764.7 1.68317e-35 1.11912e-35 1.68317e-35 1.11912e-35 1.68317e-35 1.11912e-35 
10864.3 1.69538e-35 1.12821e-35 1.69538e-35 1.12821e-35 1.69538e-35 1.12821e-35 
10964.8 1.70767e-35 1.13737e-35 1.70767e-35 1.13737e-35 1.70767e-35 1.13737e-35 
11066.2 1.72002e-35 1.14658e-35 1.72002e-35 1.14658e-35 1.72002e-35 1.14658e-35 
11168.6 1.73246e-35 1.15587e-35 1.73246e-35 1.15587e-35 1.73246e-35 1.15587e-35 
11272 1.74497e-35 1.16522e-35 1.74497e-35 1.16522e-35 1.74497e-35 1.16522e-35 
11376.3 1.75755e-35 1.17464e-35 1.75755e-35 1.17464e-35 1.75755e-35 1.17464e-35 
11481.5 1.7702e-35 1.18413e-35 1.7702e-35 1.18413e-35 1.7702e-35 1.18413e-35 
11587.8 1.78293e-35 1.19369e-35 1.78293e-35 1.19369e-35 1.78293e-35 1.19369e-35 
11695 1.79574e-35 1.20331e-35 1.79574e-35 1.20331e-35 1.79574e-35 1.20331e-35 
11803.2 1.80863e-35 1.21301e-35 1.80863e-35 1.21301e-35 1.80863e-35 1.21301e-35 
11912.4 1.82159e-35 1.22277e-35 1.82159e-35 1.22277e-35 1.82159e-35 1.22277e-35 
12022.6 1.83462e-35 1.23261e-35 1.83462e-35 1.23261e-35 1.83462e-35 1.23261e-35 
12133.9 1.84773e-35 1.24251e-35 1.84773e-35 1.24251e-35 1.84773e-35 1.24251e-35 
12246.2 1.86092e-35 1.25249e-35 1.86092e-35 1.25249e-35 1.86092e-35 1.25249e-35 
12359.5 1.87419e-35 1.26253e-35 1.87419e-35 1.26253e-35 1.87419e-35 1.26253e-35 
12473.8 1.88753e-35 1.27265e-35 1.88753e-35 1.27265e-35 1.88753e-35 1.27265e-35 
12589.3 1.90096e-35 1.28284e-35 1.90096e-35 1.28284e-35 1.90096e-35 1.28284e-35 
12705.7 1.91446e-35 1.29309e-35 1.91446e-35 1.29309e-35 1.91446e-35 1.29309e-35 
12823.3 1.92804e-35 1.30343e-35 1.92804e-35 1.30343e-35 1.92804e-35 1.30343e-35 
12942 1.9417e-35 1.31383e-35 1.9417e-35 1.31383e-35 1.9417e-35 1.31383e-35 
13061.7 1.95543e-35 1.32431e-35 1.95543e-35 1.32431e-35 1.95543e-35 1.32431e-35 
13182.6 1.96925e-35 1.33487e-35 1.96925e-35 1.33487e-35 1.96925e-35 1.33487e-35 
13304.5 1.98315e-35 1.34549e-35 1.98315e-35 1.34549e-35 1.98315e-35 1.34549e-35 
13427.6 1.99713e-35 1.3562e-35 1.99713e-35 1.3562e-35 1.99713e-35 1.3562e-35 
13551.9 2.01118e-35 1.36697e-35 2.01118e-35 1.36697e-35 2.01118e-35 1.36697e-35 
13677.3 2.02532e-35 1.37783e-35 2.02532e-35 1.37783e-35 2.02532e-35 1.37783e-35 
13803.8 2.03954e-35 1.38875e-35 2.03954e-35 1.38875e-35 2.03954e-35 1.38875e-35 
13931.6 2.05384e-35 1.39976e-35 2.05384e-35 1.39976e-35 2.05384e-35 1.39976e-35 
14060.5 2.06823e-35 1.41084e-35 2.06823e-35 1.41084e-35 2.06823e-35 1.41084e-35 
14190.6 2.08269e-35 1.422e-35 2.08269e-35 1.422e-35 2.08269e-35 1.422e-35 
14321.9 2.09724e-35 1.43324e-35 2.09724e-35 1.43324e-35 2.09724e-35 1.43324e-35 
14454.4 2.11187e-35 1.44455e-35 2.11187e-35 1.44455e-35 2.11187e-35 1.44455e-35 
14588.1 2.12658e-35 1.45594e-35 2.12658e-35 1.45594e-35 2.12658e-35 1.45594e-35 
14723.1 2.14138e-35 1.46741e-35 2.14138e-35 1.46741e-35 2.14138e-35 1.46741e-35 
14859.4 2.15626e-35 1.47896e-35 2.15626e-35 1.47896e-35 2.15626e-35 1.47896e-35 
14996.8 2.17122e-35 1.49059e-35 2.17122e-35 1.49059e-35 2.17122e-35 1.49059e-35 
15135.6 2.18627e-35 1.5023e-35 2.18627e-35 1.5023e-35 2.18627e-35 1.5023e-35 
15275.7 2.2014e-35 1.51409e-35 2.2014e-35 1.51409e-35 2.2014e-35 1.51409e-35 
15417 2.21662e-35 1.52596e-35 2.21662e-35 1.52596e-35 2.21662e-35 1.52596e-35 
15559.7 2.23192e-35 1.53792e-35 2.23192e-35 1.53792e-35 2.23192e-35 1.53792e-35 
15703.6 2.2473e-35 1.54995e-35 2.2473e-35 1.54995e-35 2.2473e-35 1.54995e-35 
15848.9 2.26278e-35 1.56207e-35 2.26278e-35 1.56207e-35 2.26278e-35 1.56207e-35 
15995.6 2.27834e-35 1.57427e-35 2.27834e-35 1.57427e-35 2.27834e-35 1.57427e-35 
16143.6 2.29398e-35 1.58655e-35 2.29398e-35 1.58655e-35 2.29398e-35 1.58655e-35 
16293 2.30971e-35 1.59891e-35 2.30971e-35 1.59891e-35 2.30971e-35 1.59891e-35 
16443.7 2.32553e-35 1.61136e-35 2.32553e-35 1.61136e-35 2.32553e-35 1.61136e-35 
16595.9 2.34144e-35 1.6239e-35 2.34144e-35 1.6239e-35 2.34144e-35 1.6239e-35 
16749.4 2.35743e-35 1.63651e-35 2.35743e-35 1.63651e-35 2.35743e-35 1.63651e-35 
16904.4 2.37351e-35 1.64922e-35 2.37351e-35 1.64922e-35 2.37351e-35 1.64922e-35 
17060.8 2.38968e-35 1.66201e-35 2.38968e-35 1.66201e-35 2.38968e-35 1.66201e-35 
17218.7 2.40594e-35 1.67488e-35 2.40594e-35 1.67488e-35 2.40594e-35 1.67488e-35 
17378 2.42229e-35 1.68785e-35 2.42229e-35 1.68785e-35 2.42229e-35 1.68785e-35 
17538.8 2.43873e-35 1.7009e-35 2.43873e-35 1.7009e-35 2.43873e-35 1.7009e-35 
17701.1 2.45525e-35 1.71403e-35 2.45525e-35 1.71403e-35 2.45525e-35 1.71403e-35 
17864.9 2.47186e-35 1.72726e-35 2.47186e-35 1.72726e-35 2.47186e-35 1.72726e-35 
18030.2 2.48857e-35 1.74057e-35 2.48857e-35 1.74057e-35 2.48857e-35 1.74057e-35 
18197 2.50537e-35 1.75398e-35 2.50537e-35 1.75398e-35 2.50537e-35 1.75398e-35 
18365.4 2.52225e-35 1.76746e-35 2.52225e-35 1.76746e-35 2.52225e-35 1.76746e-35 
18535.3 2.53923e-35 1.78104e-35 2.53923e-35 1.78104e-35 2.53923e-35 1.78104e-35 
18706.8 2.5563e-35 1.79471e-35 2.5563e-35 1.79471e-35 2.5563e-35 1.79471e-35 
18879.9 2.57346e-35 1.80847e-35 2.57346e-35 1.80847e-35 2.57346e-35 1.80847e-35 
19054.6 2.59072e-35 1.82233e-35 2.59072e-35 1.82233e-35 2.59072e-35 1.82233e-35 
19230.9 2.60806e-35 1.83627e-35 2.60806e-35 1.83627e-35 2.60806e-35 1.83627e-35 
19408.9 2.6255e-35 1.85031e-35 2.6255e-35 1.85031e-35 2.6255e-35 1.85031e-35 
19588.4 2.64303e-35 1.86444e-35 2.64303e-35 1.86444e-35 2.64303e-35 1.86444e-35 
19769.7 2.66066e-35 1.87866e-35 2.66066e-35 1.87866e-35 2.66066e-35 1.87866e-35 
19952.6 2.67838e-35 1.89297e-35 2.67838e-35 1.89297e-35 2.67838e-35 1.89297e-35 
20137.2 2.69619e-35 1.90738e-35 2.69619e-35 1.90738e-35 2.69619e-35 1.90738e-35 
20323.6 2.7141e-35 1.92189e-35 2.7141e-35 1.92189e-35 2.7141e-35 1.92189e-35 
20511.6 2.7321e-35 1.93647e-35 2.7321e-35 1.93647e-35 2.7321e-35 1.93647e-35 
20701.4 2.7502e-35 1.95118e-35 2.7502e-35 1.95118e-35 2.7502e-35 1.95118e-35 
20893 2.76839e-35 1.96595e-35 2.76839e-35 1.96595e-35 2.76839e-35 1.96595e-35 
21086.3 2.78667e-35 1.98085e-35 2.78667e-35 1.98085e-35 2.78667e-35 1.98085e-35 
21281.4 2.80505e-35 1.99583e-35 2.80505e-35 1.99583e-35 2.80505e-35 1.99583e-35 
21478.3 2.82354e-35 2.01091e-35 2.82354e-35 2.01091e-35 2.82354e-35 2.01091e-35 
21677 2.84212e-35 2.02609e-35 2.84212e-35 2.02609e-35 2.84212e-35 2.02609e-35 
21877.6 2.86079e-35 2.04136e-35 2.86079e-35 2.04136e-35 2.86079e-35 2.04136e-35 
22080 2.87956e-35 2.05673e-35 2.87956e-35 2.05673e-35 2.87956e-35 2.05673e-35 
22284.4 2.89843e-35 2.07221e-35 2.89843e-35 2.07221e-35 2.89843e-35 2.07221e-35 
22490.5 2.9174e-35 2.08778e-35 2.9174e-35 2.08778e-35 2.9174e-35 2.08778e-35 
22698.6 2.93647e-35 2.10345e-35 2.93647e-35 2.10345e-35 2.93647e-35 2.10345e-35 
22908.7 2.95563e-35 2.11922e-35 2.95563e-35 2.11922e-35 2.95563e-35 2.11922e-35 
23120.6 2.97489e-35 2.1351e-35 2.97489e-35 2.1351e-35 2.97489e-35 2.1351e-35 
23334.6 2.99426e-35 2.15107e-35 2.99426e-35 2.15107e-35 2.99426e-35 2.15107e-35 
23550.5 3.01372e-35 2.16714e-35 3.01372e-35 2.16714e-35 3.01372e-35 2.16714e-35 
23768.4 3.03328e-35 2.18332e-35 3.03328e-35 2.18332e-35 3.03328e-35 2.18332e-35 
23988.3 3.05295e-35 2.1996e-35 3.05295e-35 2.1996e-35 3.05295e-35 2.1996e-35 
24210.3 3.07271e-35 2.21599e-35 3.07271e-35 2.21599e-35 3.07271e-35 2.21599e-35 
24434.3 3.09257e-35 2.23248e-35 3.09257e-35 2.23248e-35 3.09257e-35 2.23248e-35 
24660.4 3.11254e-35 2.24907e-35 3.11254e-35 2.24907e-35 3.11254e-35 2.24907e-35 
24888.6 3.13261e-35 2.26576e-35 3.13261e-35 2.26576e-35 3.13261e-35 2.26576e-35 
25118.9 3.15278e-35 2.28256e-35 3.15278e-35 2.28256e-35 3.15278e-35 2.28256e-35 
25351.3 3.17305e-35 2.29947e-35 3.17305e-35 2.29947e-35 3.17305e-35 2.29947e-35 
25585.9 3.19342e-35 2.31648e-35 3.19342e-35 2.31648e-35 3.19342e-35 2.31648e-35 
25822.6 3.2139e-35 2.33361e-35 3.2139e-35 2.33361e-35 3.2139e-35 2.33361e-35 
26061.5 3.23448e-35 2.35083e-35 3.23448e-35 2.35083e-35 3.23448e-35 2.35083e-35 
26302.7 3.25517e-35 2.36818e-35 3.25517e-35 2.36818e-35 3.25517e-35 2.36818e-35 
26546.1 3.27596e-35 2.38562e-35 3.27596e-35 2.38562e-35 3.27596e-35 2.38562e-35 
26791.7 3.29685e-35 2.40317e-35 3.29685e-35 2.40317e-35 3.29685e-35 2.40317e-35 
27039.6 3.31785e-35 2.42083e-35 3.31785e-35 2.42083e-35 3.31785e-35 2.42083e-35 
27289.8 3.33897e-35 2.4386e-35 3.33897e-35 2.4386e-35 3.33897e-35 2.4386e-35 
27542.3 3.36018e-35 2.45648e-35 3.36018e-35 2.45648e-35 3.36018e-35 2.45648e-35 
27797.1 3.38149e-35 2.47447e-35 3.38149e-35 2.47447e-35 3.38149e-35 2.47447e-35 
28054.3 3.40292e-35 2.49258e-35 3.40292e-35 2.49258e-35 3.40292e-35 2.49258e-35 
28313.9 3.42445e-35 2.51079e-35 3.42445e-35 2.51079e-35 3.42445e-35 2.51079e-35 
28575.9 3.44609e-35 2.52911e-35 3.44609e-35 2.52911e-35 3.44609e-35 2.52911e-35 
28840.3 3.46783e-35 2.54756e-35 3.46783e-35 2.54756e-35 3.46783e-35 2.54756e-35 
29107.2 3.48968e-35 2.56611e-35 3.48968e-35 2.56611e-35 3.48968e-35 2.56611e-35 
29376.5 3.51165e-35 2.58478e-35 3.51165e-35 2.58478e-35 3.51165e-35 2.58478e-35 
29648.3 3.53372e-35 2.60356e-35 3.53372e-35 2.60356e-35 3.53372e-35 2.60356e-35 
29922.6 3.5559e-35 2.62246e-35 3.5559e-35 2.62246e-35 3.5559e-35 2.62246e-35 
30199.5 3.57818e-35 2.64147e-35 3.57818e-35 2.64147e-35 3.57818e-35 2.64147e-35 
30478.9 3.60058e-35 2.6606e-35 3.60058e-35 2.6606e-35 3.60058e-35 2.6606e-35 
30761 3.62309e-35 2.67984e-35 3.62309e-35 2.67984e-35 3.62309e-35 2.67984e-35 
31045.6 3.64571e-35 2.6992e-35 3.64571e-35 2.6992e-35 3.64571e-35 2.6992e-35 
31332.9 3.66844e-35 2.71868e-35 3.66844e-35 2.71868e-35 3.66844e-35 2.71868e-35 
31622.8 3.69128e-35 2.73827e-35 3.69128e-35 2.73827e-35 3.69128e-35 2.73827e-35 
31915.4 3.71423e-35 2.75798e-35 3.71423e-35 2.75798e-35 3.71423e-35 2.75798e-35 
32210.7 3.73729e-35 2.77782e-35 3.73729e-35 2.77782e-35 3.73729e-35 2.77782e-35 
32508.7 3.76047e-35 2.79776e-35 3.76047e-35 2.79776e-35 3.76047e-35 2.79776e-35 
32809.5 3.78375e-35 2.81784e-35 3.78375e-35 2.81784e-35 3.78375e-35 2.81784e-35 
33113.1 3.80716e-35 2.83804e-35 3.80716e-35 2.83804e-35 3.80716e-35 2.83804e-35 
33419.5 3.83068e-35 2.85834e-35 3.83068e-35 2.85834e-35 3.83068e-35 2.85834e-35 
33728.7 3.85431e-35 2.87878e-35 3.85431e-35 2.87878e-35 3.85431e-35 2.87878e-35 
34040.8 3.87805e-35 2.89933e-35 3.87805e-35 2.89933e-35 3.87805e-35 2.89933e-35 
34355.8 3.90191e-35 2.92001e-35 3.90191e-35 2.92001e-35 3.90191e-35 2.92001e-35 
34673.7 3.92589e-35 2.94082e-35 3.92589e-35 2.94082e-35 3.92589e-35 2.94082e-35 
34994.5 3.94998e-35 2.96174e-35 3.94998e-35 2.96174e-35 3.94998e-35 2.96174e-35 
35318.3 3.97418e-35 2.98279e-35 3.97418e-35 2.98279e-35 3.97418e-35 2.98279e-35 
35645.1 3.99851e-35 3.00396e-35 3.99851e-35 3.00396e-35 3.99851e-35 3.00396e-35 
35974.9 4.02294e-35 3.02526e-35 4.02294e-35 3.02526e-35 4.02294e-35 3.02526e-35 
36307.8 4.0475e-35 3.04669e-35 4.0475e-35 3.04669e-35 4.0475e-35 3.04669e-35 
36643.8 4.07217e-35 3.06824e-35 4.07217e-35 3.06824e-35 4.07217e-35 3.06824e-35 
36982.8 4.09696e-35 3.08992e-35 4.09696e-35 3.08992e-35 4.09696e-35 3.08992e-35 
37325 4.12187e-35 3.11172e-35 4.12187e-35 3.11172e-35 4.12187e-35 3.11172e-35 
37670.4 4.1469e-35 3.13365e-35 4.1469e-35 3.13365e-35 4.1469e-35 3.13365e-35 
38018.9 4.17205e-35 3.15572e-35 4.17205e-35 3.15572e-35 4.17205e-35 3.15572e-35 
38370.7 4.19731e-35 3.1779e-35 4.19731e-35 3.1779e-35 4.19731e-35 3.1779e-35 
38725.8 4.2227e-35 3.20023e-35 4.2227e-35 3.20023e-35 4.2227e-35 3.20023e-35 
39084.1 4.24821e-35 3.22267e-35 4.24821e-35 3.22267e-35 4.24821e-35 3.22267e-35 
39445.7 4.27383e-35 3.24525e-35 4.27383e-35 3.24525e-35 4.27383e-35 3.24525e-35 
39810.7 4.29959e-35 3.26796e-35 4.29959e-35 3.26796e-35 4.29959e-35 3.26796e-35 
40179.1 4.32546e-35 3.29081e-35 4.32546e-35 3.29081e-35 4.32546e-35 3.29081e-35 
40550.9 4.35144e-35 3.31378e-35 4.35144e-35 3.31378e-35 4.35144e-35 3.31378e-35 
40926.1 4.37756e-35 3.33688e-35 4.37756e-35 3.33688e-35 4.37756e-35 3.33688e-35 
41304.8 4.4038e-35 3.36012e-35 4.4038e-35 3.36012e-35 4.4038e-35 3.36012e-35 
41686.9 4.43016e-35 3.3835e-35 4.43016e-35 3.3835e-35 4.43016e-35 3.3835e-35 
42072.7 4.45665e-35 3.40701e-35 4.45665e-35 3.40701e-35 4.45665e-35 3.40701e-35 
42462 4.48326e-35 3.43065e-35 4.48326e-35 3.43065e-35 4.48326e-35 3.43065e-35 
42854.9 4.50999e-35 3.45443e-35 4.50999e-35 3.45443e-35 4.50999e-35 3.45443e-35 
43251.4 4.53684e-35 3.47834e-35 4.53684e-35 3.47834e-35 4.53684e-35 3.47834e-35 
43651.6 4.56383e-35 3.50239e-35 4.56383e-35 3.50239e-35 4.56383e-35 3.50239e-35 
44055.5 4.59094e-35 3.52658e-35 4.59094e-35 3.52658e-35 4.59094e-35 3.52658e-35 
44463.1 4.61817e-35 3.55091e-35 4.61817e-35 3.55091e-35 4.61817e-35 3.55091e-35 
44874.5 4.64554e-35 3.57537e-35 4.64554e-35 3.57537e-35 4.64554e-35 3.57537e-35 
45289.8 4.67303e-35 3.59997e-35 4.67303e-35 3.59997e-35 4.67303e-35 3.59997e-35 
45708.8 4.70064e-35 3.62471e-35 4.70064e-35 3.62471e-35 4.70064e-35 3.62471e-35 
46131.8 4.72839e-35 3.6496e-35 4.72839e-35 3.6496e-35 4.72839e-35 3.6496e-35 
46558.6 4.75626e-35 3.67462e-35 4.75626e-35 3.67462e-35 4.75626e-35 3.67462e-35 
46989.4 4.78427e-35 3.69979e-35 4.78427e-35 3.69979e-35 4.78427e-35 3.69979e-35 
47424.2 4.8124e-35 3.72509e-35 4.8124e-35 3.72509e-35 4.8124e-35 3.72509e-35 
47863 4.84066e-35 3.75053e-35 4.84066e-35 3.75053e-35 4.84066e-35 3.75053e-35 
48305.9 4.86905e-35 3.77612e-35 4.86905e-35 3.77612e-35 4.86905e-35 3.77612e-35 
48752.8 4.89758e-35 3.80186e-35 4.89758e-35 3.80186e-35 4.89758e-35 3.80186e-35 
49204 4.92623e-35 3.82773e-35 4.92623e-35 3.82773e-35 4.92623e-35 3.82773e-35 
49659.2 4.95502e-35 3.85376e-35 4.95502e-35 3.85376e-35 4.95502e-35 3.85376e-35 
50118.7 4.98393e-35 3.87992e-35 4.98393e-35 3.87992e-35 4.98393e-35 3.87992e-35 
50582.5 5.01298e-35 3.90624e-35 5.01298e-35 3.90624e-35 5.01298e-35 3.90624e-35 
51050.5 5.04217e-35 3.93269e-35 5.04217e-35 3.93269e-35 5.04217e-35 3.93269e-35 
51522.9 5.07149e-35 3.9593e-35 5.07149e-35 3.9593e-35 5.07149e-35 3.9593e-35 
51999.6 5.10095e-35 3.98605e-35 5.10095e-35 3.98605e-35 5.10095e-35 3.98605e-35 
52480.7 5.13053e-35 4.01296e-35 5.13053e-35 4.01296e-35 5.13053e-35 4.01296e-35 
52966.3 5.16025e-35 4.04001e-35 5.16025e-35 4.04001e-35 5.16025e-35 4.04001e-35 
53456.4 5.1901e-35 4.06721e-35 5.1901e-35 4.06721e-35 5.1901e-35 4.06721e-35 
53951.1 5.22011e-35 4.09455e-35 5.22011e-35 4.09455e-35 5.22011e-35 4.09455e-35 
54450.3 5.25023e-35 4.12205e-35 5.25023e-35 4.12205e-35 5.25023e-35 4.12205e-35 
54954.1 5.2805e-35 4.1497e-35 5.2805e-35 4.1497e-35 5.2805e-35 4.1497e-35 
55462.6 5.31089e-35 4.1775e-35 5.31089e-35 4.1775e-35 5.31089e-35 4.1775e-35 
55975.8 5.34143e-35 4.20544e-35 5.34143e-35 4.20544e-35 5.34143e-35 4.20544e-35 
56493.7 5.37211e-35 4.23354e-35 5.37211e-35 4.23354e-35 5.37211e-35 4.23354e-35 
57016.4 5.40293e-35 4.2618e-35 5.40293e-35 4.2618e-35 5.40293e-35 4.2618e-35 
57544 5.43389e-35 4.29021e-35 5.43389e-35 4.29021e-35 5.43389e-35 4.29021e-35 
58076.4 5.46499e-35 4.31877e-35 5.46499e-35 4.31877e-35 5.46499e-35 4.31877e-35 
58613.8 5.49622e-35 4.3475e-35 5.49622e-35 4.3475e-35 5.49622e-35 4.3475e-35 
59156.2 5.52759e-35 4.37637e-35 5.52759e-35 4.37637e-35 5.52759e-35 4.37637e-35 
59703.5 5.55912e-35 4.4054e-35 5.55912e-35 4.4054e-35 5.55912e-35 4.4054e-35 
60256 5.59079e-35 4.43459e-35 5.59079e-35 4.43459e-35 5.59079e-35 4.43459e-35 
60813.5 5.62259e-35 4.46394e-35 5.62259e-35 4.46394e-35 5.62259e-35 4.46394e-35 
61376.2 5.65454e-35 4.49344e-35 5.65454e-35 4.49344e-35 5.65454e-35 4.49344e-35 
61944.1 5.68663e-35 4.5231e-35 5.68663e-35 4.5231e-35 5.68663e-35 4.5231e-35 
62517.3 5.71886e-35 4.55292e-35 5.71886e-35 4.55292e-35 5.71886e-35 4.55292e-35 
63095.7 5.75124e-35 4.5829e-35 5.75124e-35 4.5829e-35 5.75124e-35 4.5829e-35 
63679.6 5.78377e-35 4.61304e-35 5.78377e-35 4.61304e-35 5.78377e-35 4.61304e-35 
64268.8 5.81643e-35 4.64335e-35 5.81643e-35 4.64335e-35 5.81643e-35 4.64335e-35 
64863.4 5.84924e-35 4.67381e-35 5.84924e-35 4.67381e-35 5.84924e-35 4.67381e-35 
65463.6 5.88221e-35 4.70444e-35 5.88221e-35 4.70444e-35 5.88221e-35 4.70444e-35 
66069.3 5.91532e-35 4.73522e-35 5.91532e-35 4.73522e-35 5.91532e-35 4.73522e-35 
66680.7 5.94858e-35 4.76617e-35 5.94858e-35 4.76617e-35 5.94858e-35 4.76617e-35 
67297.7 5.98198e-35 4.79729e-35 5.98198e-35 4.79729e-35 5.98198e-35 4.79729e-35 
67920.4 6.01554e-35 4.82857e-35 6.01554e-35 4.82857e-35 6.01554e-35 4.82857e-35 
68548.8 6.04924e-35 4.86001e-35 6.04924e-35 4.86001e-35 6.04924e-35 4.86001e-35 
69183.1 6.08309e-35 4.89163e-35 6.08309e-35 4.89163e-35 6.08309e-35 4.89163e-35 
69823.2 6.1171e-35 4.9234e-35 6.1171e-35 4.9234e-35 6.1171e-35 4.9234e-35 
70469.3 6.15125e-35 4.95535e-35 6.15125e-35 4.95535e-35 6.15125e-35 4.95535e-35 
71121.4 6.18557e-35 4.98746e-35 6.18557e-35 4.98746e-35 6.18557e-35 4.98746e-35 
71779.4 6.22002e-35 5.01974e-35 6.22002e-35 5.01974e-35 6.22002e-35 5.01974e-35 
72443.6 6.25462e-35 5.05219e-35 6.25462e-35 5.05219e-35 6.25462e-35 5.05219e-35 
73113.9 6.28939e-35 5.08481e-35 6.28939e-35 5.08481e-35 6.28939e-35 5.08481e-35 
73790.4 6.3243e-35 5.1176e-35 6.3243e-35 5.1176e-35 6.3243e-35 5.1176e-35 
74473.2 6.35937e-35 5.15056e-35 6.35937e-35 5.15056e-35 6.35937e-35 5.15056e-35 
75162.3 6.3946e-35 5.18369e-35 6.3946e-35 5.18369e-35 6.3946e-35 5.18369e-35 
75857.8 6.42998e-35 5.217e-35 6.42998e-35 5.217e-35 6.42998e-35 5.217e-35 
76559.7 6.46551e-35 5.25047e-35 6.46551e-35 5.25047e-35 6.46551e-35 5.25047e-35 
77268.1 6.5012e-35 5.28413e-35 6.5012e-35 5.28413e-35 6.5012e-35 5.28413e-35 
77983 6.53706e-35 5.31795e-35 6.53706e-35 5.31795e-35 6.53706e-35 5.31795e-35 
78704.6 6.57306e-35 5.35195e-35 6.57306e-35 5.35195e-35 6.57306e-35 5.35195e-35 
79432.8 6.60924e-35 5.38612e-35 6.60924e-35 5.38612e-35 6.60924e-35 5.38612e-35 
80167.8 6.64556e-35 5.42047e-35 6.64556e-35 5.42047e-35 6.64556e-35 5.42047e-35 
80909.6 6.68204e-35 5.455e-35 6.68204e-35 5.455e-35 6.68204e-35 5.455e-35 
81658.2 6.71868e-35 5.4897e-35 6.71868e-35 5.4897e-35 6.71868e-35 5.4897e-35 
82413.8 6.75549e-35 5.52458e-35 6.75549e-35 5.52458e-35 6.75549e-35 5.52458e-35 
83176.4 6.79244e-35 5.55965e-35 6.79244e-35 5.55965e-35 6.79244e-35 5.55965e-35 
83946 6.82956e-35 5.59488e-35 6.82956e-35 5.59488e-35 6.82956e-35 5.59488e-35 
84722.7 6.86685e-35 5.6303e-35 6.86685e-35 5.6303e-35 6.86685e-35 5.6303e-35 
85506.7 6.90432e-35 5.66589e-35 6.90432e-35 5.66589e-35 6.90432e-35 5.66589e-35 
86297.9 6.94194e-35 5.70167e-35 6.94194e-35 5.70167e-35 6.94194e-35 5.70167e-35 
87096.4 6.97973e-35 5.73765e-35 6.97973e-35 5.73765e-35 6.97973e-35 5.73765e-35 
87902.3 7.01767e-35 5.77379e-35 7.01767e-35 5.77379e-35 7.01767e-35 5.77379e-35 
88715.6 7.05578e-35 5.81012e-35 7.05578e-35 5.81012e-35 7.05578e-35 5.81012e-35 
89536.5 7.09406e-35 5.84663e-35 7.09406e-35 5.84663e-35 7.09406e-35 5.84663e-35 
90364.9 7.1325e-35 5.88334e-35 7.1325e-35 5.88334e-35 7.1325e-35 5.88334e-35 
91201.1 7.17111e-35 5.92021e-35 7.17111e-35 5.92021e-35 7.17111e-35 5.92021e-35 
92045 7.20989e-35 5.95728e-35 7.20989e-35 5.95728e-35 7.20989e-35 5.95728e-35 
92896.6 7.24884e-35 5.99453e-35 7.24884e-35 5.99453e-35 7.24884e-35 5.99453e-35 
93756.2 7.28795e-35 6.03198e-35 7.28795e-35 6.03198e-35 7.28795e-35 6.03198e-35 
94623.7 7.32724e-35 6.06961e-35 7.32724e-35 6.06961e-35 7.32724e-35 6.06961e-35 
95499.3 7.3667e-35 6.10742e-35 7.3667e-35 6.10742e-35 7.3667e-35 6.10742e-35 
96382.9 7.40633e-35 6.14543e-35 7.40633e-35 6.14543e-35 7.40633e-35 6.14543e-35 
97274.7 7.44613e-35 6.18363e-35 7.44613e-35 6.18363e-35 7.44613e-35 6.18363e-35 
98174.8 7.4861e-35 6.22202e-35 7.4861e-35 6.22202e-35 7.4861e-35 6.22202e-35 
99083.2 7.52625e-35 6.26058e-35 7.52625e-35 6.26058e-35 7.52625e-35 6.26058e-35 
100000 7.56656e-35 6.29936e-35 7.56656e-35 6.29936e-35 7.56656e-35 6.29936e-35 
100925 7.60706e-35 6.33833e-35 7.60706e-35 6.33833e-35 7.60706e-35 6.33833e-35 
101859 7.64773e-35 6.37749e-35 7.64773e-35 6.37749e-35 7.64773e-35 6.37749e-35 
102802 7.68857e-35 6.41684e-35 7.68857e-35 6.41684e-35 7.68857e-35 6.41684e-35 
103753 7.72959e-35 6.45639e-35 7.72959e-35 6.45639e-35 7.72959e-35 6.45639e-35 
104713 7.77079e-35 6.49612e-35 7.77079e-35 6.49612e-35 7.77079e-35 6.49612e-35 
105682 7.81216e-35 6.53606e-35 7.81216e-35 6.53606e-35 7.81216e-35 6.53606e-35 
106660 7.85372e-35 6.5762e-35 7.85372e-35 6.5762e-35 7.85372e-35 6.5762e-35 
107647 7.89545e-35 6.61653e-35 7.89545e-35 6.61653e-35 7.89545e-35 6.61653e-35 
108643 7.93736e-35 6.65706e-35 7.93736e-35 6.65706e-35 7.93736e-35 6.65706e-35 
109648 7.97946e-35 6.69779e-35 7.97946e-35 6.69779e-35 7.97946e-35 6.69779e-35 
110662 8.02173e-35 6.7387e-35 8.02173e-35 6.7387e-35 8.02173e-35 6.7387e-35 
111686 8.06419e-35 6.77985e-35 8.06419e-35 6.77985e-35 8.06419e-35 6.77985e-35 
112720 8.10682e-35 6.82118e-35 8.10682e-35 6.82118e-35 8.10682e-35 6.82118e-35 
113763 8.14965e-35 6.86271e-35 8.14965e-35 6.86271e-35 8.14965e-35 6.86271e-35 
114815 8.19264e-35 6.90443e-35 8.19264e-35 6.90443e-35 8.19264e-35 6.90443e-35 
115878 8.23584e-35 6.94637e-35 8.23584e-35 6.94637e-35 8.23584e-35 6.94637e-35 
116950 8.27921e-35 6.98851e-35 8.27921e-35 6.98851e-35 8.27921e-35 6.98851e-35 
118032 8.32277e-35 7.03085e-35 8.32277e-35 7.03085e-35 8.32277e-35 7.03085e-35 
119124 8.36651e-35 7.0734e-35 8.36651e-35 7.0734e-35 8.36651e-35 7.0734e-35 
120226 8.41044e-35 7.11615e-35 8.41044e-35 7.11615e-35 8.41044e-35 7.11615e-35 
121339 8.45457e-35 7.15912e-35 8.45457e-35 7.15912e-35 8.45457e-35 7.15912e-35 
122462 8.49888e-35 7.20229e-35 8.49888e-35 7.20229e-35 8.49888e-35 7.20229e-35 
123595 8.54338e-35 7.24567e-35 8.54338e-35 7.24567e-35 8.54338e-35 7.24567e-35 
124738 8.58807e-35 7.28926e-35 8.58807e-35 7.28926e-35 8.58807e-35 7.28926e-35 
125893 8.63295e-35 7.33306e-35 8.63295e-35 7.33306e-35 8.63295e-35 7.33306e-35 
127057 8.67803e-35 7.37706e-35 8.67803e-35 7.37706e-35 8.67803e-35 7.37706e-35 
128233 8.7233e-35 7.42128e-35 8.7233e-35 7.42128e-35 8.7233e-35 7.42128e-35 
129420 8.76875e-35 7.46571e-35 8.76875e-35 7.46571e-35 8.76875e-35 7.46571e-35 
130617 8.81441e-35 7.51035e-35 8.81441e-35 7.51035e-35 8.81441e-35 7.51035e-35 
131826 8.86026e-35 7.55521e-35 8.86026e-35 7.55521e-35 8.86026e-35 7.55521e-35 
133045 8.9063e-35 7.60029e-35 8.9063e-35 7.60029e-35 8.9063e-35 7.60029e-35 
134276 8.95254e-35 7.64557e-35 8.95254e-35 7.64557e-35 8.95254e-35 7.64557e-35 
135519 8.99897e-35 7.69108e-35 8.99897e-35 7.69108e-35 8.99897e-35 7.69108e-35 
136773 9.04561e-35 7.73679e-35 9.04561e-35 7.73679e-35 9.04561e-35 7.73679e-35 
138038 9.09244e-35 7.78273e-35 9.09244e-35 7.78273e-35 9.09244e-35 7.78273e-35 
139316 9.13947e-35 7.82889e-35 9.13947e-35 7.82889e-35 9.13947e-35 7.82889e-35 
140605 9.1867e-35 7.87525e-35 9.1867e-35 7.87525e-35 9.1867e-35 7.87525e-35 
141906 9.23414e-35 7.92185e-35 9.23414e-35 7.92185e-35 9.23414e-35 7.92185e-35 
143219 9.28177e-35 7.96866e-35 9.28177e-35 7.96866e-35 9.28177e-35 7.96866e-35 
144544 9.32961e-35 8.0157e-35 9.32961e-35 8.0157e-35 9.32961e-35 8.0157e-35 
145881 9.37766e-35 8.06295e-35 9.37766e-35 8.06295e-35 9.37766e-35 8.06295e-35 
147231 9.42589e-35 8.11042e-35 9.42589e-35 8.11042e-35 9.42589e-35 8.11042e-35 
148594 9.47434e-35 8.15812e-35 9.47434e-35 8.15812e-35 9.47434e-35 8.15812e-35 
149968 9.52299e-35 8.20605e-35 9.52299e-35 8.20605e-35 9.52299e-35 8.20605e-35 
151356 9.57184e-35 8.25419e-35 9.57184e-35 8.25419e-35 9.57184e-35 8.25419e-35 
152757 9.6209e-35 8.30256e-35 9.6209e-35 8.30256e-35 9.6209e-35 8.30256e-35 
154170 9.67019e-35 8.35116e-35 9.67019e-35 8.35116e-35 9.67019e-35 8.35116e-35 
155597 9.71968e-35 8.4e-35 9.71968e-35 8.4e-35 9.71968e-35 8.4e-35 
157036 9.76936e-35 8.44905e-35 9.76936e-35 8.44905e-35 9.76936e-35 8.44905e-35 
158489 9.81926e-35 8.49833e-35 9.81926e-35 8.49833e-35 9.81926e-35 8.49833e-35 
159956 9.86936e-35 8.54785e-35 9.86936e-35 8.54785e-35 9.86936e-35 8.54785e-35 
161436 9.9197e-35 8.5976e-35 9.9197e-35 8.5976e-35 9.9197e-35 8.5976e-35 
162930 9.97024e-35 8.64757e-35 9.97024e-35 8.64757e-35 9.97024e-35 8.64757e-35 
164437 1.0021e-34 8.69778e-35 1.0021e-34 8.69778e-35 1.0021e-34 8.69778e-35 
165959 1.0072e-34 8.74823e-35 1.0072e-34 8.74823e-35 1.0072e-34 8.74823e-35 
167494 1.01231e-34 8.79891e-35 1.01231e-34 8.79891e-35 1.01231e-34 8.79891e-35 
169044 1.01745e-34 8.84981e-35 1.01745e-34 8.84981e-35 1.01745e-34 8.84981e-35 
170608 1.02262e-34 8.90096e-35 1.02262e-34 8.90096e-35 1.02262e-34 8.90096e-35 
172187 1.0278e-34 8.95234e-35 1.0278e-34 8.95234e-35 1.0278e-34 8.95234e-35 
173780 1.033e-34 9.00394e-35 1.033e-34 9.00394e-35 1.033e-34 9.00394e-35 
175388 1.03823e-34 9.0558e-35 1.03823e-34 9.0558e-35 1.03823e-34 9.0558e-35 
177011 1.04348e-34 9.10788e-35 1.04348e-34 9.10788e-35 1.04348e-34 9.10788e-35 
178649 1.04875e-34 9.16022e-35 1.04875e-34 9.16022e-35 1.04875e-34 9.16022e-35 
180302 1.05404e-34 9.21281e-35 1.05404e-34 9.21281e-35 1.05404e-34 9.21281e-35 
181970 1.05936e-34 9.26561e-35 1.05936e-34 9.26561e-35 1.05936e-34 9.26561e-35 
183654 1.0647e-34 9.31866e-35 1.0647e-34 9.31866e-35 1.0647e-34 9.31866e-35 
185353 1.07006e-34 9.37198e-35 1.07006e-34 9.37198e-35 1.07006e-34 9.37198e-35 
187068 1.07544e-34 9.42552e-35 1.07544e-34 9.42552e-35 1.07544e-34 9.42552e-35 
188799 1.08085e-34 9.47931e-35 1.08085e-34 9.47931e-35 1.08085e-34 9.47931e-35 
190546 1.08627e-34 9.53334e-35 1.08627e-34 9.53334e-35 1.08627e-34 9.53334e-35 
192309 1.09172e-34 9.5876e-35 1.09172e-34 9.5876e-35 1.09172e-34 9.5876e-35 
194089 1.0972e-34 9.64212e-35 1.0972e-34 9.64212e-35 1.0972e-34 9.64212e-35 
195884 1.10269e-34 9.6969e-35 1.10269e-34 9.6969e-35 1.10269e-34 9.6969e-35 
197697 1.10821e-34 9.75192e-35 1.10821e-34 9.75192e-35 1.10821e-34 9.75192e-35 
199526 1.11376e-34 9.80719e-35 1.11376e-34 9.80719e-35 1.11376e-34 9.80719e-35 
201372 1.11932e-34 9.86271e-35 1.11932e-34 9.86271e-35 1.11932e-34 9.86271e-35 
203236 1.12491e-34 9.91848e-35 1.12491e-34 9.91848e-35 1.12491e-34 9.91848e-35 
205116 1.13053e-34 9.9745e-35 1.13053e-34 9.9745e-35 1.13053e-34 9.9745e-35 
207014 1.13616e-34 1.00308e-34 1.13616e-34 1.00308e-34 1.13616e-34 1.00308e-34 
208930 1.14182e-34 1.00873e-34 1.14182e-34 1.00873e-34 1.14182e-34 1.00873e-34 
210863 1.14751e-34 1.01441e-34 1.14751e-34 1.01441e-34 1.14751e-34 1.01441e-34 
212814 1.15322e-34 1.02011e-34 1.15322e-34 1.02011e-34 1.15322e-34 1.02011e-34 
214783 1.15895e-34 1.02584e-34 1.15895e-34 1.02584e-34 1.15895e-34 1.02584e-34 
216770 1.1647e-34 1.0316e-34 1.1647e-34 1.0316e-34 1.1647e-34 1.0316e-34 
218776 1.17048e-34 1.03738e-34 1.17048e-34 1.03738e-34 1.17048e-34 1.03738e-34 
220800 1.17629e-34 1.04319e-34 1.17629e-34 1.04319e-34 1.17629e-34 1.04319e-34 
222844 1.18211e-34 1.04902e-34 1.18211e-34 1.04902e-34 1.18211e-34 1.04902e-34 
224905 1.18797e-34 1.05488e-34 1.18797e-34 1.05488e-34 1.18797e-34 1.05488e-34 
226986 1.19384e-34 1.06076e-34 1.19384e-34 1.06076e-34 1.19384e-34 1.06076e-34 
229087 1.19974e-34 1.06668e-34 1.19974e-34 1.06668e-34 1.19974e-34 1.06668e-34 
231206 1.20567e-34 1.07261e-34 1.20567e-34 1.07261e-34 1.20567e-34 1.07261e-34 
233346 1.21162e-34 1.07858e-34 1.21162e-34 1.07858e-34 1.21162e-34 1.07858e-34 
235505 1.2176e-34 1.08457e-34 1.2176e-34 1.08457e-34 1.2176e-34 1.08457e-34 
237684 1.2236e-34 1.09059e-34 1.2236e-34 1.09059e-34 1.2236e-34 1.09059e-34 
239883 1.22962e-34 1.09663e-34 1.22962e-34 1.09663e-34 1.22962e-34 1.09663e-34 
242103 1.23567e-34 1.1027e-34 1.23567e-34 1.1027e-34 1.23567e-34 1.1027e-34 
244343 1.24175e-34 1.1088e-34 1.24175e-34 1.1088e-34 1.24175e-34 1.1088e-34 
246604 1.24785e-34 1.11492e-34 1.24785e-34 1.11492e-34 1.24785e-34 1.11492e-34 
248886 1.25398e-34 1.12108e-34 1.25398e-34 1.12108e-34 1.25398e-34 1.12108e-34 
251189 1.26013e-34 1.12726e-34 1.26013e-34 1.12726e-34 1.26013e-34 1.12726e-34 
253513 1.2663e-34 1.13346e-34 1.2663e-34 1.13346e-34 1.2663e-34 1.13346e-34 
255859 1.27251e-34 1.1397e-34 1.27251e-34 1.1397e-34 1.27251e-34 1.1397e-34 
258226 1.27874e-34 1.14596e-34 1.27874e-34 1.14596e-34 1.27874e-34 1.14596e-34 
260615 1.28499e-34 1.15225e-34 1.28499e-34 1.15225e-34 1.28499e-34 1.15225e-34 
263027 1.29128e-34 1.15856e-34 1.29128e-34 1.15856e-34 1.29128e-34 1.15856e-34 
265461 1.29758e-34 1.16491e-34 1.29758e-34 1.16491e-34 1.29758e-34 1.16491e-34 
267917 1.30391e-34 1.17128e-34 1.30391e-34 1.17128e-34 1.30391e-34 1.17128e-34 
270396 1.31027e-34 1.17768e-34 1.31027e-34 1.17768e-34 1.31027e-34 1.17768e-34 
272898 1.31666e-34 1.18411e-34 1.31666e-34 1.18411e-34 1.31666e-34 1.18411e-34 
275423 1.32307e-34 1.19056e-34 1.32307e-34 1.19056e-34 1.32307e-34 1.19056e-34 
277971 1.32951e-34 1.19705e-34 1.32951e-34 1.19705e-34 1.32951e-34 1.19705e-34 
280543 1.33598e-34 1.20356e-34 1.33598e-34 1.20356e-34 1.33598e-34 1.20356e-34 
283139 1.34247e-34 1.2101e-34 1.34247e-34 1.2101e-34 1.34247e-34 1.2101e-34 
285759 1.34899e-34 1.21667e-34 1.34899e-34 1.21667e-34 1.34899e-34 1.21667e-34 
288403 1.35553e-34 1.22327e-34 1.35553e-34 1.22327e-34 1.35553e-34 1.22327e-34 
291072 1.36211e-34 1.2299e-34 1.36211e-34 1.2299e-34 1.36211e-34 1.2299e-34 
293765 1.36871e-34 1.23655e-34 1.36871e-34 1.23655e-34 1.36871e-34 1.23655e-34 
296483 1.37534e-34 1.24324e-34 1.37534e-34 1.24324e-34 1.37534e-34 1.24324e-34 
299226 1.38199e-34 1.24995e-34 1.38199e-34 1.24995e-34 1.38199e-34 1.24995e-34 
301995 1.38868e-34 1.25669e-34 1.38868e-34 1.25669e-34 1.38868e-34 1.25669e-34 
304789 1.39539e-34 1.26346e-34 1.39539e-34 1.26346e-34 1.39539e-34 1.26346e-34 
307610 1.40213e-34 1.27026e-34 1.40213e-34 1.27026e-34 1.40213e-34 1.27026e-34 
310456 1.40889e-34 1.2771e-34 1.40889e-34 1.2771e-34 1.40889e-34 1.2771e-34 
313329 1.41569e-34 1.28396e-34 1.41569e-34 1.28396e-34 1.41569e-34 1.28396e-34 
316228 1.42251e-34 1.29085e-34 1.42251e-34 1.29085e-34 1.42251e-34 1.29085e-34 
319154 1.42936e-34 1.29777e-34 1.42936e-34 1.29777e-34 1.42936e-34 1.29777e-34 
322107 1.43624e-34 1.30471e-34 1.43624e-34 1.30471e-34 1.43624e-34 1.30471e-34 
325087 1.44315e-34 1.31169e-34 1.44315e-34 1.31169e-34 1.44315e-34 1.31169e-34 
328095 1.45008e-34 1.3187e-34 1.45008e-34 1.3187e-34 1.45008e-34 1.3187e-34 
331131 1.45705e-34 1.32574e-34 1.45705e-34 1.32574e-34 1.45705e-34 1.32574e-34 
334195 1.46404e-34 1.33281e-34 1.46404e-34 1.33281e-34 1.46404e-34 1.33281e-34 
337287 1.47106e-34 1.33991e-34 1.47106e-34 1.33991e-34 1.47106e-34 1.33991e-34 
340408 1.47811e-34 1.34704e-34 1.47811e-34 1.34704e-34 1.47811e-34 1.34704e-34 
343558 1.4852e-34 1.3542e-34 1.4852e-34 1.3542e-34 1.4852e-34 1.3542e-34 
346737 1.4923e-34 1.36139e-34 1.4923e-34 1.36139e-34 1.4923e-34 1.36139e-34 
349945 1.49944e-34 1.36861e-34 1.49944e-34 1.36861e-34 1.49944e-34 1.36861e-34 
353183 1.50661e-34 1.37587e-34 1.50661e-34 1.37587e-34 1.50661e-34 1.37587e-34 
356451 1.51381e-34 1.38315e-34 1.51381e-34 1.38315e-34 1.51381e-34 1.38315e-34 
359749 1.52103e-34 1.39047e-34 1.52103e-34 1.39047e-34 1.52103e-34 1.39047e-34 
363078 1.52829e-34 1.39781e-34 1.52829e-34 1.39781e-34 1.52829e-34 1.39781e-34 
366438 1.53558e-34 1.40519e-34 1.53558e-34 1.40519e-34 1.53558e-34 1.40519e-34 
369828 1.54289e-34 1.4126e-34 1.54289e-34 1.4126e-34 1.54289e-34 1.4126e-34 
373250 1.55024e-34 1.42004e-34 1.55024e-34 1.42004e-34 1.55024e-34 1.42004e-34 
376704 1.55762e-34 1.42751e-34 1.55762e-34 1.42751e-34 1.55762e-34 1.42751e-34 
380189 1.56502e-34 1.43501e-34 1.56502e-34 1.43501e-34 1.56502e-34 1.43501e-34 
383707 1.57246e-34 1.44255e-34 1.57246e-34 1.44255e-34 1.57246e-34 1.44255e-34 
387258 1.57993e-34 1.45011e-34 1.57993e-34 1.45011e-34 1.57993e-34 1.45011e-34 
390841 1.58743e-34 1.45771e-34 1.58743e-34 1.45771e-34 1.58743e-34 1.45771e-34 
394457 1.59496e-34 1.46534e-34 1.59496e-34 1.46534e-34 1.59496e-34 1.46534e-34 
398107 1.60252e-34 1.47301e-34 1.60252e-34 1.47301e-34 1.60252e-34 1.47301e-34 
401791 1.61011e-34 1.4807e-34 1.61011e-34 1.4807e-34 1.61011e-34 1.4807e-34 
405509 1.61773e-34 1.48843e-34 1.61773e-34 1.48843e-34 1.61773e-34 1.48843e-34 
409261 1.62539e-34 1.49619e-34 1.62539e-34 1.49619e-34 1.62539e-34 1.49619e-34 
413048 1.63307e-34 1.50399e-34 1.63307e-34 1.50399e-34 1.63307e-34 1.50399e-34 
416869 1.64079e-34 1.51181e-34 1.64079e-34 1.51181e-34 1.64079e-34 1.51181e-34 
420727 1.64854e-34 1.51967e-34 1.64854e-34 1.51967e-34 1.64854e-34 1.51967e-34 
424620 1.65632e-34 1.52756e-34 1.65632e-34 1.52756e-34 1.65632e-34 1.52756e-34 
428549 1.66413e-34 1.53549e-34 1.66413e-34 1.53549e-34 1.66413e-34 1.53549e-34 
432514 1.67197e-34 1.54345e-34 1.67197e-34 1.54345e-34 1.67197e-34 1.54345e-34 
436516 1.67985e-34 1.55144e-34 1.67985e-34 1.55144e-34 1.67985e-34 1.55144e-34 
440555 1.68776e-34 1.55947e-34 1.68776e-34 1.55947e-34 1.68776e-34 1.55947e-34 
444631 1.6957e-34 1.56752e-34 1.6957e-34 1.56752e-34 1.6957e-34 1.56752e-34 
448745 1.70367e-34 1.57562e-34 1.70367e-34 1.57562e-34 1.70367e-34 1.57562e-34 
452898 1.71167e-34 1.58374e-34 1.71167e-34 1.58374e-34 1.71167e-34 1.58374e-34 
457088 1.71971e-34 1.5919e-34 1.71971e-34 1.5919e-34 1.71971e-34 1.5919e-34 
461318 1.72778e-34 1.60009e-34 1.72778e-34 1.60009e-34 1.72778e-34 1.60009e-34 
465586 1.73588e-34 1.60832e-34 1.73588e-34 1.60832e-34 1.73588e-34 1.60832e-34 
469894 1.74402e-34 1.61659e-34 1.74402e-34 1.61659e-34 1.74402e-34 1.61659e-34 
474242 1.75219e-34 1.62488e-34 1.75219e-34 1.62488e-34 1.75219e-34 1.62488e-34 
478630 1.7604e-34 1.63322e-34 1.7604e-34 1.63322e-34 1.7604e-34 1.63322e-34 
483059 1.76863e-34 1.64158e-34 1.76863e-34 1.64158e-34 1.76863e-34 1.64158e-34 
487528 1.7769e-34 1.64998e-34 1.7769e-34 1.64998e-34 1.7769e-34 1.64998e-34 
492040 1.78521e-34 1.65842e-34 1.78521e-34 1.65842e-34 1.78521e-34 1.65842e-34 
496592 1.79354e-34 1.66689e-34 1.79354e-34 1.66689e-34 1.79354e-34 1.66689e-34 
501187 1.80191e-34 1.6754e-34 1.80191e-34 1.6754e-34 1.80191e-34 1.6754e-34 
505825 1.81032e-34 1.68394e-34 1.81032e-34 1.68394e-34 1.81032e-34 1.68394e-34 
510505 1.81876e-34 1.69251e-34 1.81876e-34 1.69251e-34 1.81876e-34 1.69251e-34 
515229 1.82724e-34 1.70113e-34 1.82724e-34 1.70113e-34 1.82724e-34 1.70113e-34 
519996 1.83574e-34 1.70977e-34 1.83574e-34 1.70977e-34 1.83574e-34 1.70977e-34 
524807 1.84429e-34 1.71846e-34 1.84429e-34 1.71846e-34 1.84429e-34 1.71846e-34 
529663 1.85286e-34 1.72718e-34 1.85286e-34 1.72718e-34 1.85286e-34 1.72718e-34 
534564 1.86148e-34 1.73593e-34 1.86148e-34 1.73593e-34 1.86148e-34 1.73593e-34 
539511 1.87013e-34 1.74472e-34 1.87013e-34 1.74472e-34 1.87013e-34 1.74472e-34 
544503 1.87881e-34 1.75355e-34 1.87881e-34 1.75355e-34 1.87881e-34 1.75355e-34 
549541 1.88753e-34 1.76241e-34 1.88753e-34 1.76241e-34 1.88753e-34 1.76241e-34 
554626 1.89628e-34 1.77131e-34 1.89628e-34 1.77131e-34 1.89628e-34 1.77131e-34 
559758 1.90507e-34 1.78025e-34 1.90507e-34 1.78025e-34 1.90507e-34 1.78025e-34 
564937 1.91389e-34 1.78922e-34 1.91389e-34 1.78922e-34 1.91389e-34 1.78922e-34 
570164 1.92275e-34 1.79823e-34 1.92275e-34 1.79823e-34 1.92275e-34 1.79823e-34 
575440 1.93165e-34 1.80728e-34 1.93165e-34 1.80728e-34 1.93165e-34 1.80728e-34 
580764 1.94058e-34 1.81636e-34 1.94058e-34 1.81636e-34 1.94058e-34 1.81636e-34 
586138 1.94955e-34 1.82548e-34 1.94955e-34 1.82548e-34 1.94955e-34 1.82548e-34 
591562 1.95855e-34 1.83464e-34 1.95855e-34 1.83464e-34 1.95855e-34 1.83464e-34 
597035 1.9676e-34 1.84384e-34 1.9676e-34 1.84384e-34 1.9676e-34 1.84384e-34 
602560 1.97667e-34 1.85307e-34 1.97667e-34 1.85307e-34 1.97667e-34 1.85307e-34 
608135 1.98579e-34 1.86234e-34 1.98579e-34 1.86234e-34 1.98579e-34 1.86234e-34 
613762 1.99494e-34 1.87166e-34 1.99494e-34 1.87166e-34 1.99494e-34 1.87166e-34 
619441 2.00413e-34 1.881e-34 2.00413e-34 1.881e-34 2.00413e-34 1.881e-34 
625173 2.01335e-34 1.89038e-34 2.01335e-34 1.89038e-34 2.01335e-34 1.89038e-34 
630957 2.02261e-34 1.89981e-34 2.02261e-34 1.89981e-34 2.02261e-34 1.89981e-34 
636796 2.03191e-34 1.90927e-34 2.03191e-34 1.90927e-34 2.03191e-34 1.90927e-34 
642688 2.04125e-34 1.91877e-34 2.04125e-34 1.91877e-34 2.04125e-34 1.91877e-34 
648634 2.05063e-34 1.92831e-34 2.05063e-34 1.92831e-34 2.05063e-34 1.92831e-34 
654636 2.06004e-34 1.93789e-34 2.06004e-34 1.93789e-34 2.06004e-34 1.93789e-34 
660693 2.06949e-34 1.9475e-34 2.06949e-34 1.9475e-34 2.06949e-34 1.9475e-34 
666807 2.07898e-34 1.95716e-34 2.07898e-34 1.95716e-34 2.07898e-34 1.95716e-34 
672977 2.08851e-34 1.96685e-34 2.08851e-34 1.96685e-34 2.08851e-34 1.96685e-34 
679204 2.09807e-34 1.97658e-34 2.09807e-34 1.97658e-34 2.09807e-34 1.97658e-34 
685488 2.10767e-34 1.98636e-34 2.10767e-34 1.98636e-34 2.10767e-34 1.98636e-34 
691831 2.11732e-34 1.99617e-34 2.11732e-34 1.99617e-34 2.11732e-34 1.99617e-34 
698232 2.127e-34 2.00602e-34 2.127e-34 2.00602e-34 2.127e-34 2.00602e-34 
704693 2.13672e-34 2.01591e-34 2.13672e-34 2.01591e-34 2.13672e-34 2.01591e-34 
711214 2.14648e-34 2.02585e-34 2.14648e-34 2.02585e-34 2.14648e-34 2.02585e-34 
717794 2.15628e-34 2.03582e-34 2.15628e-34 2.03582e-34 2.15628e-34 2.03582e-34 
724436 2.16611e-34 2.04583e-34 2.16611e-34 2.04583e-34 2.16611e-34 2.04583e-34 
731139 2.17599e-34 2.05588e-34 2.17599e-34 2.05588e-34 2.17599e-34 2.05588e-34 
737904 2.18591e-34 2.06598e-34 2.18591e-34 2.06598e-34 2.18591e-34 2.06598e-34 
744732 2.19586e-34 2.07611e-34 2.19586e-34 2.07611e-34 2.19586e-34 2.07611e-34 
751623 2.20586e-34 2.08628e-34 2.20586e-34 2.08628e-34 2.20586e-34 2.08628e-34 
758578 2.2159e-34 2.0965e-34 2.2159e-34 2.0965e-34 2.2159e-34 2.0965e-34 
765597 2.22598e-34 2.10676e-34 2.22598e-34 2.10676e-34 2.22598e-34 2.10676e-34 
772681 2.23609e-34 2.11705e-34 2.23609e-34 2.11705e-34 2.23609e-34 2.11705e-34 
779830 2.24625e-34 2.12739e-34 2.24625e-34 2.12739e-34 2.24625e-34 2.12739e-34 
787046 2.25645e-34 2.13777e-34 2.25645e-34 2.13777e-34 2.25645e-34 2.13777e-34 
794328 2.26669e-34 2.1482e-34 2.26669e-34 2.1482e-34 2.26669e-34 2.1482e-34 
801678 2.27697e-34 2.15866e-34 2.27697e-34 2.15866e-34 2.27697e-34 2.15866e-34 
809096 2.28729e-34 2.16916e-34 2.28729e-34 2.16916e-34 2.28729e-34 2.16916e-34 
816582 2.29765e-34 2.17971e-34 2.29765e-34 2.17971e-34 2.29765e-34 2.17971e-34 
824138 2.30805e-34 2.1903e-34 2.30805e-34 2.1903e-34 2.30805e-34 2.1903e-34 
831764 2.3185e-34 2.20093e-34 2.3185e-34 2.20093e-34 2.3185e-34 2.20093e-34 
839460 2.32901e-34 2.21161e-34 2.32901e-34 2.21161e-34 2.32901e-34 2.21161e-34 
847227 2.33952e-34 2.22232e-34 2.33952e-34 2.22232e-34 2.33952e-34 2.22232e-34 
855067 2.35009e-34 2.23308e-34 2.35009e-34 2.23308e-34 2.35009e-34 2.23308e-34 
862979 2.3607e-34 2.24389e-34 2.3607e-34 2.24389e-34 2.3607e-34 2.24389e-34 
870964 2.37136e-34 2.25473e-34 2.37136e-34 2.25473e-34 2.37136e-34 2.25473e-34 
879023 2.38206e-34 2.26562e-34 2.38206e-34 2.26562e-34 2.38206e-34 2.26562e-34 
887156 2.3928e-34 2.27655e-34 2.3928e-34 2.27655e-34 2.3928e-34 2.27655e-34 
895365 2.40358e-34 2.28753e-34 2.40358e-34 2.28753e-34 2.40358e-34 2.28753e-34 
903649 2.41441e-34 2.29855e-34 2.41441e-34 2.29855e-34 2.41441e-34 2.29855e-34 
912011 2.42528e-34 2.30961e-34 2.42528e-34 2.30961e-34 2.42528e-34 2.30961e-34 
920450 2.43619e-34 2.32072e-34 2.43619e-34 2.32072e-34 2.43619e-34 2.32072e-34 
928966 2.44715e-34 2.33187e-34 2.44715e-34 2.33187e-34 2.44715e-34 2.33187e-34 
937562 2.45815e-34 2.34306e-34 2.45815e-34 2.34306e-34 2.45815e-34 2.34306e-34 
946237 2.46919e-34 2.3543e-34 2.46919e-34 2.3543e-34 2.46919e-34 2.3543e-34 
954993 2.48027e-34 2.36559e-34 2.48027e-34 2.36559e-34 2.48027e-34 2.36559e-34 
963829 2.49141e-34 2.37691e-34 2.49141e-34 2.37691e-34 2.49141e-34 2.37691e-34 
972747 2.50259e-34 2.38829e-34 2.50259e-34 2.38829e-34 2.50259e-34 2.38829e-34 
981748 2.5138e-34 2.3997e-34 2.5138e-34 2.3997e-34 2.5138e-34 2.3997e-34 
990832 2.52507e-34 2.41117e-34 2.52507e-34 2.41117e-34 2.52507e-34 2.41117e-34 
1e+06 2.53638e-34 2.42268e-34 2.53638e-34 2.42268e-34 2.53638e-34 2.42268e-34 
