100 9.01423e-37 2.45394e-37 9.01423e-37 2.45394e-37 7.0528e-37 1.70558e-37 
102.802 9.25647e-37 2.52536e-37 9.25647e-37 2.52536e-37 7.27896e-37 1.76625e-37 
105.682 9.50521e-37 2.59883e-37 9.50521e-37 2.59883e-37 7.51162e-37 1.82888e-37 
108.643 9.76066e-37 2.67444e-37 9.76066e-37 2.67444e-37 7.7509e-37 1.89353e-37 
111.686 1.0023e-36 2.75226e-37 1.0023e-36 2.75226e-37 7.99699e-37 1.96025e-37 
114.815 1.02923e-36 2.83232e-37 1.02923e-36 2.83232e-37 8.25005e-37 2.02911e-37 
118.032 1.0569e-36 2.91471e-37 1.0569e-36 2.91471e-37 8.51032e-37 2.10017e-37 
121.339 1.0853e-36 2.99949e-37 1.0853e-36 2.99949e-37 8.77794e-37 2.1735e-37 
124.738 1.11447e-36 3.08674e-37 1.11447e-36 3.08674e-37 9.05313e-37 2.24917e-37 
128.233 1.14442e-36 3.17652e-37 1.14442e-36 3.17652e-37 9.3361e-37 2.32725e-37 
131.826 1.17518e-36 3.26889e-37 1.17518e-36 3.26889e-37 9.62704e-37 2.4078e-37 
135.519 1.20676e-36 3.36395e-37 1.20676e-36 3.36395e-37 9.92616e-37 2.4909e-37 
139.316 1.23919e-36 3.46177e-37 1.23919e-36 3.46177e-37 1.02337e-36 2.57663e-37 
143.219 1.27249e-36 3.56242e-37 1.27249e-36 3.56242e-37 1.05499e-36 2.66507e-37 
147.231 1.30669e-36 3.66599e-37 1.30669e-36 3.66599e-37 1.08749e-36 2.7563e-37 
151.356 1.3418e-36 3.77257e-37 1.3418e-36 3.77257e-37 1.1209e-36 2.85039e-37 
155.597 1.37785e-36 3.88221e-37 1.37785e-36 3.88221e-37 1.15524e-36 2.94744e-37 
159.956 1.41487e-36 3.99508e-37 1.41487e-36 3.99508e-37 1.19055e-36 3.04752e-37 
164.437 1.45288e-36 4.11119e-37 1.45288e-36 4.11119e-37 1.22683e-36 3.15074e-37 
169.044 1.49192e-36 4.23067e-37 1.49192e-36 4.23067e-37 1.26413e-36 3.25717e-37 
173.78 1.53199e-36 4.35361e-37 1.53199e-36 4.35361e-37 1.30247e-36 3.36694e-37 
178.649 1.57314e-36 4.48011e-37 1.57314e-36 4.48011e-37 1.34186e-36 3.48011e-37 
183.654 1.61539e-36 4.61027e-37 1.61539e-36 4.61027e-37 1.38235e-36 3.59681e-37 
188.799 1.65877e-36 4.7442e-37 1.65877e-36 4.7442e-37 1.42396e-36 3.71712e-37 
194.089 1.7033e-36 4.88201e-37 1.7033e-36 4.88201e-37 1.46672e-36 3.84117e-37 
199.526 1.74904e-36 5.02381e-37 1.74904e-36 5.02381e-37 1.51066e-36 3.96904e-37 
205.116 1.79598e-36 5.1697e-37 1.79598e-36 5.1697e-37 1.55582e-36 4.10087e-37 
210.863 1.84418e-36 5.31982e-37 1.84418e-36 5.31982e-37 1.60221e-36 4.23677e-37 
216.77 1.89367e-36 5.47428e-37 1.89367e-36 5.47428e-37 1.64988e-36 4.37685e-37 
222.844 1.94448e-36 5.6332e-37 1.94448e-36 5.6332e-37 1.69886e-36 4.52124e-37 
229.087 1.99664e-36 5.79672e-37 1.99664e-36 5.79672e-37 1.74919e-36 4.67005e-37 
235.505 2.05019e-36 5.96495e-37 2.05019e-36 5.96495e-37 1.80089e-36 4.82344e-37 
242.103 2.10517e-36 6.13806e-37 2.10517e-36 6.13806e-37 1.85401e-36 4.98151e-37 
248.886 2.16161e-36 6.31615e-37 2.16161e-36 6.31615e-37 1.90858e-36 5.14442e-37 
255.859 2.21955e-36 6.49939e-37 2.21955e-36 6.49939e-37 1.96464e-36 5.31231e-37 
263.027 2.27903e-36 6.68792e-37 2.27903e-36 6.68792e-37 2.02223e-36 5.4853e-37 
270.396 2.34008e-36 6.88188e-37 2.34008e-36 6.88188e-37 2.08138e-36 5.66358e-37 
277.971 2.40277e-36 7.08144e-37 2.40277e-36 7.08144e-37 2.14214e-36 5.84726e-37 
285.759 2.46711e-36 7.28676e-37 2.46711e-36 7.28676e-37 2.20456e-36 6.03654e-37 
293.765 2.53315e-36 7.49799e-37 2.53315e-36 7.49799e-37 2.26866e-36 6.23157e-37 
301.995 2.60094e-36 7.71531e-37 2.60094e-36 7.71531e-37 2.3345e-36 6.43248e-37 
310.456 2.67053e-36 7.93888e-37 2.67053e-36 7.93888e-37 2.40216e-36 6.63946e-37 
319.154 2.74195e-36 8.16888e-37 2.74195e-36 8.16888e-37 2.47157e-36 6.85271e-37 
328.095 2.81526e-36 8.40552e-37 2.81526e-36 8.40552e-37 2.54289e-36 7.07239e-37 
337.287 2.8905e-36 8.64896e-37 2.8905e-36 8.64896e-37 2.61613e-36 7.29869e-37 
346.737 2.96773e-36 8.89939e-37 2.96773e-36 8.89939e-37 2.69135e-36 7.53179e-37 
356.451 3.047e-36 9.15702e-37 3.047e-36 9.15702e-37 2.76859e-36 7.77191e-37 
366.438 3.12835e-36 9.42206e-37 3.12835e-36 9.42206e-37 2.84789e-36 8.01923e-37 
376.704 3.21184e-36 9.6947e-37 3.21184e-36 9.6947e-37 2.92932e-36 8.27396e-37 
387.258 3.29751e-36 9.97516e-37 3.29751e-36 9.97516e-37 3.01293e-36 8.53633e-37 
398.107 3.38544e-36 1.02637e-36 3.38544e-36 1.02637e-36 3.09877e-36 8.80652e-37 
409.261 3.47567e-36 1.05605e-36 3.47567e-36 1.05605e-36 3.1869e-36 9.08481e-37 
420.727 3.56826e-36 1.08658e-36 3.56826e-36 1.08658e-36 3.27738e-36 9.37139e-37 
432.514 3.66327e-36 1.11798e-36 3.66327e-36 1.11798e-36 3.37027e-36 9.66649e-37 
444.631 3.76077e-36 1.15028e-36 3.76077e-36 1.15028e-36 3.46562e-36 9.97041e-37 
457.088 3.8608e-36 1.18351e-36 3.8608e-36 1.18351e-36 3.5635e-36 1.02833e-36 
469.894 3.96346e-36 1.21769e-36 3.96346e-36 1.21769e-36 3.66397e-36 1.06055e-36 
483.059 4.06877e-36 1.25284e-36 4.06877e-36 1.25284e-36 3.7671e-36 1.09373e-36 
496.592 4.17682e-36 1.289e-36 4.17682e-36 1.289e-36 3.87294e-36 1.12789e-36 
510.505 4.28768e-36 1.32619e-36 4.28768e-36 1.32619e-36 3.98158e-36 1.16305e-36 
524.807 4.40141e-36 1.36444e-36 4.40141e-36 1.36444e-36 4.09308e-36 1.19926e-36 
539.511 4.5181e-36 1.40378e-36 4.5181e-36 1.40378e-36 4.20749e-36 1.23654e-36 
554.626 4.63778e-36 1.44424e-36 4.63778e-36 1.44424e-36 4.32491e-36 1.27491e-36 
570.164 4.76056e-36 1.48585e-36 4.76056e-36 1.48585e-36 4.44541e-36 1.31442e-36 
586.138 4.8865e-36 1.52865e-36 4.8865e-36 1.52865e-36 4.56905e-36 1.35508e-36 
602.56 5.01568e-36 1.57266e-36 5.01568e-36 1.57266e-36 4.69592e-36 1.39694e-36 
619.441 5.14818e-36 1.61793e-36 5.14818e-36 1.61793e-36 4.82607e-36 1.44002e-36 
636.796 5.28409e-36 1.66448e-36 5.28409e-36 1.66448e-36 4.95962e-36 1.48436e-36 
654.636 5.42347e-36 1.71234e-36 5.42347e-36 1.71234e-36 5.09662e-36 1.53e-36 
672.977 5.56641e-36 1.76157e-36 5.56641e-36 1.76157e-36 5.23718e-36 1.57698e-36 
691.831 5.71301e-36 1.81219e-36 5.71301e-36 1.81219e-36 5.38136e-36 1.62531e-36 
711.214 5.86334e-36 1.86424e-36 5.86334e-36 1.86424e-36 5.52925e-36 1.67507e-36 
731.139 6.01747e-36 1.91777e-36 6.01747e-36 1.91777e-36 5.68096e-36 1.72627e-36 
751.623 6.17553e-36 1.9728e-36 6.17553e-36 1.9728e-36 5.83655e-36 1.77895e-36 
772.681 6.33759e-36 2.02939e-36 6.33759e-36 2.02939e-36 5.99612e-36 1.83316e-36 
794.328 6.50376e-36 2.08758e-36 6.50376e-36 2.08758e-36 6.15979e-36 1.88894e-36 
816.582 6.67411e-36 2.1474e-36 6.67411e-36 2.1474e-36 6.32761e-36 1.94634e-36 
839.46 6.84874e-36 2.20892e-36 6.84874e-36 2.20892e-36 6.49971e-36 2.00539e-36 
862.979 7.02778e-36 2.27214e-36 7.02778e-36 2.27214e-36 6.67617e-36 2.06615e-36 
887.156 7.21127e-36 2.33716e-36 7.21127e-36 2.33716e-36 6.8571e-36 2.12866e-36 
912.011 7.39939e-36 2.404e-36 7.39939e-36 2.404e-36 7.04261e-36 2.19296e-36 
937.562 7.59218e-36 2.47271e-36 7.59218e-36 2.47271e-36 7.23278e-36 2.25911e-36 
963.829 7.78978e-36 2.54334e-36 7.78978e-36 2.54334e-36 7.42775e-36 2.32716e-36 
990.832 7.99228e-36 2.61595e-36 7.99228e-36 2.61595e-36 7.62759e-36 2.39715e-36 
1018.59 8.19978e-36 2.69059e-36 8.19978e-36 2.69059e-36 7.83244e-36 2.46915e-36 
1047.13 8.41247e-36 2.76732e-36 8.41247e-36 2.76732e-36 8.04239e-36 2.5432e-36 
1076.47 8.63037e-36 2.84618e-36 8.63037e-36 2.84618e-36 8.25757e-36 2.61937e-36 
1106.62 8.85363e-36 2.92724e-36 8.85363e-36 2.92724e-36 8.47809e-36 2.6977e-36 
1137.63 9.08237e-36 3.01056e-36 9.08237e-36 3.01056e-36 8.70405e-36 2.77826e-36 
1169.5 9.31667e-36 3.09619e-36 9.31667e-36 3.09619e-36 8.93559e-36 2.86111e-36 
1202.26 9.55673e-36 3.18419e-36 9.55673e-36 3.18419e-36 9.17285e-36 2.9463e-36 
1235.95 9.80264e-36 3.27464e-36 9.80264e-36 3.27464e-36 9.41591e-36 3.0339e-36 
1270.57 1.00545e-35 3.36759e-36 1.00545e-35 3.36759e-36 9.66488e-36 3.12398e-36 
1306.17 1.03124e-35 3.4631e-36 1.03124e-35 3.4631e-36 9.91995e-36 3.21659e-36 
1342.76 1.05766e-35 3.56126e-36 1.05766e-35 3.56126e-36 1.01812e-35 3.31181e-36 
1380.38 1.08471e-35 3.66211e-36 1.08471e-35 3.66211e-36 1.04488e-35 3.40971e-36 
1419.06 1.11241e-35 3.76575e-36 1.11241e-35 3.76575e-36 1.07229e-35 3.51036e-36 
1458.81 1.14077e-35 3.87224e-36 1.14077e-35 3.87224e-36 1.10035e-35 3.61382e-36 
1499.68 1.16981e-35 3.98164e-36 1.16981e-35 3.98164e-36 1.12909e-35 3.72017e-36 
1541.7 1.19953e-35 4.09405e-36 1.19953e-35 4.09405e-36 1.15851e-35 3.82949e-36 
1584.89 1.22996e-35 4.20952e-36 1.22996e-35 4.20952e-36 1.18864e-35 3.94186e-36 
1629.3 1.26111e-35 4.32816e-36 1.26111e-35 4.32816e-36 1.21948e-35 4.05735e-36 
1674.94 1.29299e-35 4.45003e-36 1.29299e-35 4.45003e-36 1.25105e-35 4.17604e-36 
1721.87 1.32561e-35 4.57524e-36 1.32561e-35 4.57524e-36 1.28336e-35 4.29803e-36 
1770.11 1.35899e-35 4.70383e-36 1.35899e-35 4.70383e-36 1.31643e-35 4.42339e-36 
1819.7 1.39316e-35 4.83592e-36 1.39316e-35 4.83592e-36 1.35028e-35 4.5522e-36 
1870.68 1.42811e-35 4.9716e-36 1.42811e-35 4.9716e-36 1.38491e-35 4.68457e-36 
1923.09 1.46386e-35 5.11094e-36 1.46386e-35 5.11094e-36 1.42035e-35 4.82057e-36 
1976.97 1.50044e-35 5.25403e-36 1.50044e-35 5.25403e-36 1.4566e-35 4.9603e-36 
2032.36 1.53786e-35 5.40101e-36 1.53786e-35 5.40101e-36 1.49369e-35 5.10385e-36 
2089.3 1.57613e-35 5.55192e-36 1.57613e-35 5.55192e-36 1.53163e-35 5.25132e-36 
2147.83 1.61526e-35 5.70689e-36 1.61526e-35 5.70689e-36 1.57044e-35 5.40282e-36 
2208 1.65528e-35 5.86602e-36 1.65528e-35 5.86602e-36 1.61013e-35 5.55844e-36 
2269.86 1.6962e-35 6.0294e-36 1.6962e-35 6.0294e-36 1.65071e-35 5.71828e-36 
2333.46 1.73804e-35 6.19715e-36 1.73804e-35 6.19715e-36 1.69221e-35 5.88245e-36 
2398.83 1.78081e-35 6.36936e-36 1.78081e-35 6.36936e-36 1.73464e-35 6.05106e-36 
2466.04 1.82453e-35 6.54615e-36 1.82453e-35 6.54615e-36 1.77802e-35 6.22421e-36 
2535.13 1.86922e-35 6.72764e-36 1.86922e-35 6.72764e-36 1.82236e-35 6.40202e-36 
2606.15 1.91489e-35 6.91394e-36 1.91489e-35 6.91394e-36 1.86768e-35 6.58461e-36 
2679.17 1.96155e-35 7.10517e-36 1.96155e-35 7.10517e-36 1.914e-35 6.77206e-36 
2754.23 2.00924e-35 7.30143e-36 2.00924e-35 7.30143e-36 1.96133e-35 6.96456e-36 
2831.39 2.05796e-35 7.50286e-36 2.05796e-35 7.50286e-36 2.0097e-35 7.16217e-36 
2910.72 2.10774e-35 7.70959e-36 2.10774e-35 7.70959e-36 2.05911e-35 7.36503e-36 
2992.26 2.15858e-35 7.92171e-36 2.15858e-35 7.92171e-36 2.10959e-35 7.57327e-36 
3076.1 2.21051e-35 8.13939e-36 2.21051e-35 8.13939e-36 2.16115e-35 7.787e-36 
3162.28 2.26354e-35 8.36275e-36 2.26354e-35 8.36275e-36 2.21382e-35 8.0064e-36 
3250.87 2.31769e-35 8.59191e-36 2.31769e-35 8.59191e-36 2.26761e-35 8.23155e-36 
3341.95 2.37299e-35 8.82703e-36 2.37299e-35 8.82703e-36 2.32253e-35 8.46263e-36 
3435.58 2.42944e-35 9.06822e-36 2.42944e-35 9.06822e-36 2.3786e-35 8.69974e-36 
3531.83 2.48707e-35 9.31564e-36 2.48707e-35 9.31564e-36 2.43585e-35 8.94305e-36 
3630.78 2.54588e-35 9.56943e-36 2.54588e-35 9.56943e-36 2.49428e-35 9.19268e-36 
3732.5 2.60592e-35 9.82975e-36 2.60592e-35 9.82975e-36 2.55393e-35 9.44879e-36 
3837.07 2.66717e-35 1.00967e-35 2.66717e-35 1.00967e-35 2.6148e-35 9.71156e-36 
3944.57 2.72968e-35 1.03705e-35 2.72968e-35 1.03705e-35 2.67691e-35 9.98108e-36 
4055.09 2.79345e-35 1.06513e-35 2.79345e-35 1.06513e-35 2.74029e-35 1.02576e-35 
4168.69 2.85851e-35 1.09392e-35 2.85851e-35 1.09392e-35 2.80495e-35 1.05411e-35 
4285.49 2.92486e-35 1.12344e-35 2.92486e-35 1.12344e-35 2.87091e-35 1.0832e-35 
4405.55 2.99254e-35 1.15371e-35 2.99254e-35 1.15371e-35 2.93818e-35 1.11302e-35 
4528.98 3.06154e-35 1.18474e-35 3.06154e-35 1.18474e-35 3.00679e-35 1.1436e-35 
4655.86 3.13192e-35 1.21655e-35 3.13192e-35 1.21655e-35 3.07676e-35 1.17496e-35 
4786.3 3.20367e-35 1.24915e-35 3.20367e-35 1.24915e-35 3.14809e-35 1.20712e-35 
4920.4 3.27681e-35 1.28257e-35 3.27681e-35 1.28257e-35 3.22081e-35 1.24008e-35 
5058.25 3.35136e-35 1.31683e-35 3.35136e-35 1.31683e-35 3.29494e-35 1.27387e-35 
5199.96 3.42734e-35 1.35193e-35 3.42734e-35 1.35193e-35 3.3705e-35 1.3085e-35 
5345.64 3.50477e-35 1.3879e-35 3.50477e-35 1.3879e-35 3.4475e-35 1.344e-35 
5495.41 3.58366e-35 1.42476e-35 3.58366e-35 1.42476e-35 3.52597e-35 1.38039e-35 
5649.37 3.66403e-35 1.46252e-35 3.66403e-35 1.46252e-35 3.60592e-35 1.41767e-35 
5807.64 3.74592e-35 1.50121e-35 3.74592e-35 1.50121e-35 3.68736e-35 1.45588e-35 
5970.35 3.82932e-35 1.54084e-35 3.82932e-35 1.54084e-35 3.77032e-35 1.49503e-35 
6137.62 3.91426e-35 1.58144e-35 3.91426e-35 1.58144e-35 3.85482e-35 1.53513e-35 
6309.57 4.00076e-35 1.62303e-35 4.00076e-35 1.62303e-35 3.94087e-35 1.57622e-35 
6486.34 4.08882e-35 1.66562e-35 4.08882e-35 1.66562e-35 4.0285e-35 1.61831e-35 
6668.07 4.17849e-35 1.70923e-35 4.17849e-35 1.70923e-35 4.11771e-35 1.66143e-35 
6854.88 4.26976e-35 1.7539e-35 4.26976e-35 1.7539e-35 4.20853e-35 1.70558e-35 
7046.93 4.36266e-35 1.79963e-35 4.36266e-35 1.79963e-35 4.30097e-35 1.7508e-35 
7244.36 4.45722e-35 1.84645e-35 4.45722e-35 1.84645e-35 4.39506e-35 1.79711e-35 
7447.32 4.55343e-35 1.89439e-35 4.55343e-35 1.89439e-35 4.49082e-35 1.84452e-35 
7655.97 4.65132e-35 1.94346e-35 4.65132e-35 1.94346e-35 4.58824e-35 1.89307e-35 
7870.46 4.75092e-35 1.99369e-35 4.75092e-35 1.99369e-35 4.68737e-35 1.94277e-35 
8090.96 4.85224e-35 2.0451e-35 4.85224e-35 2.0451e-35 4.7882e-35 1.99364e-35 
8317.64 4.9553e-35 2.09771e-35 4.9553e-35 2.09771e-35 4.89078e-35 2.04571e-35 
8550.67 5.0601e-35 2.15155e-35 5.0601e-35 2.15155e-35 4.9951e-35 2.09901e-35 
8790.23 5.16669e-35 2.20664e-35 5.16669e-35 2.20664e-35 5.10118e-35 2.15355e-35 
9036.49 5.27505e-35 2.263e-35 5.27505e-35 2.263e-35 5.20907e-35 2.20937e-35 
9289.66 5.38523e-35 2.32067e-35 5.38523e-35 2.32067e-35 5.31874e-35 2.26647e-35 
9549.93 5.49722e-35 2.37965e-35 5.49722e-35 2.37965e-35 5.43024e-35 2.3249e-35 
9817.48 5.61105e-35 2.43999e-35 5.61105e-35 2.43999e-35 5.54358e-35 2.38467e-35 
10092.5 5.72675e-35 2.5017e-35 5.72675e-35 2.5017e-35 5.65876e-35 2.44581e-35 
10375.3 5.84433e-35 2.56482e-35 5.84433e-35 2.56482e-35 5.77582e-35 2.50835e-35 
10666 5.9638e-35 2.62935e-35 5.9638e-35 2.62935e-35 5.89478e-35 2.57231e-35 
10964.8 6.08517e-35 2.69534e-35 6.08517e-35 2.69534e-35 6.01563e-35 2.63771e-35 
11272 6.20849e-35 2.76281e-35 6.20849e-35 2.76281e-35 6.13842e-35 2.70459e-35 
11587.8 6.33372e-35 2.83179e-35 6.33372e-35 2.83179e-35 6.26314e-35 2.77297e-35 
11912.4 6.46094e-35 2.9023e-35 6.46094e-35 2.9023e-35 6.38982e-35 2.84288e-35 
12246.2 6.59014e-35 2.97437e-35 6.59014e-35 2.97437e-35 6.51848e-35 2.91435e-35 
12589.3 6.72134e-35 3.04802e-35 6.72134e-35 3.04802e-35 6.64913e-35 2.9874e-35 
12942 6.85454e-35 3.1233e-35 6.85454e-35 3.1233e-35 6.78179e-35 3.06206e-35 
13304.5 6.98977e-35 3.20021e-35 6.98977e-35 3.20021e-35 6.91648e-35 3.13836e-35 
13677.3 7.12705e-35 3.27881e-35 7.12705e-35 3.27881e-35 7.05322e-35 3.21633e-35 
14060.5 7.26642e-35 3.35909e-35 7.26642e-35 3.35909e-35 7.19203e-35 3.29599e-35 
14454.4 7.40786e-35 3.44112e-35 7.40786e-35 3.44112e-35 7.3329e-35 3.37738e-35 
14859.4 7.5514e-35 3.5249e-35 7.5514e-35 3.5249e-35 7.47585e-35 3.46053e-35 
15275.7 7.69705e-35 3.61048e-35 7.69705e-35 3.61048e-35 7.62096e-35 3.54546e-35 
15703.6 7.84485e-35 3.69788e-35 7.84485e-35 3.69788e-35 7.76818e-35 3.63221e-35 
16143.6 7.99482e-35 3.78712e-35 7.99482e-35 3.78712e-35 7.91755e-35 3.72081e-35 
16595.9 8.14693e-35 3.87825e-35 8.14693e-35 3.87825e-35 8.06909e-35 3.81128e-35 
17060.8 8.30125e-35 3.97128e-35 8.30125e-35 3.97128e-35 8.22281e-35 3.90365e-35 
17538.8 8.45779e-35 4.06627e-35 8.45779e-35 4.06627e-35 8.37874e-35 3.99796e-35 
18030.2 8.61651e-35 4.16322e-35 8.61651e-35 4.16322e-35 8.53688e-35 4.09425e-35 
18535.3 8.7775e-35 4.26219e-35 8.7775e-35 4.26219e-35 8.69727e-35 4.19254e-35 
19054.6 8.94076e-35 4.36319e-35 8.94076e-35 4.36319e-35 8.85992e-35 4.29286e-35 
19588.4 9.1063e-35 4.46627e-35 9.1063e-35 4.46627e-35 9.02484e-35 4.39525e-35 
20137.2 9.27412e-35 4.57145e-35 9.27412e-35 4.57145e-35 9.19206e-35 4.49973e-35 
20701.4 9.44429e-35 4.67877e-35 9.44429e-35 4.67877e-35 9.36159e-35 4.60635e-35 
21281.4 9.61678e-35 4.78825e-35 9.61678e-35 4.78825e-35 9.53344e-35 4.71513e-35 
21877.6 9.79162e-35 4.89993e-35 9.79162e-35 4.89993e-35 9.70766e-35 4.82612e-35 
22490.5 9.96883e-35 5.01389e-35 9.96883e-35 5.01389e-35 9.88424e-35 4.93932e-35 
23120.6 1.01485e-34 5.13006e-35 1.01485e-34 5.13006e-35 1.00632e-34 5.0548e-35 
23768.4 1.03305e-34 5.24856e-35 1.03305e-34 5.24856e-35 1.02446e-34 5.17257e-35 
24434.3 1.0515e-34 5.3694e-35 1.0515e-34 5.3694e-35 1.04284e-34 5.29268e-35 
25118.9 1.07019e-34 5.49261e-35 1.07019e-34 5.49261e-35 1.06147e-34 5.41516e-35 
25822.6 1.08913e-34 5.61824e-35 1.08913e-34 5.61824e-35 1.08034e-34 5.54005e-35 
26546.1 1.10832e-34 5.7463e-35 1.10832e-34 5.7463e-35 1.09946e-34 5.66736e-35 
27289.8 1.12775e-34 5.87685e-35 1.12775e-34 5.87685e-35 1.11883e-34 5.79717e-35 
28054.3 1.14745e-34 6.00991e-35 1.14745e-34 6.00991e-35 1.13846e-34 5.92946e-35 
28840.3 1.1674e-34 6.14553e-35 1.1674e-34 6.14553e-35 1.15834e-34 6.06432e-35 
29648.3 1.18761e-34 6.28373e-35 1.18761e-34 6.28373e-35 1.17848e-34 6.20175e-35 
30478.9 1.20808e-34 6.42456e-35 1.20808e-34 6.42456e-35 1.19888e-34 6.3418e-35 
31332.9 1.22881e-34 6.56805e-35 1.22881e-34 6.56805e-35 1.21954e-34 6.48451e-35 
32210.7 1.24981e-34 6.71424e-35 1.24981e-34 6.71424e-35 1.24046e-34 6.62992e-35 
33113.1 1.27107e-34 6.86316e-35 1.27107e-34 6.86316e-35 1.26166e-34 6.77805e-35 
34040.8 1.2926e-34 7.01486e-35 1.2926e-34 7.01486e-35 1.28312e-34 6.92894e-35 
34994.5 1.31441e-34 7.16937e-35 1.31441e-34 7.16937e-35 1.30485e-34 7.08265e-35 
35974.9 1.33648e-34 7.32673e-35 1.33648e-34 7.32673e-35 1.32685e-34 7.2392e-35 
36982.8 1.35884e-34 7.48698e-35 1.35884e-34 7.48698e-35 1.34913e-34 7.39863e-35 
38018.9 1.38147e-34 7.65015e-35 1.38147e-34 7.65015e-35 1.37169e-34 7.56098e-35 
39084.1 1.40439e-34 7.81629e-35 1.40439e-34 7.81629e-35 1.39453e-34 7.72629e-35 
40179.1 1.42759e-34 7.98543e-35 1.42759e-34 7.98543e-35 1.41766e-34 7.89461e-35 
41304.8 1.45108e-34 8.15762e-35 1.45108e-34 8.15762e-35 1.44107e-34 8.06595e-35 
42462 1.47485e-34 8.33289e-35 1.47485e-34 8.33289e-35 1.46477e-34 8.24038e-35 
43651.6 1.49892e-34 8.51129e-35 1.49892e-34 8.51129e-35 1.48876e-34 8.41792e-35 
44874.5 1.52329e-34 8.69285e-35 1.52329e-34 8.69285e-35 1.51304e-34 8.59862e-35 
46131.8 1.54795e-34 8.87761e-35 1.54795e-34 8.87761e-35 1.53763e-34 8.78253e-35 
47424.2 1.57291e-34 9.06563e-35 1.57291e-34 9.06563e-35 1.56251e-34 8.96967e-35 
48752.8 1.59818e-34 9.25693e-35 1.59818e-34 9.25693e-35 1.5877e-34 9.16008e-35 
50118.7 1.62375e-34 9.45155e-35 1.62375e-34 9.45155e-35 1.61319e-34 9.35383e-35 
51522.9 1.64963e-34 9.64955e-35 1.64963e-34 9.64955e-35 1.63899e-34 9.55094e-35 
52966.3 1.67582e-34 9.85097e-35 1.67582e-34 9.85097e-35 1.6651e-34 9.75146e-35 
54450.3 1.70234e-34 1.00558e-34 1.70234e-34 1.00558e-34 1.69153e-34 9.95541e-35 
55975.8 1.72916e-34 1.02642e-34 1.72916e-34 1.02642e-34 1.71827e-34 1.01629e-34 
57544 1.75631e-34 1.04761e-34 1.75631e-34 1.04761e-34 1.74534e-34 1.03738e-34 
59156.2 1.78379e-34 1.06916e-34 1.78379e-34 1.06916e-34 1.77273e-34 1.05884e-34 
60813.5 1.81159e-34 1.09107e-34 1.81159e-34 1.09107e-34 1.80044e-34 1.08066e-34 
62517.3 1.83973e-34 1.11334e-34 1.83973e-34 1.11334e-34 1.82848e-34 1.10284e-34 
64268.8 1.8682e-34 1.13599e-34 1.8682e-34 1.13599e-34 1.85688e-34 1.1254e-34 
66069.3 1.89701e-34 1.15902e-34 1.89701e-34 1.15902e-34 1.8856e-34 1.14833e-34 
67920.4 1.92616e-34 1.18242e-34 1.92616e-34 1.18242e-34 1.91466e-34 1.17164e-34 
69823.2 1.95566e-34 1.20621e-34 1.95566e-34 1.20621e-34 1.94407e-34 1.19533e-34 
71779.4 1.98551e-34 1.23039e-34 1.98551e-34 1.23039e-34 1.97383e-34 1.21941e-34 
73790.4 2.01571e-34 1.25496e-34 2.01571e-34 1.25496e-34 2.00394e-34 1.24389e-34 
75857.8 2.04626e-34 1.27993e-34 2.04626e-34 1.27993e-34 2.0344e-34 1.26876e-34 
77983 2.07718e-34 1.30531e-34 2.07718e-34 1.30531e-34 2.06523e-34 1.29403e-34 
80167.8 2.10846e-34 1.33109e-34 2.10846e-34 1.33109e-34 2.09642e-34 1.31971e-34 
82413.8 2.14011e-34 1.35728e-34 2.14011e-34 1.35728e-34 2.12797e-34 1.34581e-34 
84722.7 2.17213e-34 1.38389e-34 2.17213e-34 1.38389e-34 2.1599e-34 1.37232e-34 
87096.4 2.20454e-34 1.41092e-34 2.20454e-34 1.41092e-34 2.1922e-34 1.39925e-34 
89536.5 2.23732e-34 1.43838e-34 2.23732e-34 1.43838e-34 2.22489e-34 1.4266e-34 
92045 2.27048e-34 1.46627e-34 2.27048e-34 1.46627e-34 2.25795e-34 1.45439e-34 
94623.7 2.30403e-34 1.4946e-34 2.30403e-34 1.4946e-34 2.29141e-34 1.48261e-34 
97274.7 2.33798e-34 1.52337e-34 2.33798e-34 1.52337e-34 2.32527e-34 1.51127e-34 
100000 2.37233e-34 1.55258e-34 2.37233e-34 1.55258e-34 2.35951e-34 1.54038e-34 
102802 2.40707e-34 1.58224e-34 2.40707e-34 1.58224e-34 2.39416e-34 1.56994e-34 
105682 2.44223e-34 1.61237e-34 2.44223e-34 1.61237e-34 2.4292e-34 1.59995e-34 
108643 2.4778e-34 1.64295e-34 2.4778e-34 1.64295e-34 2.46468e-34 1.63043e-34 
111686 2.51378e-34 1.67399e-34 2.51378e-34 1.67399e-34 2.50055e-34 1.66136e-34 
114815 2.55018e-34 1.70551e-34 2.55018e-34 1.70551e-34 2.53685e-34 1.69277e-34 
118032 2.58701e-34 1.73751e-34 2.58701e-34 1.73751e-34 2.57358e-34 1.72466e-34 
121339 2.62426e-34 1.76998e-34 2.62426e-34 1.76998e-34 2.61073e-34 1.75702e-34 
124738 2.66196e-34 1.80295e-34 2.66196e-34 1.80295e-34 2.64831e-34 1.78988e-34 
128233 2.70009e-34 1.8364e-34 2.70009e-34 1.8364e-34 2.68634e-34 1.82322e-34 
131826 2.73867e-34 1.87035e-34 2.73867e-34 1.87035e-34 2.72482e-34 1.85706e-34 
135519 2.7777e-34 1.90481e-34 2.7777e-34 1.90481e-34 2.76373e-34 1.8914e-34 
139316 2.81718e-34 1.93977e-34 2.81718e-34 1.93977e-34 2.80311e-34 1.92625e-34 
143219 2.85712e-34 1.97525e-34 2.85712e-34 1.97525e-34 2.84294e-34 1.96161e-34 
147231 2.89753e-34 2.01125e-34 2.89753e-34 2.01125e-34 2.88324e-34 1.99749e-34 
151356 2.93841e-34 2.04777e-34 2.93841e-34 2.04777e-34 2.92401e-34 2.03389e-34 
155597 2.97977e-34 2.08482e-34 2.97977e-34 2.08482e-34 2.96526e-34 2.07082e-34 
159956 3.02161e-34 2.1224e-34 3.02161e-34 2.1224e-34 3.00698e-34 2.10829e-34 
164437 3.06394e-34 2.16053e-34 3.06394e-34 2.16053e-34 3.04919e-34 2.1463e-34 
169044 3.10676e-34 2.19921e-34 3.10676e-34 2.19921e-34 3.0919e-34 2.18485e-34 
173780 3.15008e-34 2.23843e-34 3.15008e-34 2.23843e-34 3.13511e-34 2.22396e-34 
178649 3.19391e-34 2.27822e-34 3.19391e-34 2.27822e-34 3.17882e-34 2.26362e-34 
183654 3.23824e-34 2.31856e-34 3.23824e-34 2.31856e-34 3.22303e-34 2.30385e-34 
188799 3.2831e-34 2.35949e-34 3.2831e-34 2.35949e-34 3.26777e-34 2.34465e-34 
194089 3.32847e-34 2.40099e-34 3.32847e-34 2.40099e-34 3.31302e-34 2.38602e-34 
199526 3.37437e-34 2.44307e-34 3.37437e-34 2.44307e-34 3.3588e-34 2.42797e-34 
205116 3.42081e-34 2.48574e-34 3.42081e-34 2.48574e-34 3.40512e-34 2.47052e-34 
210863 3.4678e-34 2.52901e-34 3.4678e-34 2.52901e-34 3.45199e-34 2.51365e-34 
216770 3.51532e-34 2.57287e-34 3.51532e-34 2.57287e-34 3.49939e-34 2.55739e-34 
222844 3.5634e-34 2.61734e-34 3.5634e-34 2.61734e-34 3.54734e-34 2.60173e-34 
229087 3.61204e-34 2.66242e-34 3.61204e-34 2.66242e-34 3.59586e-34 2.64669e-34 
235505 3.66125e-34 2.70813e-34 3.66125e-34 2.70813e-34 3.64494e-34 2.69226e-34 
242103 3.71104e-34 2.75446e-34 3.71104e-34 2.75446e-34 3.6946e-34 2.73846e-34 
248886 3.76139e-34 2.80142e-34 3.76139e-34 2.80142e-34 3.74483e-34 2.78529e-34 
255859 3.81234e-34 2.84902e-34 3.81234e-34 2.84902e-34 3.79565e-34 2.83276e-34 
263027 3.86389e-34 2.89727e-34 3.86389e-34 2.89727e-34 3.84707e-34 2.88087e-34 
270396 3.91603e-34 2.94617e-34 3.91603e-34 2.94617e-34 3.89907e-34 2.92963e-34 
277971 3.96878e-34 2.99573e-34 3.96878e-34 2.99573e-34 3.95169e-34 2.97906e-34 
285759 4.02214e-34 3.04596e-34 4.02214e-34 3.04596e-34 4.00492e-34 3.02915e-34 
293765 4.07613e-34 3.09686e-34 4.07613e-34 3.09686e-34 4.05877e-34 3.0799e-34 
301995 4.13074e-34 3.14843e-34 4.13074e-34 3.14843e-34 4.11325e-34 3.13134e-34 
310456 4.18599e-34 3.20069e-34 4.18599e-34 3.20069e-34 4.16837e-34 3.18346e-34 
319154 4.24188e-34 3.25365e-34 4.24188e-34 3.25365e-34 4.22412e-34 3.23628e-34 
328095 4.29842e-34 3.30731e-34 4.29842e-34 3.30731e-34 4.28052e-34 3.28979e-34 
337287 4.35562e-34 3.36167e-34 4.35562e-34 3.36167e-34 4.33758e-34 3.34401e-34 
346737 4.41349e-34 3.41674e-34 4.41349e-34 3.41674e-34 4.39531e-34 3.39895e-34 
356451 4.47203e-34 3.47255e-34 4.47203e-34 3.47255e-34 4.45371e-34 3.4546e-34 
366438 4.53124e-34 3.52907e-34 4.53124e-34 3.52907e-34 4.51278e-34 3.51098e-34 
376704 4.59115e-34 3.58634e-34 4.59115e-34 3.58634e-34 4.57255e-34 3.5681e-34 
387258 4.65176e-34 3.64435e-34 4.65176e-34 3.64435e-34 4.63301e-34 3.62596e-34 
398107 4.71306e-34 3.70311e-34 4.71306e-34 3.70311e-34 4.69417e-34 3.68458e-34 
409261 4.77508e-34 3.76264e-34 4.77508e-34 3.76264e-34 4.75604e-34 3.74394e-34 
420727 4.83782e-34 3.82292e-34 4.83782e-34 3.82292e-34 4.81864e-34 3.80408e-34 
432514 4.90129e-34 3.88398e-34 4.90129e-34 3.88398e-34 4.88196e-34 3.86499e-34 
444631 4.9655e-34 3.94583e-34 4.9655e-34 3.94583e-34 4.94601e-34 3.92668e-34 
457088 5.03045e-34 4.00846e-34 5.03045e-34 4.00846e-34 5.01081e-34 3.98916e-34 
469894 5.09616e-34 4.07189e-34 5.09616e-34 4.07189e-34 5.07637e-34 4.05244e-34 
483059 5.16261e-34 4.13612e-34 5.16261e-34 4.13612e-34 5.14268e-34 4.11652e-34 
496592 5.22985e-34 4.20118e-34 5.22985e-34 4.20118e-34 5.20976e-34 4.18141e-34 
510505 5.29787e-34 4.26706e-34 5.29787e-34 4.26706e-34 5.27762e-34 4.24713e-34 
524807 5.36667e-34 4.33376e-34 5.36667e-34 4.33376e-34 5.34627e-34 4.31367e-34 
539511 5.43627e-34 4.4013e-34 5.43627e-34 4.4013e-34 5.41571e-34 4.38105e-34 
554626 5.50667e-34 4.46969e-34 5.50667e-34 4.46969e-34 5.48595e-34 4.44928e-34 
570164 5.57789e-34 4.53894e-34 5.57789e-34 4.53894e-34 5.55701e-34 4.51837e-34 
586138 5.64993e-34 4.60905e-34 5.64993e-34 4.60905e-34 5.62889e-34 4.58832e-34 
602560 5.72281e-34 4.68004e-34 5.72281e-34 4.68004e-34 5.7016e-34 4.65914e-34 
619441 5.79652e-34 4.75191e-34 5.79652e-34 4.75191e-34 5.77516e-34 4.73084e-34 
636796 5.87108e-34 4.82465e-34 5.87108e-34 4.82465e-34 5.84956e-34 4.80342e-34 
654636 5.94651e-34 4.89831e-34 5.94651e-34 4.89831e-34 5.92482e-34 4.87691e-34 
672977 6.02281e-34 4.97288e-34 6.02281e-34 4.97288e-34 6.00094e-34 4.95131e-34 
691831 6.09998e-34 5.04835e-34 6.09998e-34 5.04835e-34 6.07795e-34 5.02662e-34 
711214 6.17805e-34 5.12476e-34 6.17805e-34 5.12476e-34 6.15585e-34 5.10285e-34 
731139 6.25701e-34 5.20211e-34 6.25701e-34 5.20211e-34 6.23464e-34 5.18002e-34 
751623 6.33689e-34 5.2804e-34 6.33689e-34 5.2804e-34 6.31434e-34 5.25814e-34 
772681 6.41765e-34 5.35964e-34 6.41765e-34 5.35964e-34 6.39495e-34 5.3372e-34 
794328 6.49938e-34 5.43984e-34 6.49938e-34 5.43984e-34 6.47648e-34 5.41723e-34 
816582 6.58203e-34 5.52103e-34 6.58203e-34 5.52103e-34 6.55897e-34 5.49822e-34 
839460 6.66563e-34 5.60318e-34 6.66563e-34 5.60318e-34 6.64239e-34 5.58021e-34 
862979 6.75019e-34 5.68634e-34 6.75019e-34 5.68634e-34 6.72678e-34 5.66318e-34 
887156 6.83572e-34 5.77049e-34 6.83572e-34 5.77049e-34 6.81213e-34 5.74716e-34 
912011 6.92223e-34 5.85566e-34 6.92223e-34 5.85566e-34 6.89846e-34 5.83214e-34 
937562 7.00972e-34 5.94185e-34 7.00972e-34 5.94185e-34 6.98577e-34 5.91815e-34 
963829 7.09822e-34 6.02907e-34 7.09822e-34 6.02907e-34 7.07409e-34 6.00518e-34 
990832 7.18773e-34 6.11734e-34 7.18773e-34 6.11734e-34 7.16341e-34 6.09327e-34 
1.01859e+06 7.27826e-34 6.20665e-34 7.27826e-34 6.20665e-34 7.25376e-34 6.1824e-34 
1.04713e+06 7.36982e-34 6.29704e-34 7.36982e-34 6.29704e-34 7.34514e-34 6.27259e-34 
1.07647e+06 7.46242e-34 6.38849e-34 7.46242e-34 6.38849e-34 7.43755e-34 6.36386e-34 
1.10662e+06 7.55608e-34 6.48103e-34 7.55608e-34 6.48103e-34 7.53102e-34 6.45621e-34 
1.13763e+06 7.65081e-34 6.57466e-34 7.65081e-34 6.57466e-34 7.62555e-34 6.54964e-34 
1.1695e+06 7.74661e-34 6.66941e-34 7.74661e-34 6.66941e-34 7.72116e-34 6.64418e-34 
1.20226e+06 7.84349e-34 6.76525e-34 7.84349e-34 6.76525e-34 7.81786e-34 6.73984e-34 
1.23595e+06 7.94148e-34 6.86224e-34 7.94148e-34 6.86224e-34 7.91565e-34 6.83664e-34 
1.27057e+06 8.04057e-34 6.96036e-34 8.04057e-34 6.96036e-34 8.01455e-34 6.93455e-34 
1.30617e+06 8.14079e-34 7.05962e-34 8.14079e-34 7.05962e-34 8.11457e-34 7.03362e-34 
1.34276e+06 8.24213e-34 7.16005e-34 8.24213e-34 7.16005e-34 8.21573e-34 7.13384e-34 
1.38038e+06 8.34465e-34 7.26165e-34 8.34465e-34 7.26165e-34 8.31803e-34 7.23525e-34 
1.41906e+06 8.44831e-34 7.36445e-34 8.44831e-34 7.36445e-34 8.42148e-34 7.33783e-34 
1.45881e+06 8.55313e-34 7.46841e-34 8.55313e-34 7.46841e-34 8.52611e-34 7.4416e-34 
1.49968e+06 8.65913e-34 7.5736e-34 8.65913e-34 7.5736e-34 8.6319e-34 7.54658e-34 
1.5417e+06 8.76634e-34 7.68e-34 8.76634e-34 7.68e-34 8.7389e-34 7.65277e-34 
1.58489e+06 8.87473e-34 7.78764e-34 8.87473e-34 7.78764e-34 8.84711e-34 7.7602e-34 
1.6293e+06 8.98436e-34 7.89651e-34 8.98436e-34 7.89651e-34 8.95652e-34 7.86886e-34 
1.67494e+06 9.09521e-34 8.00663e-34 9.09521e-34 8.00663e-34 9.06716e-34 7.97877e-34 
1.72187e+06 9.20731e-34 8.11802e-34 9.20731e-34 8.11802e-34 9.17905e-34 8.08995e-34 
1.77011e+06 9.32067e-34 8.2307e-34 9.32067e-34 8.2307e-34 9.2922e-34 8.20242e-34 
1.8197e+06 9.43529e-34 8.34452e-34 9.43529e-34 8.34452e-34 9.4066e-34 8.31616e-34 
1.87068e+06 9.5512e-34 8.45991e-34 9.5512e-34 8.45991e-34 9.52229e-34 8.4312e-34 
1.92309e+06 9.66839e-34 8.5765e-34 9.66839e-34 8.5765e-34 9.63927e-34 8.54757e-34 
1.97697e+06 9.7869e-34 8.6944e-34 9.7869e-34 8.6944e-34 9.75756e-34 8.66525e-34 
2.03236e+06 9.90671e-34 8.81365e-34 9.90671e-34 8.81365e-34 9.87717e-34 8.78428e-34 
2.0893e+06 1.00279e-33 8.93425e-34 1.00279e-33 8.93425e-34 9.99811e-34 8.90466e-34 
2.14783e+06 1.01504e-33 9.05622e-34 1.01504e-33 9.05622e-34 1.01204e-33 9.02641e-34 
2.208e+06 1.02743e-33 9.17957e-34 1.02743e-33 9.17957e-34 1.0244e-33 9.14953e-34 
2.26986e+06 1.03995e-33 9.30431e-34 1.03995e-33 9.30431e-34 1.03691e-33 9.27404e-34 
2.33346e+06 1.05263e-33 9.43045e-34 1.05263e-33 9.43045e-34 1.04955e-33 9.39997e-34 
2.39883e+06 1.06542e-33 9.55803e-34 1.06542e-33 9.55803e-34 1.06233e-33 9.5273e-34 
2.46604e+06 1.07837e-33 9.68714e-34 1.07837e-33 9.68714e-34 1.07525e-33 9.65607e-34 
2.53513e+06 1.09145e-33 9.81749e-34 1.09145e-33 9.81749e-34 1.08831e-33 9.78628e-34 
2.60615e+06 1.10468e-33 9.94938e-34 1.10468e-33 9.94938e-34 1.10152e-33 9.91797e-34 
2.67917e+06 1.11806e-33 1.00828e-33 1.11806e-33 1.00828e-33 1.11488e-33 1.00511e-33 
2.75423e+06 1.13159e-33 1.02176e-33 1.13159e-33 1.02176e-33 1.12838e-33 1.01857e-33 
2.83139e+06 1.14526e-33 1.0354e-33 1.14526e-33 1.0354e-33 1.14203e-33 1.03219e-33 
2.91072e+06 1.15908e-33 1.04918e-33 1.15908e-33 1.04918e-33 1.15583e-33 1.04595e-33 
2.99226e+06 1.17306e-33 1.06313e-33 1.17306e-33 1.06313e-33 1.16978e-33 1.05987e-33 
3.0761e+06 1.18719e-33 1.07723e-33 1.18719e-33 1.07723e-33 1.18389e-33 1.07394e-33 
3.16228e+06 1.20147e-33 1.09148e-33 1.20147e-33 1.09148e-33 1.19815e-33 1.08817e-33 
3.25087e+06 1.21591e-33 1.10589e-33 1.21591e-33 1.10589e-33 1.21256e-33 1.10256e-33 
3.34195e+06 1.23051e-33 1.12046e-33 1.23051e-33 1.12046e-33 1.22713e-33 1.1171e-33 
3.43558e+06 1.24527e-33 1.13519e-33 1.24527e-33 1.13519e-33 1.24187e-33 1.13181e-33 
3.53183e+06 1.26018e-33 1.15009e-33 1.26018e-33 1.15009e-33 1.25676e-33 1.14668e-33 
3.63078e+06 1.27526e-33 1.16514e-33 1.27526e-33 1.16514e-33 1.27181e-33 1.16171e-33 
3.7325e+06 1.29051e-33 1.18036e-33 1.29051e-33 1.18036e-33 1.28703e-33 1.1769e-33 
3.83707e+06 1.30592e-33 1.19575e-33 1.30592e-33 1.19575e-33 1.30242e-33 1.19226e-33 
3.94457e+06 1.32149e-33 1.21131e-33 1.32149e-33 1.21131e-33 1.31797e-33 1.20779e-33 
4.05509e+06 1.33724e-33 1.22703e-33 1.33724e-33 1.22703e-33 1.33368e-33 1.22349e-33 
4.16869e+06 1.35316e-33 1.24293e-33 1.35316e-33 1.24293e-33 1.34957e-33 1.23936e-33 
4.28549e+06 1.36924e-33 1.259e-33 1.36924e-33 1.259e-33 1.36563e-33 1.25541e-33 
4.40555e+06 1.3855e-33 1.27524e-33 1.3855e-33 1.27524e-33 1.38187e-33 1.27162e-33 
4.52898e+06 1.40194e-33 1.29166e-33 1.40194e-33 1.29166e-33 1.39828e-33 1.28802e-33 
4.65586e+06 1.41855e-33 1.30826e-33 1.41855e-33 1.30826e-33 1.41486e-33 1.30459e-33 
4.7863e+06 1.43534e-33 1.32504e-33 1.43534e-33 1.32504e-33 1.43163e-33 1.32134e-33 
4.9204e+06 1.45231e-33 1.342e-33 1.45231e-33 1.342e-33 1.44857e-33 1.33827e-33 
5.05825e+06 1.46947e-33 1.35914e-33 1.46947e-33 1.35914e-33 1.4657e-33 1.35539e-33 
5.19996e+06 1.48681e-33 1.37647e-33 1.48681e-33 1.37647e-33 1.48301e-33 1.37269e-33 
5.34564e+06 1.50432e-33 1.39399e-33 1.50432e-33 1.39399e-33 1.5005e-33 1.39017e-33 
5.49541e+06 1.52203e-33 1.41169e-33 1.52203e-33 1.41169e-33 1.51818e-33 1.40785e-33 
5.64937e+06 1.53993e-33 1.42957e-33 1.53993e-33 1.42957e-33 1.53605e-33 1.42571e-33 
5.80764e+06 1.55802e-33 1.44766e-33 1.55802e-33 1.44766e-33 1.55411e-33 1.44376e-33 
5.97035e+06 1.57631e-33 1.46594e-33 1.57631e-33 1.46594e-33 1.57237e-33 1.46201e-33 
6.13762e+06 1.59478e-33 1.48441e-33 1.59478e-33 1.48441e-33 1.59082e-33 1.48045e-33 
6.30957e+06 1.61345e-33 1.50308e-33 1.61345e-33 1.50308e-33 1.60946e-33 1.49909e-33 
6.48634e+06 1.63232e-33 1.52194e-33 1.63232e-33 1.52194e-33 1.6283e-33 1.51793e-33 
6.66807e+06 1.65139e-33 1.54101e-33 1.65139e-33 1.54101e-33 1.64734e-33 1.53697e-33 
6.85488e+06 1.67066e-33 1.56028e-33 1.67066e-33 1.56028e-33 1.66658e-33 1.55621e-33 
7.04693e+06 1.69014e-33 1.57975e-33 1.69014e-33 1.57975e-33 1.68603e-33 1.57565e-33 
7.24436e+06 1.70982e-33 1.59943e-33 1.70982e-33 1.59943e-33 1.70568e-33 1.5953e-33 
7.44732e+06 1.72971e-33 1.61932e-33 1.72971e-33 1.61932e-33 1.72554e-33 1.61516e-33 
7.65597e+06 1.7498e-33 1.63942e-33 1.7498e-33 1.63942e-33 1.7456e-33 1.63523e-33 
7.87046e+06 1.77011e-33 1.65973e-33 1.77011e-33 1.65973e-33 1.76588e-33 1.65551e-33 
8.09096e+06 1.79063e-33 1.68025e-33 1.79063e-33 1.68025e-33 1.78637e-33 1.676e-33 
8.31764e+06 1.81137e-33 1.70099e-33 1.81137e-33 1.70099e-33 1.80708e-33 1.69671e-33 
8.55067e+06 1.83232e-33 1.72194e-33 1.83232e-33 1.72194e-33 1.828e-33 1.71763e-33 
8.79023e+06 1.85349e-33 1.74312e-33 1.85349e-33 1.74312e-33 1.84914e-33 1.73878e-33 
9.03649e+06 1.87489e-33 1.76452e-33 1.87489e-33 1.76452e-33 1.8705e-33 1.76014e-33 
9.28966e+06 1.89651e-33 1.78614e-33 1.89651e-33 1.78614e-33 1.89209e-33 1.78173e-33 
9.54993e+06 1.91835e-33 1.80799e-33 1.91835e-33 1.80799e-33 1.91389e-33 1.80355e-33 
9.81748e+06 1.94041e-33 1.83006e-33 1.94041e-33 1.83006e-33 1.93593e-33 1.82559e-33 
1.00925e+07 1.96271e-33 1.85237e-33 1.96271e-33 1.85237e-33 1.9582e-33 1.84786e-33 
1.03753e+07 1.98524e-33 1.8749e-33 1.98524e-33 1.8749e-33 1.98069e-33 1.87036e-33 
1.0666e+07 2.00801e-33 1.89767e-33 2.00801e-33 1.89767e-33 2.00342e-33 1.8931e-33 
1.09648e+07 2.03101e-33 1.92068e-33 2.03101e-33 1.92068e-33 2.02639e-33 1.91607e-33 
1.1272e+07 2.05424e-33 1.94392e-33 2.05424e-33 1.94392e-33 2.04959e-33 1.93928e-33 
1.15878e+07 2.07772e-33 1.96741e-33 2.07772e-33 1.96741e-33 2.07303e-33 1.96273e-33 
1.19124e+07 2.10144e-33 1.99113e-33 2.10144e-33 1.99113e-33 2.09672e-33 1.98642e-33 
1.22462e+07 2.1254e-33 2.0151e-33 2.1254e-33 2.0151e-33 2.12065e-33 2.01036e-33 
1.25893e+07 2.14961e-33 2.03932e-33 2.14961e-33 2.03932e-33 2.14482e-33 2.03455e-33 
1.2942e+07 2.17407e-33 2.06379e-33 2.17407e-33 2.06379e-33 2.16924e-33 2.05898e-33 
1.33045e+07 2.19877e-33 2.08851e-33 2.19877e-33 2.08851e-33 2.19392e-33 2.08366e-33 
1.36773e+07 2.22373e-33 2.11348e-33 2.22373e-33 2.11348e-33 2.21884e-33 2.1086e-33 
1.40605e+07 2.24895e-33 2.13871e-33 2.24895e-33 2.13871e-33 2.24402e-33 2.13379e-33 
1.44544e+07 2.27443e-33 2.16419e-33 2.27443e-33 2.16419e-33 2.26946e-33 2.15924e-33 
1.48594e+07 2.30016e-33 2.18994e-33 2.30016e-33 2.18994e-33 2.29516e-33 2.18495e-33 
1.52757e+07 2.32616e-33 2.21595e-33 2.32616e-33 2.21595e-33 2.32112e-33 2.21092e-33 
1.57036e+07 2.35242e-33 2.24222e-33 2.35242e-33 2.24222e-33 2.34735e-33 2.23716e-33 
1.61436e+07 2.37895e-33 2.26876e-33 2.37895e-33 2.26876e-33 2.37384e-33 2.26366e-33 
1.65959e+07 2.40575e-33 2.29558e-33 2.40575e-33 2.29558e-33 2.4006e-33 2.29043e-33 
1.70608e+07 2.43281e-33 2.32265e-33 2.43281e-33 2.32265e-33 2.42763e-33 2.31748e-33 
1.75388e+07 2.46016e-33 2.35001e-33 2.46016e-33 2.35001e-33 2.45494e-33 2.3448e-33 
1.80302e+07 2.48778e-33 2.37764e-33 2.48778e-33 2.37764e-33 2.48251e-33 2.3724e-33 
1.85353e+07 2.51568e-33 2.40556e-33 2.51568e-33 2.40556e-33 2.51038e-33 2.40027e-33 
1.90546e+07 2.54386e-33 2.43375e-33 2.54386e-33 2.43375e-33 2.53852e-33 2.42842e-33 
1.95884e+07 2.57232e-33 2.46223e-33 2.57232e-33 2.46223e-33 2.56695e-33 2.45686e-33 
2.01372e+07 2.60108e-33 2.49099e-33 2.60108e-33 2.49099e-33 2.59566e-33 2.48559e-33 
2.07014e+07 2.63012e-33 2.52005e-33 2.63012e-33 2.52005e-33 2.62466e-33 2.51461e-33 
2.12814e+07 2.65945e-33 2.5494e-33 2.65945e-33 2.5494e-33 2.65396e-33 2.54391e-33 
2.18776e+07 2.68907e-33 2.57904e-33 2.68907e-33 2.57904e-33 2.68355e-33 2.57352e-33 
2.24905e+07 2.71902e-33 2.609e-33 2.71902e-33 2.609e-33 2.71343e-33 2.60341e-33 
2.31206e+07 2.74922e-33 2.63922e-33 2.74922e-33 2.63922e-33 2.74361e-33 2.63361e-33 
2.37684e+07 2.77975e-33 2.66975e-33 2.77975e-33 2.66975e-33 2.77409e-33 2.66411e-33 
2.44343e+07 2.81058e-33 2.7006e-33 2.81058e-33 2.7006e-33 2.80488e-33 2.69491e-33 
2.51189e+07 2.84169e-33 2.73175e-33 2.84169e-33 2.73175e-33 2.83598e-33 2.72601e-33 
2.58226e+07 2.87316e-33 2.76321e-33 2.87316e-33 2.76321e-33 2.86738e-33 2.75744e-33 
2.65461e+07 2.90491e-33 2.79499e-33 2.90491e-33 2.79499e-33 2.8991e-33 2.78918e-33 
2.72898e+07 2.93699e-33 2.82708e-33 2.93699e-33 2.82708e-33 2.93113e-33 2.82122e-33 
2.80543e+07 2.96938e-33 2.85949e-33 2.96938e-33 2.85949e-33 2.96348e-33 2.85359e-33 
2.88403e+07 3.0021e-33 2.89222e-33 3.0021e-33 2.89222e-33 2.99615e-33 2.88628e-33 
2.96483e+07 3.03513e-33 2.92527e-33 3.03513e-33 2.92527e-33 3.02914e-33 2.91929e-33 
3.04789e+07 3.0685e-33 2.95865e-33 3.0685e-33 2.95865e-33 3.06246e-33 2.95262e-33 
3.13329e+07 3.1022e-33 2.99236e-33 3.1022e-33 2.99236e-33 3.09612e-33 2.98629e-33 
3.22107e+07 3.13622e-33 3.0264e-33 3.13622e-33 3.0264e-33 3.1301e-33 3.02029e-33 
3.31131e+07 3.17058e-33 3.06078e-33 3.17058e-33 3.06078e-33 3.16441e-33 3.05462e-33 
3.40408e+07 3.20527e-33 3.09549e-33 3.20527e-33 3.09549e-33 3.19907e-33 3.0893e-33 
3.49945e+07 3.24032e-33 3.13055e-33 3.24032e-33 3.13055e-33 3.23406e-33 3.12431e-33 
3.59749e+07 3.2757e-33 3.16595e-33 3.2757e-33 3.16595e-33 3.2694e-33 3.15966e-33 
3.69828e+07 3.31143e-33 3.2017e-33 3.31143e-33 3.2017e-33 3.30509e-33 3.19536e-33 
3.80189e+07 3.34751e-33 3.2378e-33 3.34751e-33 3.2378e-33 3.34112e-33 3.23141e-33 
3.90841e+07 3.38394e-33 3.27426e-33 3.38394e-33 3.27426e-33 3.3775e-33 3.26781e-33 
4.01791e+07 3.42073e-33 3.31105e-33 3.42073e-33 3.31105e-33 3.41424e-33 3.30457e-33 
4.13048e+07 3.45788e-33 3.34823e-33 3.45788e-33 3.34823e-33 3.45134e-33 3.34169e-33 
4.2462e+07 3.49539e-33 3.38574e-33 3.49539e-33 3.38574e-33 3.48881e-33 3.37917e-33 
4.36516e+07 3.53326e-33 3.42364e-33 3.53326e-33 3.42364e-33 3.52663e-33 3.41701e-33 
4.48745e+07 3.57151e-33 3.4619e-33 3.57151e-33 3.4619e-33 3.56482e-33 3.45523e-33 
4.61318e+07 3.61012e-33 3.50053e-33 3.61012e-33 3.50053e-33 3.60339e-33 3.49381e-33 
4.74242e+07 3.6491e-33 3.53954e-33 3.6491e-33 3.53954e-33 3.64233e-33 3.53276e-33 
4.87528e+07 3.68847e-33 3.57892e-33 3.68847e-33 3.57892e-33 3.68164e-33 3.5721e-33 
5.01187e+07 3.72822e-33 3.61869e-33 3.72822e-33 3.61869e-33 3.72134e-33 3.61181e-33 
5.15229e+07 3.76834e-33 3.65883e-33 3.76834e-33 3.65883e-33 3.76142e-33 3.65191e-33 
5.29663e+07 3.80887e-33 3.69937e-33 3.80887e-33 3.69937e-33 3.80189e-33 3.6924e-33 
5.44503e+07 3.84978e-33 3.7403e-33 3.84978e-33 3.7403e-33 3.84275e-33 3.73327e-33 
5.59758e+07 3.89107e-33 3.78161e-33 3.89107e-33 3.78161e-33 3.884e-33 3.77454e-33 
5.7544e+07 3.93278e-33 3.82334e-33 3.93278e-33 3.82334e-33 3.92564e-33 3.81621e-33 
5.91562e+07 3.97488e-33 3.86546e-33 3.97488e-33 3.86546e-33 3.96769e-33 3.85828e-33 
6.08135e+07 4.01738e-33 3.90798e-33 4.01738e-33 3.90798e-33 4.01014e-33 3.90075e-33 
6.25173e+07 4.06031e-33 3.95091e-33 4.06031e-33 3.95091e-33 4.053e-33 3.94363e-33 
6.42688e+07 4.10362e-33 3.99425e-33 4.10362e-33 3.99425e-33 4.09627e-33 3.98691e-33 
6.60693e+07 4.14736e-33 4.03801e-33 4.14736e-33 4.03801e-33 4.13996e-33 4.03062e-33 
6.79204e+07 4.19152e-33 4.0822e-33 4.19152e-33 4.0822e-33 4.18405e-33 4.07474e-33 
6.98232e+07 4.23609e-33 4.12679e-33 4.23609e-33 4.12679e-33 4.22858e-33 4.11928e-33 
7.17794e+07 4.28109e-33 4.17181e-33 4.28109e-33 4.17181e-33 4.27352e-33 4.16425e-33 
7.37904e+07 4.32652e-33 4.21726e-33 4.32652e-33 4.21726e-33 4.3189e-33 4.20964e-33 
7.58578e+07 4.37238e-33 4.26314e-33 4.37238e-33 4.26314e-33 4.3647e-33 4.25547e-33 
7.7983e+07 4.41869e-33 4.30946e-33 4.41869e-33 4.30946e-33 4.41094e-33 4.30173e-33 
8.01678e+07 4.46542e-33 4.35621e-33 4.46542e-33 4.35621e-33 4.45763e-33 4.34843e-33 
8.24138e+07 4.5126e-33 4.40342e-33 4.5126e-33 4.40342e-33 4.50475e-33 4.39557e-33 
8.47227e+07 4.56023e-33 4.45107e-33 4.56023e-33 4.45107e-33 4.55232e-33 4.44316e-33 
8.70964e+07 4.60831e-33 4.49917e-33 4.60831e-33 4.49917e-33 4.60034e-33 4.49121e-33 
8.95365e+07 4.65684e-33 4.54771e-33 4.65684e-33 4.54771e-33 4.64881e-33 4.5397e-33 
9.2045e+07 4.70583e-33 4.59673e-33 4.70583e-33 4.59673e-33 4.69774e-33 4.58865e-33 
9.46237e+07 4.75528e-33 4.64621e-33 4.75528e-33 4.64621e-33 4.74713e-33 4.63807e-33 
9.72747e+07 4.8052e-33 4.69614e-33 4.8052e-33 4.69614e-33 4.79699e-33 4.68794e-33 
1e+08 4.85558e-33 4.74655e-33 4.85558e-33 4.74655e-33 4.84732e-33 4.73829e-33 
