100 9.01423e-37 2.45394e-37 9.01423e-37 2.45394e-37 7.0528e-37 1.70558e-37 
109.648 9.84733e-37 2.70014e-37 9.84733e-37 2.70014e-37 7.83216e-37 1.91553e-37 
120.226 1.07575e-36 2.97096e-37 1.07575e-36 2.97096e-37 8.6879e-37 2.1488e-37 
131.826 1.17518e-36 3.26889e-37 1.17518e-36 3.26889e-37 9.62704e-37 2.4078e-37 
144.544 1.28379e-36 3.59662e-37 1.28379e-36 3.59662e-37 1.06572e-36 2.69516e-37 
158.489 1.40242e-36 3.95708e-37 1.40242e-36 3.95708e-37 1.17867e-36 3.01382e-37 
173.78 1.53199e-36 4.35361e-37 1.53199e-36 4.35361e-37 1.30247e-36 3.36694e-37 
190.546 1.67348e-36 4.78971e-37 1.67348e-36 4.78971e-37 1.43809e-36 3.75805e-37 
208.93 1.82797e-36 5.26931e-37 1.82797e-36 5.26931e-37 1.5866e-36 4.19101e-37 
229.087 1.99664e-36 5.79672e-37 1.99664e-36 5.79672e-37 1.74919e-36 4.67005e-37 
251.189 2.18075e-36 6.37666e-37 2.18075e-36 6.37666e-37 1.9271e-36 5.19983e-37 
275.423 2.38169e-36 7.01429e-37 2.38169e-36 7.01429e-37 2.12171e-36 5.78542e-37 
301.995 2.60094e-36 7.71531e-37 2.60094e-36 7.71531e-37 2.3345e-36 6.43248e-37 
331.131 2.84013e-36 8.4859e-37 2.84013e-36 8.4859e-37 2.56709e-36 7.14708e-37 
363.078 3.10099e-36 9.33287e-37 3.10099e-36 9.33287e-37 2.82122e-36 7.93598e-37 
398.107 3.38544e-36 1.02637e-36 3.38544e-36 1.02637e-36 3.09877e-36 8.80652e-37 
436.516 3.69549e-36 1.12865e-36 3.69549e-36 1.12865e-36 3.40177e-36 9.76682e-37 
478.63 4.03336e-36 1.24101e-36 4.03336e-36 1.24101e-36 3.73242e-36 1.08256e-36 
524.807 4.40141e-36 1.36444e-36 4.40141e-36 1.36444e-36 4.09308e-36 1.19926e-36 
575.44 4.80218e-36 1.49993e-36 4.80218e-36 1.49993e-36 4.48628e-36 1.32784e-36 
630.957 5.2384e-36 1.64881e-36 5.2384e-36 1.64881e-36 4.91472e-36 1.46944e-36 
691.831 5.71301e-36 1.81219e-36 5.71301e-36 1.81219e-36 5.38136e-36 1.62531e-36 
758.578 6.2291e-36 1.99149e-36 6.2291e-36 1.99149e-36 5.8893e-36 1.79685e-36 
831.764 6.79005e-36 2.18821e-36 6.79005e-36 2.18821e-36 6.44187e-36 1.98552e-36 
912.011 7.39939e-36 2.404e-36 7.39939e-36 2.404e-36 7.04261e-36 2.19296e-36 
1000 8.06089e-36 2.6406e-36 8.06089e-36 2.6406e-36 7.69529e-36 2.42093e-36 
1096.48 8.77861e-36 2.89997e-36 8.77861e-36 2.89997e-36 8.40399e-36 2.67134e-36 
1202.26 9.55673e-36 3.18419e-36 9.55673e-36 3.18419e-36 9.17285e-36 2.9463e-36 
1318.26 1.03998e-35 3.49553e-36 1.03998e-35 3.49553e-36 1.00064e-35 3.24804e-36 
1445.44 1.13124e-35 3.83642e-36 1.13124e-35 3.83642e-36 1.09092e-35 3.57901e-36 
1584.89 1.22996e-35 4.20952e-36 1.22996e-35 4.20952e-36 1.18864e-35 3.94186e-36 
1737.8 1.33665e-35 4.61772e-36 1.33665e-35 4.61772e-36 1.2943e-35 4.33944e-36 
1905.46 1.45185e-35 5.06408e-36 1.45185e-35 5.06408e-36 1.40844e-35 4.77483e-36 
2089.3 1.57613e-35 5.55192e-36 1.57613e-35 5.55192e-36 1.53163e-35 5.25132e-36 
2290.87 1.71004e-35 6.08483e-36 1.71004e-35 6.08483e-36 1.66444e-35 5.77252e-36 
2511.89 1.85421e-35 6.66662e-36 1.85421e-35 6.66662e-36 1.80747e-35 6.34223e-36 
2754.23 2.00924e-35 7.30143e-36 2.00924e-35 7.30143e-36 1.96133e-35 6.96456e-36 
3019.95 2.17577e-35 7.99366e-36 2.17577e-35 7.99366e-36 2.12666e-35 7.64389e-36 
3311.31 2.35443e-35 8.74799e-36 2.35443e-35 8.74799e-36 2.30409e-35 8.38493e-36 
3630.78 2.54588e-35 9.56943e-36 2.54588e-35 9.56943e-36 2.49428e-35 9.19268e-36 
3981.07 2.7508e-35 1.04633e-35 2.7508e-35 1.04633e-35 2.6979e-35 1.00725e-35 
4365.16 2.96983e-35 1.14354e-35 2.96983e-35 1.14354e-35 2.91561e-35 1.103e-35 
4786.3 3.20367e-35 1.24915e-35 3.20367e-35 1.24915e-35 3.14809e-35 1.20712e-35 
5248.07 3.45299e-35 1.36382e-35 3.45299e-35 1.36382e-35 3.39601e-35 1.32024e-35 
5754.4 3.71846e-35 1.48821e-35 3.71846e-35 1.48821e-35 3.66004e-35 1.44304e-35 
6309.57 4.00076e-35 1.62303e-35 4.00076e-35 1.62303e-35 3.94087e-35 1.57622e-35 
6918.31 4.30054e-35 1.76902e-35 4.30054e-35 1.76902e-35 4.23916e-35 1.72054e-35 
7585.78 4.6185e-35 1.92698e-35 4.6185e-35 1.92698e-35 4.55558e-35 1.87676e-35 
8317.64 4.9553e-35 2.09771e-35 4.9553e-35 2.09771e-35 4.89078e-35 2.04571e-35 
9120.11 5.31158e-35 2.28208e-35 5.31158e-35 2.28208e-35 5.24542e-35 2.22826e-35 
10000 5.68798e-35 2.48098e-35 5.68798e-35 2.48098e-35 5.62016e-35 2.42528e-35 
10964.8 6.08517e-35 2.69534e-35 6.08517e-35 2.69534e-35 6.01563e-35 2.63771e-35 
12022.6 6.50378e-35 2.92614e-35 6.50378e-35 2.92614e-35 6.43249e-35 2.86654e-35 
13182.6 6.94446e-35 3.17439e-35 6.94446e-35 3.17439e-35 6.87136e-35 3.11274e-35 
14454.4 7.40786e-35 3.44112e-35 7.40786e-35 3.44112e-35 7.3329e-35 3.37738e-35 
15848.9 7.8946e-35 3.72741e-35 7.8946e-35 3.72741e-35 7.81773e-35 3.66154e-35 
17378 8.40537e-35 4.03438e-35 8.40537e-35 4.03438e-35 8.32651e-35 3.96631e-35 
19054.6 8.94076e-35 4.36319e-35 8.94076e-35 4.36319e-35 8.85992e-35 4.29286e-35 
20893 9.50151e-35 4.71501e-35 9.50151e-35 4.71501e-35 9.41862e-35 4.64237e-35 
22908.7 1.00883e-34 5.09107e-35 1.00883e-34 5.09107e-35 1.00033e-34 5.01605e-35 
25118.9 1.07019e-34 5.49261e-35 1.07019e-34 5.49261e-35 1.06147e-34 5.41516e-35 
27542.3 1.13429e-34 5.92092e-35 1.13429e-34 5.92092e-35 1.12535e-34 5.84098e-35 
30199.5 1.20123e-34 6.37732e-35 1.20123e-34 6.37732e-35 1.19205e-34 6.29483e-35 
33113.1 1.27107e-34 6.86316e-35 1.27107e-34 6.86316e-35 1.26166e-34 6.77805e-35 
36307.8 1.34391e-34 7.37982e-35 1.34391e-34 7.37982e-35 1.33425e-34 7.29202e-35 
39810.7 1.41983e-34 7.92872e-35 1.41983e-34 7.92872e-35 1.40992e-34 7.83817e-35 
43651.6 1.49892e-34 8.51129e-35 1.49892e-34 8.51129e-35 1.48876e-34 8.41792e-35 
47863 1.5813e-34 9.12903e-35 1.5813e-34 9.12903e-35 1.57087e-34 9.03278e-35 
52480.7 1.66706e-34 9.78346e-35 1.66706e-34 9.78346e-35 1.65636e-34 9.68423e-35 
57544 1.75631e-34 1.04761e-34 1.75631e-34 1.04761e-34 1.74534e-34 1.03738e-34 
63095.7 1.84918e-34 1.12085e-34 1.84918e-34 1.12085e-34 1.83791e-34 1.11032e-34 
69183.1 1.94579e-34 1.19824e-34 1.94579e-34 1.19824e-34 1.93423e-34 1.18739e-34 
75857.8 2.04626e-34 1.27993e-34 2.04626e-34 1.27993e-34 2.0344e-34 1.26876e-34 
83176.4 2.15075e-34 1.36611e-34 2.15075e-34 1.36611e-34 2.13857e-34 1.3546e-34 
91201.1 2.25938e-34 1.45693e-34 2.25938e-34 1.45693e-34 2.2469e-34 1.44508e-34 
100000 2.37233e-34 1.55258e-34 2.37233e-34 1.55258e-34 2.35951e-34 1.54038e-34 
109648 2.48975e-34 1.65324e-34 2.48975e-34 1.65324e-34 2.47659e-34 1.64069e-34 
120226 2.6118e-34 1.7591e-34 2.6118e-34 1.7591e-34 2.5983e-34 1.74618e-34 
131826 2.73867e-34 1.87035e-34 2.73867e-34 1.87035e-34 2.72482e-34 1.85706e-34 
144544 2.87054e-34 1.98719e-34 2.87054e-34 1.98719e-34 2.85632e-34 1.97351e-34 
158489 3.00761e-34 2.10981e-34 3.00761e-34 2.10981e-34 2.99302e-34 2.09574e-34 
173780 3.15008e-34 2.23843e-34 3.15008e-34 2.23843e-34 3.13511e-34 2.22396e-34 
190546 3.29816e-34 2.37326e-34 3.29816e-34 2.37326e-34 3.28279e-34 2.35837e-34 
208930 3.45207e-34 2.51452e-34 3.45207e-34 2.51452e-34 3.4363e-34 2.49921e-34 
229087 3.61204e-34 2.66242e-34 3.61204e-34 2.66242e-34 3.59586e-34 2.64669e-34 
251189 3.77831e-34 2.81722e-34 3.77831e-34 2.81722e-34 3.76171e-34 2.80104e-34 
275423 3.95113e-34 2.97914e-34 3.95113e-34 2.97914e-34 3.93409e-34 2.96251e-34 
301995 4.13074e-34 3.14843e-34 4.13074e-34 3.14843e-34 4.11325e-34 3.13134e-34 
331131 4.31742e-34 3.32535e-34 4.31742e-34 3.32535e-34 4.29947e-34 3.30779e-34 
363078 4.51143e-34 3.51014e-34 4.51143e-34 3.51014e-34 4.49302e-34 3.49211e-34 
398107 4.71306e-34 3.70311e-34 4.71306e-34 3.70311e-34 4.69417e-34 3.68458e-34 
436516 4.92261e-34 3.90451e-34 4.92261e-34 3.90451e-34 4.90322e-34 3.88546e-34 
478630 5.14037e-34 4.11462e-34 5.14037e-34 4.11462e-34 5.12049e-34 4.09507e-34 
524807 5.36667e-34 4.33376e-34 5.36667e-34 4.33376e-34 5.34627e-34 4.31367e-34 
575440 5.60181e-34 4.56222e-34 5.60181e-34 4.56222e-34 5.58088e-34 4.54159e-34 
630957 5.84613e-34 4.80031e-34 5.84613e-34 4.80031e-34 5.82466e-34 4.77913e-34 
691831 6.09998e-34 5.04835e-34 6.09998e-34 5.04835e-34 6.07795e-34 5.02662e-34 
758578 6.36371e-34 5.30671e-34 6.36371e-34 5.30671e-34 6.34111e-34 5.28438e-34 
831764 6.63766e-34 5.57569e-34 6.63766e-34 5.57569e-34 6.61449e-34 5.55278e-34 
912011 6.92223e-34 5.85566e-34 6.92223e-34 5.85566e-34 6.89846e-34 5.83214e-34 
1e+06 7.21779e-34 6.14699e-34 7.21779e-34 6.14699e-34 7.19342e-34 6.12286e-34 
1.09648e+06 7.52475e-34 6.45006e-34 7.52475e-34 6.45006e-34 7.49975e-34 6.4253e-34 
1.20226e+06 7.84349e-34 6.76525e-34 7.84349e-34 6.76525e-34 7.81786e-34 6.73984e-34 
1.31826e+06 8.17446e-34 7.09297e-34 8.17446e-34 7.09297e-34 8.14817e-34 7.06689e-34 
1.44544e+06 8.51805e-34 7.43362e-34 8.51805e-34 7.43362e-34 8.4911e-34 7.40688e-34 
1.58489e+06 8.87473e-34 7.78764e-34 8.87473e-34 7.78764e-34 8.84711e-34 7.7602e-34 
1.7378e+06 9.24495e-34 8.15542e-34 9.24495e-34 8.15542e-34 9.21662e-34 8.12729e-34 
1.90546e+06 9.62918e-34 8.53749e-34 9.62918e-34 8.53749e-34 9.60014e-34 8.50863e-34 
2.0893e+06 1.00279e-33 8.93425e-34 1.00279e-33 8.93425e-34 9.99811e-34 8.90466e-34 
2.29087e+06 1.04416e-33 9.34621e-34 1.04416e-33 9.34621e-34 1.0411e-33 9.31587e-34 
2.51189e+06 1.08707e-33 9.77385e-34 1.08707e-33 9.77385e-34 1.08394e-33 9.74272e-34 
2.75423e+06 1.13159e-33 1.02176e-33 1.13159e-33 1.02176e-33 1.12838e-33 1.01857e-33 
3.01995e+06 1.17775e-33 1.06781e-33 1.17775e-33 1.06781e-33 1.17447e-33 1.06454e-33 
3.31131e+06 1.22563e-33 1.11559e-33 1.22563e-33 1.11559e-33 1.22226e-33 1.11224e-33 
3.63078e+06 1.27526e-33 1.16514e-33 1.27526e-33 1.16514e-33 1.27181e-33 1.16171e-33 
3.98107e+06 1.32672e-33 1.21653e-33 1.32672e-33 1.21653e-33 1.32319e-33 1.21301e-33 
4.36516e+06 1.38006e-33 1.26981e-33 1.38006e-33 1.26981e-33 1.37644e-33 1.2662e-33 
4.7863e+06 1.43534e-33 1.32504e-33 1.43534e-33 1.32504e-33 1.43163e-33 1.32134e-33 
5.24807e+06 1.49262e-33 1.38229e-33 1.49262e-33 1.38229e-33 1.48882e-33 1.3785e-33 
5.7544e+06 1.55197e-33 1.44161e-33 1.55197e-33 1.44161e-33 1.54807e-33 1.43773e-33 
6.30957e+06 1.61345e-33 1.50308e-33 1.61345e-33 1.50308e-33 1.60946e-33 1.49909e-33 
6.91831e+06 1.67713e-33 1.56675e-33 1.67713e-33 1.56675e-33 1.67304e-33 1.56267e-33 
7.58578e+06 1.74308e-33 1.63269e-33 1.74308e-33 1.63269e-33 1.73889e-33 1.62852e-33 
8.31764e+06 1.81137e-33 1.70099e-33 1.81137e-33 1.70099e-33 1.80708e-33 1.69671e-33 
9.12011e+06 1.88207e-33 1.7717e-33 1.88207e-33 1.7717e-33 1.87767e-33 1.76731e-33 
1e+07 1.95526e-33 1.84491e-33 1.95526e-33 1.84491e-33 1.95075e-33 1.84041e-33 
1.09648e+07 2.03101e-33 1.92068e-33 2.03101e-33 1.92068e-33 2.02639e-33 1.91607e-33 
1.20226e+07 2.10939e-33 1.9991e-33 2.10939e-33 1.9991e-33 2.10467e-33 1.99438e-33 
1.31826e+07 2.19051e-33 2.08024e-33 2.19051e-33 2.08024e-33 2.18566e-33 2.0754e-33 
1.44544e+07 2.27443e-33 2.16419e-33 2.27443e-33 2.16419e-33 2.26946e-33 2.15924e-33 
1.58489e+07 2.36123e-33 2.25104e-33 2.36123e-33 2.25104e-33 2.35615e-33 2.24596e-33 
1.7378e+07 2.45101e-33 2.34086e-33 2.45101e-33 2.34086e-33 2.4458e-33 2.33566e-33 
1.90546e+07 2.54386e-33 2.43375e-33 2.54386e-33 2.43375e-33 2.53852e-33 2.42842e-33 
2.0893e+07 2.63986e-33 2.5298e-33 2.63986e-33 2.5298e-33 2.63439e-33 2.52434e-33 
2.29087e+07 2.73911e-33 2.6291e-33 2.73911e-33 2.6291e-33 2.73352e-33 2.62351e-33 
2.51189e+07 2.84169e-33 2.73175e-33 2.84169e-33 2.73175e-33 2.83598e-33 2.72601e-33 
2.75423e+07 2.94776e-33 2.83784e-33 2.94776e-33 2.83784e-33 2.94188e-33 2.83198e-33 
3.01995e+07 3.05734e-33 2.94749e-33 3.05734e-33 2.94749e-33 3.05132e-33 2.94148e-33 
3.31131e+07 3.17058e-33 3.06078e-33 3.17058e-33 3.06078e-33 3.16441e-33 3.05462e-33 
3.63078e+07 3.28757e-33 3.17783e-33 3.28757e-33 3.17783e-33 3.28126e-33 3.17152e-33 
3.98107e+07 3.40843e-33 3.29876e-33 3.40843e-33 3.29876e-33 3.40196e-33 3.29228e-33 
4.36516e+07 3.53326e-33 3.42364e-33 3.53326e-33 3.42364e-33 3.52663e-33 3.41701e-33 
4.7863e+07 3.66219e-33 3.55263e-33 3.66219e-33 3.55263e-33 3.65539e-33 3.54583e-33 
5.24807e+07 3.79532e-33 3.68581e-33 3.79532e-33 3.68581e-33 3.78836e-33 3.67886e-33 
5.7544e+07 3.93278e-33 3.82334e-33 3.93278e-33 3.82334e-33 3.92564e-33 3.81621e-33 
6.30957e+07 4.07469e-33 3.96532e-33 4.07469e-33 3.96532e-33 4.06738e-33 3.95801e-33 
6.91831e+07 4.22118e-33 4.11187e-33 4.22118e-33 4.11187e-33 4.21369e-33 4.10438e-33 
7.58578e+07 4.37238e-33 4.26314e-33 4.37238e-33 4.26314e-33 4.3647e-33 4.25547e-33 
8.31764e+07 4.52843e-33 4.41925e-33 4.52843e-33 4.41925e-33 4.52056e-33 4.41139e-33 
9.12011e+07 4.68945e-33 4.58034e-33 4.68945e-33 4.58034e-33 4.68138e-33 4.57228e-33 
1e+08 4.85558e-33 4.74655e-33 4.85558e-33 4.74655e-33 4.84732e-33 4.73829e-33 
